1.731129954899731383e+05
1.573912706683620636e+05
1.507204185434663086e+05
1.439965999694373750e+05
1.504033155856056255e+05
1.482675530947217194e+05
1.571927303527519689e+05
1.533700275317198539e+05
1.484024138778291817e+05
1.551338222271848936e+05
1.444824174675802060e+05
1.550027445764561708e+05
1.471675486951403727e+05
1.559108940620959911e+05
1.334094335936742136e+05
1.435983012941085617e+05
1.421721779820939119e+05
1.513218788276918058e+05
1.436056315106696857e+05
1.400715799992189277e+05
1.516818426569486910e+05
1.727202313511832035e+05
1.467977537842251477e+05
1.463652625386460568e+05
1.345752374044593016e+05
1.508098972394850280e+05
1.169519422755692794e+05
1.608559126822870749e+05
1.499698126859240583e+05
1.500176595543018775e+05
1.436494135138956772e+05
1.459212907014107041e+05
1.487011685851798102e+05
1.407542943762106297e+05
1.498479424265739799e+05
1.499346425527711399e+05
1.502662410835784685e+05
1.711099844222539687e+05
1.005575539355441579e+05
1.499434563404837681e+05
1.496298665314238751e+05
1.532110642294523132e+05
1.501421510711070150e+05
1.495306382937388553e+05
1.510823025235777895e+05
1.481854489949643030e+05
1.829717317185142601e+05
1.508654655801249319e+05
1.399717634194803832e+05
1.542603912273986207e+05
1.648251258273243729e+05
1.402306781023966905e+05
1.452702243594638130e+05
1.501376175767875975e+05
1.739749577890835062e+05
1.498133607614281646e+05
1.467852457994583820e+05
1.996669292184368707e+06
1.196953167542139126e+05
1.505496507512093522e+05
2.000476908925398719e+06
1.508209059056212136e+05
1.436013765693431487e+05
2.003100987233884400e+06
1.506301571953706734e+05
1.512739585000216612e+05
1.493435277907011623e+05
1.728262202839103120e+05
1.601104142802096903e+05
1.507975906162859756e+05
1.500938982354102191e+05
1.488868925007054058e+05
1.506079744756164437e+05
1.531918860961741884e+05
1.524384863839899190e+05
1.551319410357982561e+05
1.496834868242702796e+05
1.554713891903634358e+05
1.510969084083911439e+05
1.249917313392364595e+05
1.496215261171918828e+05
1.500490122865976591e+05
1.484887943315038283e+05
1.434090185208252224e+05
1.599460819233641378e+05
1.409897796064555005e+05
1.508702066370452521e+05
1.557228997257527662e+05
1.498698305662383209e+05
1.533110780386830447e+05
1.500210959897681023e+05
1.457126617315013427e+05
1.553986508743209124e+05
1.266946123194157117e+05
1.496438652779738768e+05
1.504184850765845331e+05
1.515275561457631120e+05
1.497344478037285153e+05
1.497056699309444230e+05
1.563660749722974142e+05
1.508030290877526277e+05
1.276246341109772911e+05
1.465189395934235945e+05
1.498579078672337928e+05
1.528307529232871893e+05
1.493717599165217252e+05
1.523648063114331453e+05
1.514963881175152783e+05
1.511390114368390641e+05
1.500905754421800375e+05
1.502251953732485417e+05
1.809250253884821432e+05
1.498465522417198808e+05
1.348444801756845554e+05
1.495873000058961916e+05
1.369716037958416855e+05
1.452631018517740595e+05
1.385657328822636628e+05
1.524190494861806219e+05
1.500088416169945558e+05
1.502172710487593431e+05
1.551333500416865281e+05
1.384072318705974903e+05
1.497768319004987425e+05
1.492739294740825426e+05
1.377001679953802377e+05
1.424199699281739013e+05
1.505063405950002780e+05
1.301058957161899016e+05
1.506858127857336658e+05
1.448443785683630558e+05
1.508109135954792728e+05
1.444842379401667567e+05
1.890754615408513928e+05
1.175174314796934486e+05
1.597825400767754472e+05
1.544602130656377703e+05
1.472583099185521423e+05
1.476841133284230018e+05
1.458276427038369875e+05
1.586383729731184430e+05
1.337163117879406782e+05
1.504219961590034072e+05
1.226723082148893300e+05
1.473612227753820189e+05
1.496840657874866738e+05
2.003104968520073220e+06
1.482382715903305216e+05
1.811432616089918301e+05
1.495515942976190709e+05
1.538966012861177151e+05
1.492929981733829190e+05
2.002883488977112575e+06
1.483284717544917366e+05
1.496734418235482008e+05
1.512169482282604731e+05
1.497397696320784453e+05
1.228048193552096636e+05
1.488149723828723363e+05
1.573744495371106314e+05
1.619533716650991992e+05
1.500858530578141217e+05
1.502174678927970526e+05
1.209232564859117556e+05
1.556604299650475732e+05
1.506415069861880038e+05
1.651000426325837616e+05
1.458538201505385805e+05
1.456886701286517491e+05
1.523335472310418845e+05
1.464927978363494040e+05
1.492452460356026422e+05
1.508594808283267776e+05
1.500857661872727622e+05
1.455480563930948847e+05
1.488345758876535401e+05
1.537496404322081071e+05
1.489724391321027069e+05
1.568350616276322107e+05
1.484546232667801087e+05
1.491262174637868302e+05
1.464881950959363603e+05
1.471055081248229835e+05
1.510160823376701446e+05
1.558598989857536799e+05
1.537297376545044826e+05
1.546549607323545788e+05
1.503170118895962951e+05
1.592014055244367337e+05
1.557635297165844531e+05
1.494066102884462744e+05
1.522133120394535072e+05
1.332950151073002489e+05
1.500886561242841417e+05
1.386149621319824946e+05
1.497877184949705552e+05
1.496218265605107881e+05
1.499846340251798683e+05
1.496758287815017102e+05
1.560831887503812904e+05
1.510601835703552642e+05
1.500213642331998271e+05
1.498799449034696445e+05
1.506619726921173569e+05
1.500234889649036631e+05
1.248011442299789196e+05
1.496849826445564686e+05
1.504777942536929913e+05
1.494938382600724581e+05
1.508214390077594435e+05
1.500887840768299357e+05
1.501921660618787573e+05
1.498292568720660929e+05
1.500071028175255633e+05
1.466140822208365717e+05
1.496325772447041818e+05
1.489230978379203880e+05
1.504519439829033508e+05
1.493283829804216221e+05
1.497897444121289882e+05
1.498488365300170262e+05
1.506835038010720746e+05
1.506410154053539736e+05
1.650638391724484391e+05
1.541088856305023946e+05
1.510858663416847121e+05
1.391533193720150739e+05
1.495344509613740374e+05
1.502547111693143088e+05
1.485309811607571319e+05
1.388194636870672985e+05
1.493812939324255276e+05
1.567125237621265696e+05
1.509261325542303966e+05
1.216849693557260616e+05
1.505546666281459620e+05
1.504907126830414345e+05
1.505825917261028371e+05
1.515365138889936206e+05
1.994711666239479557e+06
1.496718986513024429e+05
1.479423465239376237e+05
1.518594339613927878e+05
1.494247043379845563e+05
1.565416443480082671e+05
1.298410037932025880e+05
1.772574525039685541e+05
1.523101050667325617e+05
1.271600895542744693e+05
1.498872969532585703e+05
1.613440435343083227e+05
1.502239176383627637e+05
1.475848000546219992e+05
1.508343823038787523e+05
1.413822211581279989e+05
1.503718946096487634e+05
1.502798416003870079e+05
1.490778361908368242e+05
1.628647169180395722e+05
1.501920706263410975e+05
1.500487324009618897e+05
1.828606857100296475e+05
1.572262277182772814e+05
1.800476695229217003e+05
1.427066382336849056e+05
1.494701054616661568e+05
1.532515041431655991e+05
1.520593591437309806e+05
1.512076901826191461e+05
1.507879447635505348e+05
2.319584629543576157e+05
1.484557899354100809e+05
1.503618055064353102e+05
1.287334439593807328e+05
1.505544536049788003e+05
1.504198058478140447e+05
1.498411940540737996e+05
1.522114425415404839e+05
1.506568689883805637e+05
1.488365676827816060e+05
1.488738045001414139e+05
1.503579101255916758e+05
1.604445777854571352e+05
1.482400108459633775e+05
1.756298246869713184e+05
1.496584677258708689e+05
1.514208702932001324e+05
1.514174514088965370e+05
1.498298978157828969e+05
2.038320152330275159e+05
1.571933389349791687e+05
1.822487867084187455e+05
1.478525651859141362e+05
1.495008987185397127e+05
1.442015390450410487e+05
1.516443098799385480e+05
1.516728657584880420e+05
1.473276708774904837e+05
1.492633860341811960e+05
1.503151251152314944e+05
1.316339652956884529e+05
1.504730950380066643e+05
1.400108389982141671e+05
1.500911382419653819e+05
1.717608898606762523e+05
1.155501447009024851e+05
1.503288340664163115e+05
1.640232779034388368e+05
1.308072281297073641e+05
1.450016157776369655e+05
1.424679882716252469e+05
1.978161472919971566e+05
1.489288315280930256e+05
1.505694506586745847e+05
1.512360943278390623e+05
1.350511361072631262e+05
1.503295004270584031e+05
1.090431579714783293e+05
1.486004309756399016e+05
1.501705446676372667e+05
1.470598928495104192e+05
1.532406233869874268e+05
1.258825352237506740e+05
1.331287731047917041e+05
1.504867380203324137e+05
1.566815540791116946e+05
1.461285909040223050e+05
1.624663883812518907e+05
1.505664016870249761e+05
1.498585916041135497e+05
1.412823021057624137e+05
1.500315758285038755e+05
1.499316275832489773e+05
1.489822766832323105e+05
1.516274749559248739e+05
1.432658052877227601e+05
1.837877115055242321e+05
1.410261551453975844e+05
1.454069698929420556e+05
1.521123952619929332e+05
7.801857982878909388e+04
1.495793732795079122e+05
1.499499892309083662e+05
1.509354283906529017e+05
1.478238343050700787e+05
2.518662309005102143e+05
8.902854627865627117e+04
1.624843164098325360e+05
1.391267281944157148e+05
1.609294815028607554e+05
1.481732286974034796e+05
1.538095682099518599e+05
1.454352871470483951e+05
1.266700097462064732e+05
1.316571750656642544e+05
1.686398070398823183e+05
1.845920909366003179e+05
1.555018304753745324e+05
1.752296610981164849e+05
1.084962136540813372e+05
1.846594513132719439e+05
1.820938066033368523e+05
1.485367451796546520e+05
1.452080255004262726e+05
1.540130275005818985e+05
1.158641233517406799e+05
1.348808353798074531e+05
1.497902509407120233e+05
1.667541118442045117e+05
1.396724569377479784e+05
1.483200177687330579e+05
1.496248006394845434e+05
1.570428799477628781e+05
1.517628871983913996e+05
1.499003000214003550e+05
1.551116762452535622e+05
1.497812735172765388e+05
1.482555756691416318e+05
1.749205925616524473e+05
1.501872474770538975e+05
1.484558522079295944e+05
1.497299241265690653e+05
1.671151423116863298e+05
1.509590983580809261e+05
1.471571016993598023e+05
1.267964146304602473e+05
1.540580241938663530e+05
1.533161878864769533e+05
1.502911917383343098e+05
1.497103934247007128e+05
1.458857697285672475e+05
1.842586999483162945e+05
1.520536612941190251e+05
1.484130492705334036e+05
1.492631274537786667e+05
1.501073098668351304e+05
1.488235111129721627e+05
1.638320991501909448e+05
1.535766024947880069e+05
1.567752754841641581e+05
1.751189545535914076e+05
1.474338244077725103e+05
1.482642979713173991e+05
1.370145762288479600e+05
1.855685635362664179e+05
1.484426948506171466e+05
1.407255439850684779e+05
1.507063007070924214e+05
1.547925145194299694e+05
1.509640698342455435e+05
1.502457715336513356e+05
1.496806190303135663e+05
1.742490647605921549e+05
1.781148358438493742e+05
1.407081079754226084e+05
1.643300656765063759e+05
1.521385602203980088e+05
1.821565940085515031e+05
1.094994439794886130e+05
1.214823161517038679e+05
1.507983264933472092e+05
1.524331120510203473e+05
2.196460516438032500e+05
1.919933730527382868e+05
1.559129566160591494e+05
1.428252971360164811e+05
2.197516269006990769e+05
1.944166943673021742e+05
1.304688828536041547e+05
1.135215690001373441e+05
1.427910172448118101e+05
1.462347625834604260e+05
1.152935341309601063e+05
1.578264363686438010e+05
1.704924105487320630e+05
1.557538234390107973e+05
1.387194433823641157e+05
1.460554935007358436e+05
1.490544491071496450e+05
1.454811927135911828e+05
1.470679500690978311e+05
1.501674474739993748e+05
1.560744075145928946e+05
1.848961621408078936e+05
1.735548990314069088e+05
1.487746077304919017e+05
1.510206255882543628e+05
1.797194263883829699e+05
1.464574438746504893e+05
8.081392092575518473e+04
1.973407376873381145e+05
1.495666123427245184e+05
1.513925825172298064e+05
1.382858645003225829e+05
1.588889775178258715e+05
1.466721387240173353e+05
1.501172747562857985e+05
6.179561939811986667e+04
1.502419767401505669e+05
1.485894399039757554e+05
1.654154596459668537e+05
1.424573641839758784e+05
1.432994168524663255e+05
1.546598868003852549e+05
1.484789025168680237e+05
1.419480811008704768e+05
1.432724875341579027e+05
1.644670133639105770e+05
1.494554988417259883e+05
1.494945702157541818e+05
1.524911822319676285e+05
1.483419166489427444e+05
1.329389036051240109e+05
1.629903629386939865e+05
1.488829047701581148e+05
1.493554102747989527e+05
1.649976901302863262e+05
1.482709906423538341e+05
1.467079678340704413e+05
1.589162686954331002e+05
1.486641050558252318e+05
1.511269370936217019e+05
1.503585785993112368e+05
1.479707276618917240e+05
1.608177921428761329e+05
1.548460260791865003e+05
1.447873770590382919e+05
1.502855987873845443e+05
1.466681453388165683e+05
1.498571548964949325e+05
1.586232095896817627e+05
1.503670753960850416e+05
1.503049662225755746e+05
1.473524370187329769e+05
1.444829828869660851e+05
1.504038072404019767e+05
1.580465312549619121e+05
1.500369066561095242e+05
1.545369082057706255e+05
1.501762615573836665e+05
1.486735342602296441e+05
1.496040983178851020e+05
1.493328099061202956e+05
1.499284911197944894e+05
1.494355467254162941e+05
1.493532078700711427e+05
1.506032762122365530e+05
1.600681155898555298e+05
1.485060334739751997e+05
1.440894052630938531e+05
1.501764765828513191e+05
1.503656619309195667e+05
1.499662235171160137e+05
1.500513340971268190e+05
1.498192508155687538e+05
1.500222467534466123e+05
1.503997792727104388e+05
1.499321576636456884e+05
1.487062975794554222e+05
1.543616881651799486e+05
1.599571863961263443e+05
1.500757195227538177e+05
1.507473933688396355e+05
1.468644224078761763e+05
1.518584715085188509e+05
1.996718238838713383e+06
1.510826668860936188e+05
1.488617189889692527e+05
1.578008242132651503e+05
1.572947529169634799e+05
1.456607275782078505e+05
1.402640745446512010e+05
1.498833629666493798e+05
1.514942015101927391e+05
1.494206881589006807e+05
1.562426397800704872e+05
1.443196150143048435e+05
1.624562497275817150e+05
1.463498943225196563e+05
1.500673929094774066e+05
1.500893893454519857e+05
1.496331965672769584e+05
1.469241246748001722e+05
1.541048654014542408e+05
1.422063941496099869e+05
1.477100510922165122e+05
1.451084442703942768e+05
1.457955358580501343e+05
1.544631946517313481e+05
1.367085676666666986e+05
1.425597642554569175e+05
1.481647867489510681e+05
1.492130373620886239e+05
1.527303422685938422e+05
1.472935422695577145e+05
1.489120755637057300e+05
1.475967665376203367e+05
1.492011403466156917e+05
1.367823148661557061e+05
1.541570652572596446e+05
1.469769796850571875e+05
1.505690440714576398e+05
1.942927387097022438e+05
1.472139431587353174e+05
1.493579885917992797e+05
1.511629446714625810e+05
1.384169765025624947e+05
1.503997989087178430e+05
1.516364347869199992e+05
1.543093600118970207e+05
1.499672597511882777e+05
1.535075246704317979e+05
1.549225294278561196e+05
1.464112763373400085e+05
1.531935779679733096e+05
1.454322734572675254e+05
1.530450398774408968e+05
1.495956214181850373e+05
1.540558876351637009e+05
1.495929271006142953e+05
1.526785436106703419e+05
1.403095438326248550e+05
1.495272636603953142e+05
1.563077876532491064e+05
1.535713117669045459e+05
1.518274356866492890e+05
1.340667244748537487e+05
1.487119348195787170e+05
1.468309749594883760e+05
1.520369449828601209e+05
1.638553216788776335e+05
1.352748362841097114e+05
1.606736682636067853e+05
1.568316941313192947e+05
1.489210661888376926e+05
1.460844087557394814e+05
1.488406674871019495e+05
1.415083489589875389e+05
1.574903660262475605e+05
1.523470753881785786e+05
1.631460657832886791e+05
1.511870995578535949e+05
1.509061236820775957e+05
1.520746766439445782e+05
1.500955889443289489e+05
1.517772559326789633e+05
1.997841817073193844e+06
2.002586986991103739e+06
1.449658578466674662e+05
1.469349085793209379e+05
1.496023378032815235e+05
1.478336488187139330e+05
1.617950399563991523e+05
1.528781619640170829e+05
1.491361080251043895e+05
1.495189274270104943e+05
1.513661195090893889e+05
1.489039078577817709e+05
1.435183079605437815e+05
1.505554407405949314e+05
1.506310518066356890e+05
1.493598820103827456e+05
1.503000955083236040e+05
1.489425467134508654e+05
1.529419451609371172e+05
1.423969538890239201e+05
1.497215560343097313e+05
1.502113195498732675e+05
1.417802719076026988e+05
1.409869943991875334e+05
1.509161454610408691e+05
1.499285847540910472e+05
1.506539461342518334e+05
1.495744155817727151e+05
1.516894360290401382e+05
1.498617825719901593e+05
1.472448547084671154e+05
1.462004983410370187e+05
1.518253207278079353e+05
1.499326595099321275e+05
1.635483591961340571e+05
1.492828061361938308e+05
1.505088698861189769e+05
1.482263295789120602e+05
1.511777197533056606e+05
1.506044721977554145e+05
1.500909779802653647e+05
1.493325729890054790e+05
1.509760461585175944e+05
1.510839198920634808e+05
1.500182018039535033e+05
1.476995410245750099e+05
1.486524992626284366e+05
1.511457371784130810e+05
1.525420180516736873e+05
1.474888456317804812e+05
1.500228854851438664e+05
1.505305469575439056e+05
1.497594148304798582e+05
1.500150018059350550e+05
1.504258601371364493e+05
1.496037470314231177e+05
1.501032449662453728e+05
1.473541422104439698e+05
1.502742960515228333e+05
1.506194792138379707e+05
1.395621281616142951e+05
1.453649983061806415e+05
1.500642207661654102e+05
1.514007051587636524e+05
1.511000125466710597e+05
1.457206735103034880e+05
1.527696108231982507e+05
1.502206253166973474e+05
1.499871630732509948e+05
1.489156062790234282e+05
1.492052714569138770e+05
1.490529746118695475e+05
1.504838413618649356e+05
1.507636376987570839e+05
1.380700205328999727e+05
1.488067917505178193e+05
1.497362469233426964e+05
1.470847249334886437e+05
1.493598633188770618e+05
1.499544780993491586e+05
1.490597304206247500e+05
1.493761073485265952e+05
1.493857555151879205e+05
1.480003970991529641e+05
1.500692084270882187e+05
1.513248294658952800e+05
1.532252967811931449e+05
1.518272745688759605e+05
1.472824099348282907e+05
1.530111973497045110e+05
1.585818245427668735e+05
1.502126153816352307e+05
1.495427215531459369e+05
1.502150513069288572e+05
1.503862547382507473e+05
1.611368970222077915e+05
1.503387320941865619e+05
1.496957969934529101e+05
1.496640780607964844e+05
1.482125098603183578e+05
1.455626147095017950e+05
1.539090455359827611e+05
1.452902232661434973e+05
1.541830979913676274e+05
1.729380567986772221e+05
1.714025017018329236e+05
1.508288103613692510e+05
1.491820898965348315e+05
1.367132136164500262e+05
1.518810827252891322e+05
1.503173901680301642e+05
1.143254172771085578e+05
1.833820194585963327e+05
1.454303297242127592e+05
1.498145487371676427e+05
1.498415432150017587e+05
1.705684607261476049e+05
1.507399318765465287e+05
1.547771219586876105e+05
1.388299818690145912e+05
1.305103566205069073e+05
1.477190859354018467e+05
1.505468675599196868e+05
1.415767769063289161e+05
1.505077470965058019e+05
1.503700060139146808e+05
1.470194952465175302e+05
1.499852510933674057e+05
1.512961380200007698e+05
1.538134241142574174e+05
1.669400953399894643e+05
1.506380134764032846e+05
1.557448691466076125e+05
1.554574404298506852e+05
1.582680936003700190e+05
1.475946611172535340e+05
1.701068438651744218e+05
1.335951762170034053e+05
1.610374845866981486e+05
1.371041523548778787e+05
1.496745751698556996e+05
1.479493561161138932e+05
1.343760554068414494e+05
1.547608139477359073e+05
1.498301923406841524e+05
1.498620367752045568e+05
1.501716396895734943e+05
1.494353995890190999e+05
1.481566493704863824e+05
1.490289803452996130e+05
1.489834631991097704e+05
1.510203798844449921e+05
1.476312549880187144e+05
1.505458312077319715e+05
1.488221799984865647e+05
1.461944050628926489e+05
1.471623401835012191e+05
1.666414323941188632e+05
1.519383615025142790e+05
1.523391912638303183e+05
1.490755703582919086e+05
1.393700108841453621e+05
1.533194004790947365e+05
1.413395126256930816e+05
1.554484325374261825e+05
1.620018531903745316e+05
1.479992204754524864e+05
1.498885371268439339e+05
1.603487217376169574e+05
1.615220278341110970e+05
1.527826317080764857e+05
2.003108431838033488e+06
1.511216151623884216e+05
1.573235216780828778e+05
1.519743277651063108e+05
1.502269830716241559e+05
1.501338708468034456e+05
1.507651478569417959e+05
1.525830135909828241e+05
1.499410064305499836e+05
1.404639957719038357e+05
1.504439755873751128e+05
1.459254799811959383e+05
1.507981324446232757e+05
1.496155978163948457e+05
1.416671607302949706e+05
1.549483384550499904e+05
1.539863130049386818e+05
1.503258860782886622e+05
1.497311360564297647e+05
1.524802906426968111e+05
1.523095797838946455e+05
1.761062446985539864e+05
1.517822560515340301e+05
1.491934447830139834e+05
1.450564114769475127e+05
1.514346833632453345e+05
1.614300438423392479e+05
1.615521356197651185e+05
1.534535233798539557e+05
1.488995609369406884e+05
1.530632078076302714e+05
1.489983152462167491e+05
1.541872415296778199e+05
1.391728657304361113e+05
1.371754028503439331e+05
1.509700565903536917e+05
1.494685879697212949e+05
1.432067089831145422e+05
1.485146380980503163e+05
1.479980171550076921e+05
1.536971190724635671e+05
1.415236888371877430e+05
1.536410732597514871e+05
1.506867321138243715e+05
1.478714525123129715e+05
1.501798150657850783e+05
1.495955828216564259e+05
1.515501625332447584e+05
1.498070177866305457e+05
1.508713070434649126e+05
1.636986046031343867e+05
1.476284289128728851e+05
1.920498117560050159e+05
1.671983071463055385e+05
1.499776533550345339e+05
1.141955705471371039e+05
1.335998729391316010e+05
1.592804231027570204e+05
1.508335218177304778e+05
1.204945211148326634e+05
1.994424695657334523e+06
1.501158298876214831e+05
1.417227051896546618e+05
1.502934431848197710e+05
1.770930537687734177e+05
1.465163876540260680e+05
1.486829231733114866e+05
1.468622612748990941e+05
1.503167249639402144e+05
1.728518370529522363e+05
1.500758574278720771e+05
1.500032965241388301e+05
1.491485863777043705e+05
1.595792308958899521e+05
1.410683757349186926e+05
1.506930588404595619e+05
1.884466854104095255e+05
1.401957192331579863e+05
1.518894290598927473e+05
1.451300136108288134e+05
1.513597800689956057e+05
1.351515159993829730e+05
1.714336073187848087e+05
1.749767246776985994e+05
1.157087117745300638e+05
1.420083833374638343e+05
1.590712339543059934e+05
1.277053066615936841e+05
1.647801166708452802e+05
1.551066764831651235e+05
1.226628327908082865e+05
1.402340253758441540e+05
1.578953528719247261e+05
1.999029506679231068e+06
1.588433709431664320e+05
1.568317384502465138e+05
1.566676637381057662e+05
1.458820631938945444e+05
1.323300059913021105e+05
1.500484020996701438e+05
1.550149313074145466e+05
1.525576532955275616e+05
1.484391741056242317e+05
1.513273796511024411e+05
1.655803502542482456e+05
1.484308819361286878e+05
1.440344589227135584e+05
1.506733937678548100e+05
1.127860718775929272e+05
1.274851457896412467e+05
1.499102519882728811e+05
1.514375135161218059e+05
1.264322122619701549e+05
1.475407991641671979e+05
1.503902258004536852e+05
1.478645325495769503e+05
1.541612981193464657e+05
1.956371937592083123e+05
1.501868758758675249e+05
1.560100195788328419e+05
1.510940791137973138e+05
1.489113082723987754e+05
1.501675112928109302e+05
1.319963851305420685e+05
1.463972856725776801e+05
1.501865194387327647e+05
1.624796275997517514e+05
1.493338081957580289e+05
1.488731234002703277e+05
1.517160501080910326e+05
1.356791498583530774e+05
1.510361951030438941e+05
1.607397774920927768e+05
1.469549913621116430e+05
1.318518238556194410e+05
1.383978187384424091e+05
1.453248632355672307e+05
1.552492612880808010e+05
1.503144991616293555e+05
1.529583302474855445e+05
1.524067132193573925e+05
1.595263722126522334e+05
1.378831339169859712e+05
1.583201713461531908e+05
1.485846096696380409e+05
1.495180878891401226e+05
1.498484422147162841e+05
1.555141721373281325e+05
1.592285018564099155e+05
1.425446183318346448e+05
1.445170870983915520e+05
1.489127695023561537e+05
1.515419352175780223e+05
1.500751651520859741e+05
1.503931257120419468e+05
1.514863043632584449e+05
1.493848631401783496e+05
1.495503688353519537e+05
1.538767763718394272e+05
1.508506049608829780e+05
1.500559841089535039e+05
1.505642619675712194e+05
1.497057513801877503e+05
1.493954588900569652e+05
1.526358022009302804e+05
1.501720407815189974e+05
1.681446968574528291e+05
1.549652210472559964e+05
1.503377317514561291e+05
1.482230465264837258e+05
1.595276083961692639e+05
1.333343512462330982e+05
1.491261961293994391e+05
1.463739344268755522e+05
1.504631793771844823e+05
1.280006039416244021e+05
1.519092130944583041e+05
1.493807005477228377e+05
1.445226171049216355e+05
1.551450356266468298e+05
1.446698022937366914e+05
1.449999731750223727e+05
1.520545955637637817e+05
1.505509502095007629e+05
1.475439634562603314e+05
1.520946907414208108e+05
1.546707224319554225e+05
1.566759257116799708e+05
1.630540104739009403e+05
1.513302865050123946e+05
1.680282415109057038e+05
1.569531226805327169e+05
1.485245883023503993e+05
1.553149917526484060e+05
1.851321988062314631e+05
1.503685979752874118e+05
1.434691502323533932e+05
1.401540116377166414e+05
1.446956740540658648e+05
1.568512148790053616e+05
1.395039283164964290e+05
1.615472964314017154e+05
1.470521213724706613e+05
1.528038579827908252e+05
1.545626102104003076e+05
1.498801870673572121e+05
1.251380380471998506e+05
1.477378394957745040e+05
1.494956706678479386e+05
1.321193520595383306e+05
1.717277437815240992e+05
1.618108256483235746e+05
1.432286696930023900e+05
1.541405473908862914e+05
1.428893553095703828e+05
1.407033599450835900e+05
1.153099383740931371e+05
1.529448045239888597e+05
1.397618158652702114e+05
1.548602046616828302e+05
1.521012772994564148e+05
1.524416208383383055e+05
1.490977099311363418e+05
1.499205341388657107e+05
1.545423828679477156e+05
1.346234108773451881e+05
1.391737103559081443e+05
1.562140090656990942e+05
1.506091527132430929e+05
1.636727991919229680e+05
1.525266984307999082e+05
1.510375498018279613e+05
1.530419429800630605e+05
1.594287296332247206e+05
1.287477603575344401e+05
1.560754920349457534e+05
1.199483769876969163e+05
1.504994106303872250e+05
1.501437590070434962e+05
1.494316333348702756e+05
1.421994520241241262e+05
1.323707716752325068e+05
1.494763179037632945e+05
1.601241607035004708e+05
1.497756501816583041e+05
1.513559568800597044e+05
1.549229659105932515e+05
1.417908599339145876e+05
1.505351706361541001e+05
1.464138330850542407e+05
1.678688484123410308e+05
2.197015513093981135e+05
1.618460564184761897e+05
1.476976116020630870e+05
1.250592862536692846e+05
5.235361887662254594e+04
1.830534438847308047e+05
1.276248625993854366e+05
1.498442937557248224e+05
1.274885329120806709e+05
1.504305249263168371e+05
1.511110591372246272e+05
1.651675291864057654e+05
1.427175416015825467e+05
1.522403478871144471e+05
1.617996147275873809e+05
1.536291096012433409e+05
1.779174369720661780e+05
1.502471155712035543e+05
1.540342612745224324e+05
2.700033785758483573e+05
1.554274121021750034e+05
1.626871216040873551e+05
1.481152430217577203e+05
1.501419589368880261e+05
1.505860703528306040e+05
1.532742106448844133e+05
1.500065538314965670e+05
1.496918921304113464e+05
1.499609386121053540e+05
1.499283401841744198e+05
1.453871267095159565e+05
1.493838243393516459e+05
1.467002335923284700e+05
1.485656830391281401e+05
1.484532531429002993e+05
1.431585465933188680e+05
1.489527223467813747e+05
1.629963597768697364e+05
1.713508055640979728e+05
1.500240335570358438e+05
1.484353451591403864e+05
1.554078114062855020e+05
1.524526377181775460e+05
1.574003727087560401e+05
1.452553260842870513e+05
1.775422837358275137e+05
1.489469664954576292e+05
1.479791530894248572e+05
1.819681799615869822e+05
1.501577159382496611e+05
1.504692334405010333e+05
1.522285912309831765e+05
1.495546264788676635e+05
1.492673768128153170e+05
1.500864915071623109e+05
1.498219994213700702e+05
1.476603199364929169e+05
1.505149531155464938e+05
1.527579962171392690e+05
1.505932638174616441e+05
1.262530079981915042e+05
1.498771287241312093e+05
1.493996042009093217e+05
2.000286344339421252e+06
1.537200369360395125e+05
1.513454434052333236e+05
1.493965509110460116e+05
1.517716047401671822e+05
1.498498185119183618e+05
1.478448410104414215e+05
1.509910465406842413e+05
1.493169331804819521e+05
1.496149187411839375e+05
1.511034215236210439e+05
1.454569697367705812e+05
1.580466264429112198e+05
1.463097775962931046e+05
1.512600390211485501e+05
1.502508294084617228e+05
1.145151128136511397e+05
1.614549257822489890e+05
1.426359622397821513e+05
1.434206060083815537e+05
1.473808305353390460e+05
1.440616016343782248e+05
1.553424006929210736e+05
1.561396635365124675e+05
1.501060215570920263e+05
1.496685818967702508e+05
1.430372622412054916e+05
1.562566725205323892e+05
1.434018352460855676e+05
1.534981042119105114e+05
1.545619860041163338e+05
1.544404280688959407e+05
1.589396636842066364e+05
1.340424779388032330e+05
1.495441832543882192e+05
1.468487845508721075e+05
1.717972694768827350e+05
1.502308716394192015e+05
1.492509380655058776e+05
1.383269099152695562e+05
1.497674895411896287e+05
1.494040625091904658e+05
1.503522353117891180e+05
1.536660290540891001e+05
1.329085254981656326e+05
1.397294105237537005e+05
1.524213760621390538e+05
1.454834863069297280e+05
1.461452101095740800e+05
1.857431875583875226e+05
1.486207350420519069e+05
1.494749363099399779e+05
1.484056224826989055e+05
1.221076094030508975e+05
1.095820450481161533e+05
1.938048944377946900e+05
1.428732842736644088e+05
1.467790565881238435e+05
1.244470623303984175e+05
1.460476749197134923e+05
1.504654034241947520e+05
1.451900288520558679e+05
1.520048615844825981e+05
1.785560124947879231e+05
1.502056541865054460e+05
1.496619173040480237e+05
1.477780729290104355e+05
1.964681141096335778e+05
1.486675147815243690e+05
1.402811197012699849e+05
1.480165074272574275e+05
1.545164397863834165e+05
1.479849267457390379e+05
1.506858055527695979e+05
1.531188601857504982e+05
1.481302827062479628e+05
1.536046016666172072e+05
1.467981355213022034e+05
1.487451457486961153e+05
1.496285544025280396e+05
1.477596751871846500e+05
1.487601187171769270e+05
1.511249667661064886e+05
1.542479796834219887e+05
1.423968131005187461e+05
1.496292178162791242e+05
1.509722682684596220e+05
1.406572708376840455e+05
1.676467660981687950e+05
1.427994644137138384e+05
1.536357291508138005e+05
1.500826463562583958e+05
1.493563590892412758e+05
1.510752359835029056e+05
1.469423980994358135e+05
1.497362468390776194e+05
1.459292704698610760e+05
1.505124891931506863e+05
1.529554826608846197e+05
1.459758365740954760e+05
1.503719631200049480e+05
1.494996476469919726e+05
1.482731564815303718e+05
1.505980740949074097e+05
1.390277037883645389e+05
1.479691168664490397e+05
1.505424863468527328e+05
1.630069729570089257e+05
1.697577671406315931e+05
1.496114272437915206e+05
1.514314945231120510e+05
1.494291152793626825e+05
1.505671089388038672e+05
1.908253282882027561e+05
1.541864167134950694e+05
1.477160864881744492e+05
1.395678672209382930e+05
1.501771956803915673e+05
1.578656660421390261e+05
1.486886892086314037e+05
1.761676730734261509e+05
1.413957873963552120e+05
1.458571978350220597e+05
1.437502289365127799e+05
1.451701726934831240e+05
1.514583653716988047e+05
1.490716991254901804e+05
1.511009191814312944e+05
1.491142112903126108e+05
1.471180713842436380e+05
1.660909281787399668e+05
1.434896430810102902e+05
1.817758744359183474e+05
1.538797473909359251e+05
1.551338902454951312e+05
1.544084862909941876e+05
1.501869655282114109e+05
1.462992460185287637e+05
1.429020304458013852e+05
1.497511196164390421e+05
1.496521799413954432e+05
1.418323347712170798e+05
1.514578349269194587e+05
1.494033131802242715e+05
1.501482349902092828e+05
1.509075907659492223e+05
1.501995836315347988e+05
1.511770220294764731e+05
1.491771409364005958e+05
1.535019736709599965e+05
1.415895689474201936e+05
1.418071898718847951e+05
1.460643424790911376e+05
1.540206008471924870e+05
1.490266456031551934e+05
1.501403979321297375e+05
1.502644472997870762e+05
1.498706414829008281e+05
1.523436968934624747e+05
1.546131804725548427e+05
1.516026469364879886e+05
1.515496986254531657e+05
1.516986155801339773e+05
1.382671301969531924e+05
1.495599371637652221e+05
1.496483005332817556e+05
1.432612183943747950e+05
1.497278050634962856e+05
1.492295516447978152e+05
1.520230707613652339e+05
1.303549261422047712e+05
1.495781820680446690e+05
1.499295019773198874e+05
1.506136462332498340e+05
1.481114909245428280e+05
1.492159659271475102e+05
1.500659190054961655e+05
1.852910027050483332e+05
1.518763056327438680e+05
1.802836826926638896e+05
1.517324483416136063e+05
1.378024620019436989e+05
1.489690139397859166e+05
1.486840959671694145e+05
1.456424855932750506e+05
1.485836546489112661e+05
1.508825555009213858e+05
1.651416244245720445e+05
1.531156204375600500e+05
1.394460281338299392e+05
1.501822166682332172e+05
1.594335194062219816e+05
1.449282222493118898e+05
1.496965098496481951e+05
1.500275157347431523e+05
1.543680194213132490e+05
1.501657018162517634e+05
1.492167652218007424e+05
1.498210508102742024e+05
1.396963987501352385e+05
1.542471001527761109e+05
1.495552096065111982e+05
1.456367640894102224e+05
1.474417417435886746e+05
1.475341238105493831e+05
1.499302627791050472e+05
1.460688361357649555e+05
1.711569297724719218e+05
1.491696202753408870e+05
1.512779220238745620e+05
1.605408096609938366e+05
1.510010906717551115e+05
1.496808375880426029e+05
1.491296163655747660e+05
1.510379872579989315e+05
1.652435330411725736e+05
1.162925318091731897e+05
1.673626250645674882e+05
1.471415679124222952e+05
1.480084419728729408e+05
1.521776397199451167e+05
1.560966240182735201e+05
1.202011843217650894e+05
1.560726746189200494e+05
1.484861451652417018e+05
1.465776636992516578e+05
1.423159963794918731e+05
1.582173992462318565e+05
1.477821839062371000e+05
1.491103532717416820e+05
1.469539410903200042e+05
1.595724670602359693e+05
1.644306404552492604e+05
1.504244713386594667e+05
1.514136323719311913e+05
1.427595617494353210e+05
1.543430907144367811e+05
1.493355774746410025e+05
1.514903154008176643e+05
1.505091107258457050e+05
1.514564802043435047e+05
1.501382978880307928e+05
1.481213546953253681e+05
1.483552467026617669e+05
1.497438551455732959e+05
1.496173334440105828e+05
1.472484309597040992e+05
1.385836435144119023e+05
1.491023383664939320e+05
1.489935797746282769e+05
1.490990363151088532e+05
1.544557786379262689e+05
1.500354182339092076e+05
1.493174012621485454e+05
1.500677320387857617e+05
1.503750718299931905e+05
1.470737466458592680e+05
1.556721741174503695e+05
1.521138521936537873e+05
1.570123005431294732e+05
1.469502393075874425e+05
1.509593774326513812e+05
1.493923526140195900e+05
1.480951656327317760e+05
1.509462743108567083e+05
1.473231787194917852e+05
1.485759964588175353e+05
1.490795416997020657e+05
1.471199210529390548e+05
1.764396509423044045e+05
1.502668798459619866e+05
1.503055608292552643e+05
1.567726207026944030e+05
1.499710078683378524e+05
1.511602413148683554e+05
1.502639121189324942e+05
1.473779039978491201e+05
1.503252864832935738e+05
1.497426787274618691e+05
1.495972847896006715e+05
1.507569528567685920e+05
1.451736384860056569e+05
1.503150778976741713e+05
1.500001716554490267e+05
1.607164176477437722e+05
1.498867480899746006e+05
1.497868022699332505e+05
1.499106481773337873e+05
1.444483143979077868e+05
1.504502333918876247e+05
1.501023993814059359e+05
1.501386989070686395e+05
1.554771773611108947e+05
1.498831948489676870e+05
1.499224232325853663e+05
1.511682845664576744e+05
1.497941411561725545e+05
1.502037703393587144e+05
1.504857822678871744e+05
1.496103135596702632e+05
1.501382087984089449e+05
1.191930979516135121e+05
1.518015746350801492e+05
1.368260484346768644e+05
1.489131092832034919e+05
1.447697394713666290e+05
1.421925654286852805e+05
1.448799388229245960e+05
1.523083178174709319e+05
1.519489906898999179e+05
1.605328686284591677e+05
1.496631842710549536e+05
1.472999998900342325e+05
1.482356962440907955e+05
1.551466067588915175e+05
1.493332606979015109e+05
1.385377245657298481e+05
1.553865672495320032e+05
1.416592961126921291e+05
1.476726387629415840e+05
1.296606501047720376e+05
1.513779759734723484e+05
1.527254048745807959e+05
1.531656795292910829e+05
1.260062667666667840e+05
1.505242814032747992e+05
1.502767136647034495e+05
1.455611123069245077e+05
1.501555161117670068e+05
1.478167152963353146e+05
1.485327451379451668e+05
1.504638070976222807e+05
1.555187148246241268e+05
1.546043256519868737e+05
1.756528810835015029e+05
1.422186145124623436e+05
1.445443496046981600e+05
1.487102102940045006e+05
1.498093628981987131e+05
1.473937062491283868e+05
1.511902659274751786e+05
1.589325854576968413e+05
1.474332175290100859e+05
1.498218905229363590e+05
1.500351614289686840e+05
1.507549290273414517e+05
1.505597230935200932e+05
1.497746970777456881e+05
1.556651914458593528e+05
1.487139928698672738e+05
1.501238455823187251e+05
1.499999420446166478e+05
1.500906144949502195e+05
1.499149467679742957e+05
1.431238789266056556e+05
1.488223977044831845e+05
1.493962451789661427e+05
1.528364689213446691e+05
1.461517950507303176e+05
1.493156428756657697e+05
1.503295402922594512e+05
1.447922931222387997e+05
1.496140757223995170e+05
1.471970102014323638e+05
1.489384366485741048e+05
1.472416871402274119e+05
1.529121738889654807e+05
1.470967103242397716e+05
1.503117448957012093e+05
1.512956125963324739e+05
1.504254351222334371e+05
1.500020038662728912e+05
1.461812066250412900e+05
1.540988690367172821e+05
1.473671141880112700e+05
1.501837879102778679e+05
1.505650097130421200e+05
1.477814230081077258e+05
1.509014478473765776e+05
1.536532986635321868e+05
1.502355899086181016e+05
1.402008337963216763e+05
1.508385670576741395e+05
1.473062853457735619e+05
1.509600539937540889e+05
1.604278954875388299e+05
1.602458505990872800e+05
1.546914500766339770e+05
1.510016885359519802e+05
1.405896872655840125e+05
1.330597087825775379e+05
1.576245937856014061e+05
1.566885200104388350e+05
1.442341401871070266e+05
1.518160144263723923e+05
1.526155051016421348e+05
1.529309192561296222e+05
1.591355925135033031e+05
1.344061032018278493e+05
1.462967376543163846e+05
1.394674135301010392e+05
1.464354865558716701e+05
1.384574435077558737e+05
1.572585658280242933e+05
1.489903187863296189e+05
1.556110178061936749e+05
1.431177075178301602e+05
1.484730714191104635e+05
1.509256924218602944e+05
1.624109234925569908e+05
1.522682549597038596e+05
1.486325690912228310e+05
1.483607872504986008e+05
1.510959173345536110e+05
1.601862682285339688e+05
1.515369453415825847e+05
1.760583961228145927e+05
1.469139515112914960e+05
1.495417816833480319e+05
1.524749215622619668e+05
1.531900183521073486e+05
1.282185523785616970e+05
1.511270894284196838e+05
1.490324680785851087e+05
1.481343492774846090e+05
1.506599218557638233e+05
1.469518042585274379e+05
1.478622238852003939e+05
1.469349028433000203e+05
1.518107043804906425e+05
1.494778088596226589e+05
1.518589122913509782e+05
1.568037858552935068e+05
1.376671746371799672e+05
1.084245179738150473e+05
1.483795999248711159e+05
1.529373956077908224e+05
1.475591857413910329e+05
1.558913664345598663e+05
1.515173658007479389e+05
1.441375517249566328e+05
1.574170770392295963e+05
1.354144367838340986e+05
1.405162241370854317e+05
1.664465012846880418e+05
1.489258799330644833e+05
1.430308182785782265e+05
1.422330600381435361e+05
1.359887615168177581e+05
1.558068939666259976e+05
1.611667496814839833e+05
1.518470015834900842e+05
1.501761997427932802e+05
1.486717873528274649e+05
1.497891084880244453e+05
1.493421124505542684e+05
1.499125352310723683e+05
1.542537909676270210e+05
1.482146619420596107e+05
1.504727424242529960e+05
1.507409139292793989e+05
1.496710171614877763e+05
1.586875606861122651e+05
1.498684316348682041e+05
1.514048945502805873e+05
1.422046664454213169e+05
1.483284445611940173e+05
1.516137141849435575e+05
1.515853505735053914e+05
1.447422931387567369e+05
1.498764087122425844e+05
1.508491901306231448e+05
1.591763383268385369e+05
1.503541177602575917e+05
1.519758777769458538e+05
1.496132263777052285e+05
1.497612913672918803e+05
1.511499367711899977e+05
1.493097595893659454e+05
1.498882572923001135e+05
1.494788891093455313e+05
1.502371792844424199e+05
1.499374177143864508e+05
1.487074959197559510e+05
1.496805410073951934e+05
1.819640929668806784e+05
1.468246750173819601e+05
1.518501569313496002e+05
1.572375193009611103e+05
1.583902384737698885e+05
1.486612161994275521e+05
1.534000410670207348e+05
1.497740846495556762e+05
1.319143503180005355e+05
1.500778123697818373e+05
1.497840623045894026e+05
1.481220974557116278e+05
1.515429461730573967e+05
1.548240364910878707e+05
1.158440132763993461e+05
1.496441324569788412e+05
1.514061652277379180e+05
1.534841216027793125e+05
1.607879429422098328e+05
1.375247840053541295e+05
1.516593835699868505e+05
1.479100347013444698e+05
1.503206330749067420e+05
1.498707540727781015e+05
1.502506744975724141e+05
1.290085336842881079e+05
1.502514180525484262e+05
1.520982702990909747e+05
1.550334701958221267e+05
1.505945300414370722e+05
1.676301745583432203e+05
1.499668627755977213e+05
1.501827072396847652e+05
1.500903481029966788e+05
1.503702842532282812e+05
1.652901371093034977e+05
1.509167653178365144e+05
1.379940606536385312e+05
1.474640375070525915e+05
1.498688677251343324e+05
1.389135887333449791e+05
1.502998444398813881e+05
1.547250349383494467e+05
1.488515154249049665e+05
1.379661299863479508e+05
1.502566759429388912e+05
1.481184034078255354e+05
1.491405341531380254e+05
1.458121819568870123e+05
1.501771957564633049e+05
1.507581966093885421e+05
1.508927130242752028e+05
1.495670152100987034e+05
1.501633144469980616e+05
1.507679419458052143e+05
1.569773402020162030e+05
1.548937317708513583e+05
1.488841900840609742e+05
1.563167444566741469e+05
1.503942974825620186e+05
1.477921260982931999e+05
1.451383896932278003e+05
1.506013119727016310e+05
1.516151134389856306e+05
1.489771134607013082e+05
1.499085029503629485e+05
1.500243187186651339e+05
1.503380916791082709e+05
1.506776212773545994e+05
1.497726794705012871e+05
1.554919501020055031e+05
1.549289269386281085e+05
1.480663490491117118e+05
1.558915466098979814e+05
1.550476746921857412e+05
1.439342074245264521e+05
1.508404669638032501e+05
1.760083872644316289e+05
1.508464072715199727e+05
1.562032620057036984e+05
1.498354205687322537e+05
1.466716254634200595e+05
1.469228910934311571e+05
1.631167009525078465e+05
1.603425373655629810e+05
1.524868209158855898e+05
1.494029137839498580e+05
1.569365628447292256e+05
9.013804906789607776e+04
1.495265109038829978e+05
1.510074492531791911e+05
1.502749908109085227e+05
1.558375260781263351e+05
1.463044038859303691e+05
2.286701612318149419e+05
1.487105031477037410e+05
1.513108981156703958e+05
1.488959400249311293e+05
1.408333350358146126e+05
1.520456182799596572e+05
1.521833940377109393e+05
8.149465565616828098e+04
1.500801641930029728e+05
1.650066773122736777e+05
1.474946145022707933e+05
1.493092321173899400e+05
1.502786702103698626e+05
1.386004145486937196e+05
1.533471593508712831e+05
1.474940818193707964e+05
1.491189207975858008e+05
1.436852647726766299e+05
1.492622929710362514e+05
1.588631859910801868e+05
1.547487048977395461e+05
1.500710878672598628e+05
1.927882219104334654e+05
1.513299345696981472e+05
1.496500682427247229e+05
1.495224495603678224e+05
1.492643154138419777e+05
1.497685687714825908e+05
1.501311620235479204e+05
1.500680435447114869e+05
1.497092471893657057e+05
1.494481080374919402e+05
1.501206832723868429e+05
1.495593414187741582e+05
1.516803351774944167e+05
2.000547110245329561e+06
1.496286985432181682e+05
1.496115213360172056e+05
2.014085978008117236e+05
1.503743369578181009e+05
1.478003201568845543e+05
1.504504952476706821e+05
1.524183956409242237e+05
1.504370673105188180e+05
1.551181354846744216e+05
1.611002534733670182e+05
1.706350144126558152e+05
1.496791255895778886e+05
1.503209322798175563e+05
1.489081245193564973e+05
1.500009966110854875e+05
1.495369107066974102e+05
1.513885281937067339e+05
1.529456657706545084e+05
1.464121573872442823e+05
1.486233395530814014e+05
1.526972828459785960e+05
1.452688016000593198e+05
1.502460427566698636e+05
1.997692885502439924e+06
1.497615205314304912e+05
1.341350296488212771e+05
1.571063045309554436e+05
1.549770534274231468e+05
1.258547650671917363e+05
1.623044878335670219e+05
1.273916074747882667e+05
1.563975277608106844e+05
1.537569783746673493e+05
1.496682950644274824e+05
1.498512006379994855e+05
1.503092937970968487e+05
1.491391400329379248e+05
1.507015259842167725e+05
1.488696144658450794e+05
1.493994119881206716e+05
1.492126541962021438e+05
1.533961447616259102e+05
1.397509370050897996e+05
1.466482578863007075e+05
1.439530407785389398e+05
1.515101963205468492e+05
1.490913733513259504e+05
1.519324821304774960e+05
1.501068532013223157e+05
1.494321150867649994e+05
1.493852214080081903e+05
1.453883040184725542e+05
1.432202851229000080e+05
1.500564182827051845e+05
1.508127651665117301e+05
1.486286338989789947e+05
1.504383899136868422e+05
1.493507245518067502e+05
1.487239968050826865e+05
1.468437289124171075e+05
1.397083135712868825e+05
1.503084842904256657e+05
1.498467958805017697e+05
1.516216742853457981e+05
1.499086238698827219e+05
1.481348765484900505e+05
1.175495687584763218e+05
1.334541818425356469e+05
1.449062872392646386e+05
1.336465769034873520e+05
1.377286031991006457e+05
1.708076453981543600e+05
1.483694951773728244e+05
1.396461821024460951e+05
1.494886391529164393e+05
1.452670129136061587e+05
1.534103399735314015e+05
1.471072612219674920e+05
1.538794084494309791e+05
1.511343834988564195e+05
1.502087252659605292e+05
1.652275062251517957e+05
1.617810764181552804e+05
1.453081299527650990e+05
1.555836900102445798e+05
1.487925377961226623e+05
1.489023318567359820e+05
1.481923644264480972e+05
1.525505268158547988e+05
1.517750013124529214e+05
1.475001645550759567e+05
1.609672359847287589e+05
1.448821473369487794e+05
1.479967316118793970e+05
1.475951326438189135e+05
1.527946418538778671e+05
1.503942106055037293e+05
1.514198096695371496e+05
1.503684168840799830e+05
1.533990518342031864e+05
1.482593012308705074e+05
1.456682838901374780e+05
1.260932792108652211e+05
1.468794808789062954e+05
1.392959473043119360e+05
1.649065013870891999e+05
1.484717146076041972e+05
1.510980715982720430e+05
1.490196091735153168e+05
1.513318377635866054e+05
1.531883497377825261e+05
1.510284163304019021e+05
1.504911893254522583e+05
1.548408216339760984e+05
1.501880046314154170e+05
2.001626563789047650e+05
1.612770480429956806e+05
1.500323245194978663e+05
9.802732129220286151e+04
1.408867787489551411e+05
1.588168927981857560e+05
1.541827556059853232e+05
1.511834789735008671e+05
1.345726613922034448e+05
1.491165750488226186e+05
1.510288860841698188e+05
1.494273930044322624e+05
1.529818319319324219e+05
1.487921732885799138e+05
1.530338855974965554e+05
1.482311247325846925e+05
1.648487663911227137e+05
1.501395250349334674e+05
1.499667257864709245e+05
1.436714186694524833e+05
1.662440614028463897e+05
1.673138807639094593e+05
1.534987585903017898e+05
1.569884457011693157e+05
1.517321914834717463e+05
1.220095693437302107e+05
1.146823962325569155e+05
1.687446712730431173e+05
1.499187511970265477e+05
1.503576964567141549e+05
1.495482693022613530e+05
1.531589637616167602e+05
1.511713735948310059e+05
1.500523719698718633e+05
1.494658476922635164e+05
1.506522598667136626e+05
1.179167259646353195e+05
1.163717511123558652e+05
1.233937074137209565e+05
1.307650716290013224e+05
1.904820048002680705e+05
1.253727044125973916e+05
1.459901322237428103e+05
1.506888272408280172e+05
1.604974550604258256e+05
1.165034395618276612e+05
1.501377167233973742e+05
1.487647666187461000e+05
1.503461837761364586e+05
1.033531831563958694e+05
1.494053660441023239e+05
1.426080344792706310e+05
1.526863455537015689e+05
1.601997689345262770e+05
1.528914182432767993e+05
1.461035005386993580e+05
1.500459709681716922e+05
1.543472317579564697e+05
1.570903691599932208e+05
1.407854688980990904e+05
1.509877371216664033e+05
1.525991276333346032e+05
1.562787047709000180e+05
1.501763808871354850e+05
1.502800344967331621e+05
1.576325746462893730e+05
1.479731461235962051e+05
1.444842869932152389e+05
1.519822102362268779e+05
1.509715380537234887e+05
1.489838813312428829e+05
1.453649391029752442e+05
1.464829436899828725e+05
1.506816949214405613e+05
1.477357888787322445e+05
1.486094053128083760e+05
1.481223723790997756e+05
1.438428804551932844e+05
1.446120746997640526e+05
1.587613345550232334e+05
9.218480533869103238e+04
1.479765918047740997e+05
1.556474694991566648e+05
1.505435026371890563e+05
1.497975485059515922e+05
1.437558349261022231e+05
1.476803869324586703e+05
1.443048298256031412e+05
1.516561374344141223e+05
1.583817323186755821e+05
1.572086688432098890e+05
1.967381432579410612e+05
1.506450789311016852e+05
9.211415035965670540e+04
1.265387412186293077e+05
1.476927559983060637e+05
1.535427559880187910e+05
1.506000349641831126e+05
1.509618671546514670e+05
1.506232199175252172e+05
1.558171509898256918e+05
1.497026033691304328e+05
1.497553660572281515e+05
1.290020258013870771e+05
1.501855994291828829e+05
1.158317168040122342e+05
1.459320904840824660e+05
1.543138991515552334e+05
1.656910447463126911e+05
1.551783438348754134e+05
1.300944131803527562e+05
1.479270703344210342e+05
1.529585071088410332e+05
1.543212889837432595e+05
1.546299959798279742e+05
1.426059740746666794e+05
1.503304465036736801e+05
1.510323596972027444e+05
1.460136240837134828e+05
1.611963698136120220e+05
1.471657598200621724e+05
1.479157863119695394e+05
1.514589723589955538e+05
1.450689372681590612e+05
1.683963293160601461e+05
1.533306748446009587e+05
1.499239274943457567e+05
1.647481732496744662e+05
1.592183092391573300e+05
1.001839670220677508e+05
1.784988450536444143e+05
2.427033831612918002e+05
1.291792010475628340e+05
1.463176105292137363e+05
1.510624088075460168e+05
1.500109903705202742e+05
1.531096064773518883e+05
1.304201100557267491e+05
1.452202726960016880e+05
1.494197245778404758e+05
1.490631791277074080e+05
1.520809429707102536e+05
1.510207546753034985e+05
1.510298942121281289e+05
1.909698821069532423e+05
1.668992111894970294e+05
1.497261879266895994e+05
1.251379047466189222e+05
1.510027208241423359e+05
1.365772380167052033e+05
1.504651946631867031e+05
1.509542536340010702e+05
1.491491089693774702e+05
1.616340998726214166e+05
1.526352953059772844e+05
1.504414790509386803e+05
1.937169201615639322e+05
1.499096892521693080e+05
1.388566050875631918e+05
1.122329815382479137e+05
1.518977722184465092e+05
1.504805810293018585e+05
2.169518188816839247e+05
1.599011190038809727e+05
1.564756067665268783e+05
1.483223848051437526e+05
1.504131883816450718e+05
1.426417063300537120e+05
1.500243689612723538e+05
1.481306423551592161e+05
1.436005115665530320e+05
1.601428838292451692e+05
1.523506568443777505e+05
1.463738289104914875e+05
1.493757700875827577e+05
1.514404731393147958e+05
1.436127169858530106e+05
1.676954028439493559e+05
1.375600334185517277e+05
1.594533368167110893e+05
1.474581830699648126e+05
3.478076790626702132e+05
1.613450927501552214e+05
1.365380810731930542e+05
1.506978661474555847e+05
1.527172558287657739e+05
1.516920646394620708e+05
8.453017637788149295e+04
1.571467279506387713e+05
5.343487489255726105e+05
1.342068276349830267e+05
1.455103932846434764e+05
1.548721975868538429e+05
1.509027001787706104e+05
1.526447877178994822e+05
1.496634113873632741e+05
1.512968590847144660e+05
1.670685247682027693e+05
1.496232208286133537e+05
1.470191279997044476e+05
1.495073519884953566e+05
1.449621462626399007e+05
1.382603329834549804e+05
1.518138995748663729e+05
1.402330471115207474e+05
1.533190138818096311e+05
1.578732109066291014e+05
1.547479304008907930e+05
1.551113927500190912e+05
1.480107324214695836e+05
1.508407800998642051e+05
1.501647397250959475e+05
1.551375476721860759e+05
1.516296909237231594e+05
1.451002888155922701e+05
1.465312001675522770e+05
1.440242729903355939e+05
1.500889842926922720e+05
1.589442325912332744e+05
1.629184633827850630e+05
1.494498745562326221e+05
1.476433655901357415e+05
1.498166718787371647e+05
1.453886663453481742e+05
1.366403009350082139e+05
1.508764439478228160e+05
1.574464868745490385e+05
1.633884461777100805e+05
1.474874235509263817e+05
1.517070422439657850e+05
1.543328323314939335e+05
1.488011949891208787e+05
1.457616086330677499e+05
1.422023440854260698e+05
1.510474966495577246e+05
1.539533698039481824e+05
1.580597389759390790e+05
1.362986549775547464e+05
1.483529211337876914e+05
1.422218528653273534e+05
1.522348375000829692e+05
1.501336203722468927e+05
1.240406016383378446e+05
7.852571488498027611e+04
1.428688478779690340e+05
1.481579423173737596e+05
1.533094950033456553e+05
1.413709746036302822e+05
1.356487546253321925e+05
1.424380715439507621e+05
1.562742414748363954e+05
1.434266088112152647e+05
1.463001605065617769e+05
1.354173121646793152e+05
1.552327575787413225e+05
1.477913626909072336e+05
1.528717936457124888e+05
1.716438874949737801e+05
1.547311515928273730e+05
1.590354004326592840e+05
2.062722820981502882e+05
1.691042957550348365e+05
1.178489672487109201e+05
1.352774876733824785e+05
1.364274847540603078e+05
1.574041112467084604e+05
1.733892515627481043e+05
1.473087147340172378e+05
1.485168829149385565e+05
1.515985707463752478e+05
1.495238725935839175e+05
1.484903005983846087e+05
1.663897127589069714e+05
1.477293373066680797e+05
1.648065969574469491e+05
1.497422338247553853e+05
1.689513988262802013e+05
1.510185352415346133e+05
1.522008306050607061e+05
1.348872244767495722e+05
1.511643214975696465e+05
1.532014208502690308e+05
1.299287800513354741e+05
2.114792414740759123e+05
1.383050013114241592e+05
1.459749300988616014e+05
1.526316446313732304e+05
1.464840776264901215e+05
1.513432095582158363e+05
1.529342591896441008e+05
1.509809319442739070e+05
1.491961084313578031e+05
1.522451771948470850e+05
2.899438529158773963e+04
1.973938545023750339e+05
1.509381607681645837e+05
1.486782273297494976e+05
1.495704593289974728e+05
1.509212247999891115e+05
1.499744416666954930e+05
1.619691291057716880e+05
1.673336965872174187e+05
1.192124151543224434e+05
1.313573061768840125e+05
1.498277392807572323e+05
1.488505098740038520e+05
1.476927871253621415e+05
1.524044744139003160e+05
1.525044725554096221e+05
1.584154122794568248e+05
1.531753876130463032e+05
1.458115629252341751e+05
4.918578035051246843e+04
1.529752295119549090e+05
1.502569517484348326e+05
1.608762032827054791e+05
1.579699290942782245e+05
1.531341224122095155e+05
1.337900549219668028e+05
1.561117789432276331e+05
1.554721459213678318e+05
1.355169250707561150e+05
1.583395888828435272e+05
1.463063462875746191e+05
1.427588327839984267e+05
1.620752768264479528e+05
1.523093300679792010e+05
1.574395010256314126e+05
1.509572573416333762e+05
1.431650491660984990e+05
1.411649904684912181e+05
1.882833257938281458e+05
1.678760165869329066e+05
1.513381534951381327e+05
1.533085987478900352e+05
1.624675066359491320e+05
1.493172058499733685e+05
1.492460508846239536e+05
1.574535712478026107e+05
1.536981042229319282e+05
1.605222667880800436e+05
1.497008961369276221e+05
1.711510969051253924e+05
