2.158141408869778970e+05
2.414847512835387315e+05
1.745844624473225558e+05
9.318881636421175790e+04
1.774217945926875982e+05
1.269493151413359010e+05
1.397803721356441965e+05
3.082177809451463982e+05
1.627278369340007193e+05
1.547193727704379999e+05
1.149004744295094133e+05
1.314796083827008260e+05
1.456032734821778431e+05
1.085883726042499911e+05
5.759907053816136613e+04
1.429101750704527949e+05
1.536789670204251597e+05
1.385820804642879521e+05
1.496777946845781698e+05
1.829208118192619295e+05
1.451036129759817850e+05
1.456080948746656941e+05
1.486383985287805554e+05
2.446783144242217531e+05
2.313370412110560574e+05
1.392242262089744036e+05
2.183750845469789347e+05
2.022500264049698890e+05
1.493159416300304001e+05
1.412804608578134794e+05
1.544295235872003541e+05
2.098445084994810459e+05
1.822282475246009999e+05
1.167578542440417077e+05
1.587795460075516603e+05
1.339973061127743276e+05
6.406483152919819258e+04
1.642047821905481687e+05
1.000000000000000000e+03
1.726476351918044093e+05
1.383991610457626521e+05
8.381212131853560277e+04
1.874533941472599108e+05
2.567281526592844748e+05
1.000000000000000000e+03
2.150049398460788943e+05
2.757668108993479400e+05
1.327208337775151886e+05
8.046113164421822148e+03
1.570656465228490124e+05
1.730013052370117221e+05
2.158511940077071195e+05
1.311095115909865126e+05
1.464030219811962452e+05
1.953844749018472503e+05
1.241738253717332555e+05
1.502368019761450414e+05
1.806576200037720846e+06
1.172805083441000606e+05
1.400322105822166195e+05
1.914899608531057602e+06
1.382791492361182463e+05
1.700900696190828166e+05
2.642393700322339777e+06
1.116027462675006973e+05
1.637387371330944297e+05
2.259857332685410511e+05
3.224025039233485222e+04
1.723329639071034326e+05
2.004723464594423131e+05
1.382976199112290924e+05
1.887800152969591727e+05
1.178847138167058147e+05
1.555933184396582947e+05
1.430133462909163209e+05
1.909718808926750207e+05
1.312073001572533685e+05
2.455621982293277397e+05
1.520659140732499654e+05
2.412249827246870263e+05
1.102850306322667020e+05
1.641270265410153952e+05
1.436331433354025066e+05
1.505644647620561591e+05
1.759079845812153362e+05
1.459133534103346174e+05
1.589970876367728342e+05
1.817410123317072284e+05
1.762431070189213497e+05
1.581332758851141843e+05
1.729418400393127231e+05
1.547616322937256773e+05
1.396561528893757786e+05
1.638895348354767484e+05
1.298944208718484151e+05
1.622412085925803694e+05
1.422023486639178300e+05
1.264285767535048508e+05
1.404959929317836068e+05
1.672377127015163715e+05
1.523338673329721205e+05
1.896633968485530058e+05
1.503103434994163981e+05
1.826578245869841194e+05
1.506183490727455937e+05
1.344436582900231879e+05
1.466894343967034656e+05
1.538768191155313689e+05
2.481671496557145729e+05
1.480140792101985135e+05
1.416717987322820700e+05
2.157984663222265372e+05
1.771759834039754351e+05
1.340111019793863525e+05
1.525109654319869005e+05
1.691527854665133054e+05
7.049153096910657769e+04
1.317530514677190513e+05
1.983866792979952006e+05
1.204832901367303421e+05
1.905173023324595415e+05
1.074285231011649157e+05
7.989346555328658724e+04
1.496893633361124957e+05
1.946447700893284928e+05
1.243017945750277140e+05
1.674337771846546966e+05
1.525395382007898588e+05
1.632225070777064539e+05
1.533081348387328908e+05
1.570745337829545024e+05
1.765542548190260131e+05
1.954357078463563230e+05
7.147011962171680352e+04
2.047077672364631435e+05
1.648540646519716829e+05
1.363966781120055821e+05
1.267587615911202884e+05
2.118679937439022178e+05
2.164684071614517889e+05
1.873329410238689161e+05
1.339018649574577576e+05
1.239746235399684956e+05
1.624834330526858394e+05
1.308393273151430039e+05
2.280009879635590187e+05
1.910529685299465666e+06
1.973058255689014040e+05
2.025835002328710980e+05
1.000000000000000000e+03
2.424404756285966141e+05
1.000000000000000000e+03
2.224645979190228507e+06
8.571442196155272541e+04
1.401410869719858747e+05
1.692207149481524539e+05
1.204815679579664720e+05
2.009832374150577525e+05
1.436127433958850452e+05
1.483760219495527272e+05
1.191477624012446176e+05
1.519956718681329803e+05
1.855776496440645715e+05
1.614997392777766217e+05
1.844842618393356970e+05
3.034751606484006625e+05
1.728549023050714750e+05
1.613504986420088971e+05
1.333435024347207509e+05
2.517144129830814491e+05
1.946590983916518162e+05
1.580355426272849436e+05
1.494778231379915669e+05
1.495501733951994684e+05
1.190049351166859851e+05
1.833153581958834548e+05
1.270367988007962849e+05
1.284663339197688620e+05
1.566484074342621607e+05
1.461758723704112635e+05
1.475937494292971096e+05
1.663466191888126777e+05
1.689915002711945563e+05
1.504666230805309315e+05
2.246462434640463616e+05
1.214846043277521967e+05
1.265426239832022984e+05
1.730692802424799884e+05
2.229942384851957031e+05
1.403239415991317946e+05
1.776832907324611442e+05
7.028228642129155924e+04
1.108027427142904780e+05
1.835977795693143853e+05
1.547392118375202117e+05
1.893834513727633166e+05
1.237230704146293865e+05
2.011614706429918006e+05
1.657963542421662132e+05
1.533205289072633313e+05
1.540849938925363822e+05
2.213819145899429277e+05
1.381606281574264867e+05
1.671129302544985258e+05
1.391870072877311904e+05
2.819473158716714825e+05
1.801895956739867106e+05
1.605273215646109311e+05
1.721401085600157385e+05
1.433300029465928674e+05
1.455866512770333211e+05
1.659209013823427958e+05
1.567217098202058114e+05
1.762879677107568132e+05
1.460654824209012149e+05
1.859444396182429336e+05
1.555807607381250418e+05
1.126017921508489962e+05
1.701967372584082477e+05
1.819359055041197280e+05
1.521082371738447691e+05
9.437343286339136830e+04
1.108772833214562852e+05
1.794860143563357706e+05
1.445560485643259599e+05
1.738204514518072829e+05
1.693181938167623593e+05
1.158984849128876522e+05
1.820524945434967522e+05
1.019373896270733821e+05
1.683658957776415627e+05
1.086375560988825891e+05
1.498127636285278422e+05
1.205631728014508408e+05
9.970282674529169162e+04
1.861132315514426155e+05
1.394021205116681231e+05
1.479438817191442067e+05
1.320421676783763978e+05
1.579409574001004454e+06
1.408811487667867914e+05
1.391476075786965084e+05
1.723824724044303584e+05
1.507082901412993087e+05
1.869675363237109850e+05
1.248172651220162807e+05
2.189948569971735706e+05
2.230926374799166806e+05
1.450115056742928573e+05
1.472289205613025988e+05
3.169114187562310253e+05
1.669136540869068704e+05
9.012832220992435759e+04
1.679688860514491098e+05
3.984978855827065418e+05
1.735357593717457785e+05
1.711338344882711826e+05
1.547035355327285070e+05
1.179705031260965188e+05
1.388345117100706557e+05
1.215109019860358385e+05
8.757626360022967856e+04
1.120636724671579723e+05
2.373528085097214498e+05
1.654372105984980299e+05
1.997503572409936169e+05
1.623136312981105002e+05
1.653475796636369778e+05
1.307425676384635590e+05
1.679135390621089900e+05
1.662542268983766844e+05
1.334415290774634341e+05
1.611751135063995316e+05
1.360285029505476414e+05
1.766889430594468431e+05
1.488736403666217520e+05
1.433308954495321959e+05
1.464580509616553609e+05
1.368750495438169746e+05
1.247031402714637079e+05
1.411600925881306466e+05
1.565744925687257200e+05
2.356175880170424352e+05
1.186549635708149290e+05
1.426326484018433257e+05
1.256000666249132628e+05
1.202223347504535050e+05
1.712944934387126123e+05
1.778765154667061579e+05
9.539306088838795404e+03
2.407653281879000715e+05
5.960371920067874016e+05
3.553131636023298488e+05
1.515986675809575536e+05
1.212613405942746613e+05
1.424041606390170637e+05
1.455705078375021985e+05
1.631501672115826223e+05
1.205517322692494490e+05
1.482422630021517980e+05
1.540853683950839331e+05
3.545805815069312230e+05
1.000000000000000000e+03
1.271434168612879876e+05
9.069580807472477318e+04
1.000000000000000000e+03
1.576688696539002412e+05
2.604198071284690814e+05
2.367782797769300305e+04
4.100845090992302285e+05
1.073949777936357277e+05
1.472115504514050263e+05
1.551714628413327737e+05
1.628007708147615776e+05
1.239128728859627736e+05
1.000000000000000000e+03
8.945198015207462595e+04
1.438190245890626393e+05
2.681405919586112723e+05
2.185907456279370235e+05
1.689073027779961121e+05
2.038377476567924896e+05
1.447699059461234137e+05
1.677238439461257949e+05
1.385955411304872541e+05
1.482952858062083833e+05
1.000000000000000000e+03
1.957276419955606398e+05
2.037676423338000895e+05
1.279064828759449447e+05
1.000000000000000000e+03
1.622033274573365634e+05
2.006694465280448785e+05
1.368074562097789312e+05
1.624016196498522768e+05
5.217663360041741980e+05
3.859084228080735775e+05
5.726154801900870370e+04
1.505447786084809632e+05
4.636355346122960327e+04
3.701440291164151276e+05
1.821701758741217491e+05
2.015904828708042915e+05
1.088930124033826141e+05
8.459545087882332155e+04
2.069255485049867420e+05
3.406382913998270524e+05
1.505703843707708875e+05
1.557219096638511692e+05
1.091432628286115068e+05
1.358372947344180429e+05
1.129010300374494254e+05
1.439600101664220565e+05
7.088775684958881175e+04
1.420102277652262710e+05
1.657670255001894839e+05
1.362759184881681285e+05
1.402339999444195128e+05
2.800626712600767496e+05
3.094474851875446038e+05
2.079225376263252983e+05
3.765879737044317881e+04
1.447157853068424738e+05
1.413015370186199725e+05
1.780318055803043535e+05
9.081490033389189921e+04
1.219583788932374591e+05
1.507044323098323657e+05
1.945006048819540301e+05
8.201294471799263556e+04
1.000000000000000000e+03
1.983741333955722221e+05
1.000000000000000000e+03
1.376043265845629503e+05
1.849167928521174763e+05
1.998118312978778558e+05
1.544552392756582994e+05
1.438222182175177441e+05
2.070942448180648789e+05
7.456328935715791886e+04
1.433174193898004596e+05
1.424803990135625645e+05
1.334904923519578879e+05
1.105664284764242911e+05
2.079109155179981026e+05
2.690347457576782326e+05
2.675523299723948585e+05
1.462249125567461888e+05
1.487144850635826879e+05
1.618279381624211383e+05
1.652366905226347444e+05
1.000000000000000000e+03
1.423145566863135609e+05
9.232268022773116536e+04
9.796865617405473313e+04
1.605290452285496576e+05
1.198451475663939491e+05
1.248944264494389208e+05
1.882701248237054970e+05
1.649358314579008147e+05
1.976552329875955475e+05
1.819280678711613291e+05
1.200898110517711611e+05
1.319675958891435002e+05
1.006644197109830420e+05
1.889599607041115232e+05
1.200313119137915201e+05
1.466042891622046591e+05
7.566247073316022579e+04
1.504247095926137699e+05
1.310153612213744054e+05
1.411243569077620050e+05
1.142580220759865479e+05
1.617689049064371793e+05
1.485437977771664446e+05
2.120749281359930173e+05
4.384397395931738720e+04
1.901949700086279481e+05
3.551296944284439815e+04
1.838338244730877050e+05
1.663808917504426208e+05
2.137788416374960216e+05
2.933579606363483472e+05
3.637525171801020624e+05
1.619600017942121485e+05
1.677785926307813497e+05
2.595372129733762704e+05
5.221913590201844636e+04
1.804604218628730450e+05
1.673704134293405514e+05
1.289517645391879050e+05
1.858898561607323936e+05
8.203303058396397682e+04
3.133404688733712537e+05
1.747078144086380780e+05
4.972020074932565331e+04
1.311656207563654461e+05
2.617751594394074928e+05
1.313403995361333073e+05
1.415806689481768990e+05
1.325834082946784911e+05
3.556196127507469500e+05
3.174575815938682645e+05
1.444146296134222939e+05
1.189681465350332001e+05
1.097153720712323702e+05
3.121964264252858120e+05
1.635316336921649927e+05
2.296951770379770314e+05
1.530939765097246564e+05
1.391082448307372106e+05
1.077647399944658682e+05
6.241505222956922080e+04
1.369810490587954118e+05
1.779668933089724742e+05
6.134916063325457071e+04
1.754521940555346955e+05
1.000000000000000000e+03
1.444397699746856233e+05
3.684655061289259465e+05
1.000000000000000000e+03
6.935869421215066686e+05
1.515761300136478094e+05
1.559781533621987910e+05
1.489407814454860054e+05
1.558177212411202781e+05
1.340950925490774098e+05
2.064435591608140676e+05
1.264022544989534654e+05
1.168961916110869788e+05
1.657134513262346736e+05
1.630634735587203177e+05
4.384178912797865632e+04
1.448345661646769731e+05
1.504532170440633781e+05
1.657291617579142330e+05
1.647335833485821495e+05
1.517992830838654481e+05
1.460218537141276465e+05
3.643358740105948527e+05
1.050226285971308534e+05
1.396306896365860302e+05
1.546151336127682880e+05
1.348148678290397511e+05
2.329394447702621401e+05
1.337302733338315156e+05
1.474366837446566205e+05
1.454650906344945543e+05
1.845912669789444481e+05
1.808706631110322778e+05
1.724849786116382456e+05
1.439760015311113384e+05
1.647142284874847974e+05
1.538574000054264616e+05
1.407723497988338349e+05
1.230932327739315369e+05
1.852269168468391581e+05
1.735664740658270603e+05
1.578158295947826700e+05
1.603799134732413513e+05
1.722433718248413352e+05
1.000000000000000000e+03
1.432784183149796154e+05
2.649569772251505638e+05
1.558230932443101483e+05
1.692723116587715049e+05
1.284093714490035491e+05
1.635173686646382557e+05
1.624883292443141981e+05
1.403605944203626132e+05
1.153696549137905677e+05
1.634090372711071977e+05
1.536479190164888278e+05
1.698273719536774734e+05
1.679415639571821084e+05
1.427039179339910916e+05
1.665407725633506489e+05
1.270239581500974018e+05
1.547074589992137626e+05
1.508850141758894315e+05
1.517434503464782611e+05
1.535024083621592436e+05
1.232484701795636647e+05
1.324256981827093114e+05
1.567414484353909793e+05
1.984564894056332298e+06
1.139791269638363301e+05
1.200913494362613274e+05
1.640306790950265713e+05
1.000000000000000000e+03
1.286707120155020821e+05
1.874554306264639017e+05
7.630898262587073259e+04
1.666784386465745629e+05
1.844183223417914414e+05
1.441808590049285558e+05
1.832543217494230194e+05
2.118689303871245065e+05
1.547683962554886239e+05
1.367072571042465861e+05
1.453803085917597637e+05
1.883245175189303700e+05
1.464253700352420274e+05
1.553181190498823707e+05
1.144569010080648295e+05
1.588168388123324839e+05
1.652381669021109701e+05
1.228271000848720578e+05
1.502427030504712311e+05
1.047726497589589708e+05
1.351714621791230456e+05
1.482686975321795617e+05
1.462093694879596587e+05
1.570187745502340258e+05
1.489064221415109059e+05
1.465765789309440588e+05
1.540228524509283307e+05
1.503361790349626972e+05
1.339835418862251099e+05
1.127761562391304178e+05
1.613786527084739355e+05
1.195139202887770662e+05
1.519092930714607064e+05
1.403889231192884035e+05
1.562824581624221755e+05
1.418404453828386904e+05
1.686732280221279361e+05
1.349638993243178993e+05
1.614618338353198778e+05
1.162138202851495298e+05
1.519979389578929695e+05
1.623211950972427439e+05
1.789943261310655507e+05
1.371088887359630316e+05
1.499697042337400489e+05
1.431076510140358296e+05
1.550828841952852963e+05
1.232161958701209805e+05
1.337855753030013002e+05
1.630923489566718345e+05
1.469435844409877900e+05
1.570353979077119438e+05
1.229986566668016749e+05
1.511880450690490543e+05
1.594312365271501476e+05
1.595350675062584633e+05
1.763967180430454318e+05
1.116021549236339488e+05
1.518216858906655689e+05
1.654755275367961440e+05
1.389844124864626792e+05
1.725104113618772244e+05
1.905807139602894313e+05
1.578128507285084634e+05
1.430870569220562174e+05
1.489933625620209204e+05
1.971462920305491716e+05
1.317802156962566369e+05
1.628995151022101054e+05
1.293723617127656471e+05
1.609399252829347097e+05
1.752660176834429149e+05
1.628096209977190010e+05
9.655822890193149215e+04
1.478834060549475835e+05
2.532256537873529305e+05
1.720946206773190526e+06
1.691464320965671213e+06
2.663236816669554682e+05
9.829725701252445288e+04
1.065981025031885802e+05
1.247023838736893958e+05
1.518221952947640966e+05
1.191463015990852437e+05
1.283836070300358988e+05
1.673315402507777326e+05
2.066389794505786849e+05
1.151235183163352049e+05
1.427422823798560421e+05
1.062221528111307271e+05
1.649397739716036886e+05
1.304881591081003135e+05
8.259051219369693717e+04
1.288694917277743079e+05
1.767812951266717573e+05
7.893088983561756322e+04
1.568317614481754717e+05
1.612481075342901167e+05
1.065937520072097541e+05
1.506075472452189133e+05
1.475680223303474777e+05
1.784303220619818312e+05
1.436085728830888693e+05
1.610489681060609291e+05
1.525447660553515598e+05
1.600071071634120599e+05
1.754588496779666457e+05
1.912336246539159329e+05
1.641495593668320798e+05
1.160616832081717002e+05
1.263508611630161322e+05
3.767461738316686824e+05
1.539812699452291999e+05
1.569635996878617152e+05
1.466914178789088328e+05
1.434020096861133061e+05
1.932341729354967247e+05
1.415038811728272412e+05
1.455164025703709631e+05
1.847065987394345866e+05
1.626241785042625561e+05
1.103094211056720669e+05
1.234288180711781170e+05
1.740633414926643018e+05
1.693560679803970561e+05
1.672640138560016640e+05
1.618448983376684773e+05
1.567759506636747683e+05
1.731961299012329837e+05
1.516641828577556007e+05
1.267253905870516173e+05
1.056310066258778534e+05
1.370479904941893183e+05
1.322909256238801172e+05
1.737772502058113168e+05
1.254244296489646367e+05
1.465861878101142065e+05
1.391164328947504109e+05
1.295009771868845710e+05
1.589343951437197102e+05
1.684677328025038296e+05
1.832688929240490252e+05
1.518585377036501595e+05
1.469587075603242847e+05
1.439420593347324757e+05
1.541770553002959641e+05
1.486660266909776547e+05
1.220644957051364181e+05
1.669516091274151404e+05
1.487115716638743761e+05
9.836276581904072373e+04
1.621289646840830392e+05
1.510658413980375044e+05
1.671879548009096761e+05
1.454630406864659453e+05
1.960240222296905413e+05
1.499691963612898835e+05
1.210373526980259921e+05
1.507002970794600551e+05
1.441956837367144472e+05
1.565541225056216936e+05
1.458003017254979932e+05
1.405863257492166886e+05
1.352255724102671666e+05
1.893449057649371098e+05
1.511970230727256567e+05
2.067681198417096166e+05
1.149776951249927952e+05
1.904044906061522197e+05
1.476538126916084730e+05
1.628947671674492012e+05
1.837273912146090588e+05
1.644111666916984832e+05
1.879531619848255941e+05
1.476224295560259779e+05
1.912639704457915504e+05
1.220551873512854072e+05
1.000000000000000000e+03
1.526480171308606805e+05
1.373461094390933868e+05
1.740464126040438132e+05
1.726942022093213163e+05
1.214657208402552351e+05
1.818440641290278872e+05
1.000000000000000000e+03
1.496459329847525223e+05
1.193200146053167118e+05
1.161794926314289623e+05
1.391868597822662850e+05
1.026411533380882029e+05
1.446901199798066518e+05
1.692750261733730149e+05
1.610031252548789198e+05
1.398825403133751533e+05
1.387323063657196471e+05
1.262277057473244495e+05
1.407538625492027204e+05
1.560585450955894485e+05
1.624999240018489945e+05
1.141427683838002558e+05
1.181978488539857644e+05
1.596303275825021847e+05
1.332023303873325349e+05
1.587429004925921909e+05
1.384930712005974492e+05
1.490175513071777823e+05
1.727549777416915749e+05
1.285777396056416765e+05
1.551526368781232159e+05
2.396899244923085207e+05
1.887407519509695121e+05
1.856647489339245367e+05
1.948098490838310972e+05
1.495407020332950051e+05
1.892009135882207484e+05
1.669692477002333326e+05
1.144819761532927223e+05
1.483640309749019216e+05
1.563808901775435079e+05
1.561957863080047828e+05
1.552536795254164317e+05
1.714962129894575337e+05
1.561715467250449874e+05
1.459899268399549765e+05
1.297910745357710257e+05
1.778675058627233957e+05
1.177993362875927414e+05
1.607468070752333733e+05
1.308067565996559424e+05
1.645656779968732735e+05
1.468321739676147117e+05
1.372140389544082573e+05
1.511821968976864882e+05
1.456281435367472004e+05
1.340200645209306094e+05
1.766376823697426007e+05
1.583924491722137609e+05
1.753210407982749748e+05
1.707452099141320214e+05
1.645707111556906602e+05
9.857270654651334917e+04
1.639815663328615192e+05
1.339724909118887153e+05
1.477721267745069053e+05
1.950804644842403941e+05
1.398953545976954920e+05
1.302161769736213027e+05
2.033406435830182163e+06
1.561710903807719878e+05
1.390968090074664215e+05
1.418994602737636596e+05
1.532023608945922460e+05
1.657036702902098186e+05
2.422497211758747871e+05
1.716169987349828007e+05
1.394415780914873467e+05
1.938586976117211161e+05
1.464530259408801503e+05
1.328505844187779585e+05
1.231170820869696909e+05
1.398618227723134332e+05
1.041453360255070438e+05
1.480408265752421576e+05
2.306113048967972572e+05
1.453098809214334760e+05
1.436986177293348592e+05
2.090409145606927050e+05
1.439524500945821346e+05
1.641800632924756210e+05
1.812207777849136619e+05
1.286165833777992520e+05
1.662655817553241795e+05
1.434448568693847337e+05
1.566607126197922917e+05
1.716330345048738236e+05
1.599107068083201011e+05
1.450259612056368496e+05
1.300795799498501874e+05
1.426779611787569884e+05
1.810187324394603493e+05
1.301151655585434492e+05
1.262406588753917313e+05
1.401470648978458776e+05
1.245640180307963165e+05
1.307257794529507373e+05
1.570778324090582028e+05
1.766747128515299119e+05
1.732539573869563465e+05
1.486773489371263422e+05
1.531031561841297371e+05
1.532328678726413345e+05
1.473645589301347791e+05
1.476576701609131705e+05
1.472627132237705227e+05
1.403676197399341618e+05
1.294658972385331290e+05
1.403545165936260018e+05
1.972214308428357472e+05
5.277103795848383015e+04
2.106501066837580875e+05
1.021278212326550420e+05
1.491564493729766982e+05
5.852203381870067096e+04
6.017406476176666911e+04
2.080241214677361131e+05
7.978435951362768537e+04
3.952016348051489913e+05
2.086170319711963180e+06
1.559838316238976840e+05
1.376861595697362500e+05
1.182285863558167039e+05
6.121588953029488912e+05
1.876558228835952759e+05
2.668867411346734734e+05
1.239883278916674317e+05
8.608375144506270590e+04
1.874432613384336291e+05
1.280688611150243669e+05
1.494035996005563065e+05
2.014774870472575421e+05
2.202588920411206200e+05
2.677223306449059746e+05
1.764202349376399361e+05
2.426688375493677740e+05
1.153879225382017466e+05
1.000000000000000000e+03
1.300345481758673704e+05
1.639817276939821604e+05
1.836462909190119244e+05
2.798059142407807522e+05
1.542112252443718025e+05
1.756861766040839138e+05
1.157258981978222728e+05
1.559294892772609019e+05
1.282345401543022017e+05
5.558365059068556729e+04
1.802061992233965429e+05
1.627347167602554255e+05
3.841558202152082813e+05
3.146133481775726541e+05
1.875862509828916751e+06
1.000000000000000000e+03
1.016922062272102776e+05
4.018622860016124905e+05
8.145547249506818480e+04
1.970963601997130027e+05
1.005252405058192962e+05
1.523375669348265801e+05
1.808808025720596779e+05
2.229053266576003807e+05
1.683258416029640357e+05
2.532776509061934776e+05
1.068563178877620958e+05
1.624552600303958461e+05
2.626298839598445920e+05
1.000000000000000000e+03
1.500899510962535860e+05
1.651921957953175588e+05
2.296776634330663946e+05
1.338015018852705834e+05
1.777451118761421531e+05
1.824911175700802414e+05
1.203103265396334464e+05
2.315353729941064084e+05
1.393533922848137154e+05
1.650308315720610844e+05
1.410612660185467103e+05
1.326879635434713273e+05
1.276642142404182814e+05
1.692625139849997358e+05
9.129125198641807947e+04
1.294455079548518988e+05
1.162301412192566495e+05
1.354131081521931337e+05
1.189173265032845084e+05
1.239390559971987386e+05
1.340911687060082331e+05
1.147496973614925810e+05
1.664397929224936233e+05
1.750021527985981083e+05
1.356436866223693069e+05
1.323406351098435116e+05
1.284755335958407522e+05
1.644963207365393173e+05
1.447036316191326478e+05
1.510533125790226914e+05
1.426268129984951811e+05
2.800400752309056697e+05
2.229181038268256234e+05
1.690949157494941319e+05
3.651502761779477587e+05
1.700386224025292031e+05
1.463013159493283310e+05
1.496918387436728517e+05
1.414308568761409842e+05
1.325204462513631734e+05
1.759336130296200863e+05
3.090597938129501999e+05
3.721009882299546152e+05
2.072685037227038702e+05
1.247947154939748143e+05
1.312830326670337818e+05
2.433803651540975843e+05
8.280278752838990476e+04
1.317257156785994011e+05
1.055889678287851129e+05
1.658348875784314587e+05
1.845147121736619738e+05
1.882582703909437696e+05
2.575080150925416383e+05
1.141324287874120055e+05
1.695510935989159043e+05
1.291842990465867188e+05
1.325425338013422443e+05
1.347171215586719336e+05
1.522186284496029257e+05
2.132298013375771989e+05
1.496586795843591099e+05
7.381407023014531296e+04
1.535829376896645408e+05
1.581429389379299537e+05
1.464614339800631860e+05
2.262535374233936600e+05
1.723152244207398908e+05
1.830585207077056984e+05
1.646393216977661650e+05
1.832472032665290171e+05
1.121287357232701179e+05
6.062593723153544124e+04
9.119889129087034962e+04
1.597723591575927567e+05
1.489095154761187441e+05
2.935428396766708465e+05
1.157131863071373809e+05
1.584815007259857957e+05
1.203784128925741243e+05
1.085780291951497347e+05
1.147669844518186728e+05
3.039933586428716080e+05
1.719555151622552366e+05
1.719435794634018675e+05
2.342215646687392145e+05
1.000000000000000000e+03
6.649765815168389236e+04
1.434068749284304795e+05
1.000000000000000000e+03
1.404755723201756773e+05
1.820423454751727695e+05
1.116063263296622608e+05
1.861880833738584188e+05
2.348157433539825433e+05
1.214933677446947258e+05
1.923846951586448995e+05
1.425184296197793738e+05
1.462358685996144195e+05
1.357712269080882834e+05
1.851839281736861449e+05
2.458207657178344962e+05
1.349544029454308911e+05
1.745289043842475221e+05
1.271016385570377461e+05
1.457828681148868345e+05
1.972474940873658925e+05
2.215101127122634498e+05
1.477676660849100444e+05
1.647259064488751756e+05
1.420423701684586995e+05
1.181885442940952635e+05
1.869714198027053208e+05
1.414699390702834353e+05
1.275691391373378428e+05
1.438928203248519567e+05
1.339566401225328154e+05
2.279038322658381367e+05
1.372240374178997881e+05
1.427899029175447649e+05
1.459521943357312120e+05
1.870768095575217740e+05
1.101609779941803572e+05
1.753939528121907497e+05
9.649750757562502986e+04
1.067464931089282327e+05
1.334070818651208829e+05
3.175025608354428550e+05
1.504135402502133802e+05
1.483565316279127437e+05
1.327891090027167811e+05
1.268192244766444637e+05
1.809671187712756509e+05
1.958946311297483626e+05
1.341824863053859444e+05
2.346145218974407471e+05
1.261797189396869944e+05
1.764543003905124788e+05
7.526945586284408637e+04
1.991645895218738588e+05
2.270671532282858388e+05
1.837600985246869386e+05
1.928362953996874858e+05
1.936086067514232127e+05
1.506805457455427386e+05
2.455846960928279150e+05
1.978136498142231139e+05
1.000000000000000000e+03
1.790046088639978261e+05
1.518469527162022714e+05
1.978753177242452803e+05
1.282378175733487296e+05
1.006207732236104493e+05
1.532523316111783206e+05
1.442566342050441017e+05
1.405200117131206789e+05
3.707738173070749617e+05
2.165052970520963427e+05
1.000000000000000000e+03
1.546443749242016929e+05
1.476043316461697978e+05
7.036456527934114274e+04
1.721903268188888323e+05
1.955084933197604842e+05
1.578719132412855106e+05
1.285215528014888114e+05
1.194859729209016223e+05
1.554591683310131775e+05
1.348207084207079315e+05
1.442823564431417617e+05
1.445979105136299913e+05
1.568191738607364532e+05
1.183663023572550446e+05
2.203499904361263907e+05
1.585948697333149030e+05
1.786813596989391372e+05
1.189951510009554622e+05
1.703601797140961571e+05
1.208836198374802771e+05
1.468833763369207736e+05
1.737459013857469254e+05
1.110096354758766538e+05
1.234860485034479498e+05
1.612857226185264590e+05
1.541978084976676328e+05
1.368931149057345174e+05
1.572237146576020459e+05
1.656602521335174970e+05
9.583661215389847348e+04
5.145834876244061743e+05
1.861405785109817225e+05
2.013325675586723082e+05
2.094477388174596708e+05
1.013645821051510138e+05
1.345583879612606252e+05
1.774270353892672283e+05
1.213340849438971200e+05
1.460630658799077501e+05
8.523801901914530026e+04
1.632097858877088875e+05
1.696557173377036816e+05
1.502505352243288944e+05
1.809752286594276666e+05
1.489697369070475688e+05
1.755941283275778696e+05
1.966076369496153668e+06
1.485108013819037587e+05
1.220118798315632303e+05
1.846739082018944027e+05
1.472581825672860432e+05
1.524349411084205203e+05
1.016367039362306678e+05
1.788037097951683099e+05
1.455109169635915314e+05
1.931915775381308631e+05
1.573740246754057589e+05
1.638591006276114495e+05
1.307692310898043652e+05
1.451291768923859927e+05
1.490360570422149030e+05
1.528980636192520324e+05
2.612137813476894225e+05
9.160771360770238971e+04
2.334088650466185354e+05
1.718788715829286666e+05
1.580305681144242990e+05
1.656406140917087032e+05
1.926475124279134034e+05
1.081605875219746231e+05
1.659875431678085297e+05
1.494262096629393636e+05
1.743183662350307568e+05
1.546433499623220123e+05
1.856899544756299001e+05
7.703830710417362570e+04
1.981434918822118780e+05
1.452185999960970075e+05
1.226644251056078210e+05
1.204813352910537360e+05
1.652463920067240542e+05
1.249542790131892543e+05
1.471184686695833225e+05
1.379403921280015202e+05
1.379704030003591906e+05
1.780008834912752500e+05
1.409324012239698495e+05
1.183860244745245436e+05
1.397452972888830409e+05
1.186689946595035435e+05
1.000000000000000000e+03
1.171941672729729180e+05
1.676187432115578849e+05
8.932895804782176856e+04
1.255535100143230520e+05
2.463398503921499068e+05
1.574116803129302862e+05
1.367064401645178441e+05
8.169520714382371807e+04
2.361617265863635403e+05
1.000000000000000000e+03
1.817762936932179437e+05
1.722530834762181039e+05
1.938557333952372428e+05
2.451139123914328520e+05
2.027447259163344570e+05
1.403329656743716914e+05
1.151069969688035490e+05
1.683415945824608498e+05
1.928256858889208233e+05
1.483495352594818105e+05
1.798113112745674152e+05
1.708720555763108423e+05
1.068728753512758267e+05
1.594804961867392703e+05
1.832519825354782224e+05
1.500516439459612884e+05
2.134864513072531554e+05
1.346427000546526106e+05
1.599307547506178962e+05
1.550155330290094716e+05
1.525405376973167877e+05
1.445802402718279627e+05
1.497865999486428336e+05
1.090027421026460506e+05
2.111746423221887089e+05
1.520738926309032540e+05
1.592453214252601028e+05
1.194874693670475826e+05
1.929231417579142726e+05
1.000000000000000000e+03
8.873689901019998069e+04
1.109673721918016090e+05
1.746147156003398704e+05
1.231984612392248673e+05
1.777516741965195688e+05
1.269786262302325340e+05
1.492015841281524627e+05
1.442535956819097046e+05
1.000000000000000000e+03
2.349627063490246364e+05
1.286278651877427037e+05
1.538822574670950999e+05
1.640899385846226651e+05
1.384220036302423687e+05
1.629123228157855920e+05
1.426282104633419658e+05
1.277617058910201886e+05
1.752758910519964411e+05
1.680714828693358286e+05
1.411167583057730808e+05
1.393525310177867650e+05
1.526303248537167674e+05
1.432420418478004576e+05
1.356236243416845391e+05
1.217001611042335862e+05
1.451409834991942917e+05
1.477965697246766649e+05
1.550553997676961008e+05
1.998238664259454526e+05
1.512722074826149619e+05
1.574821002456123533e+05
1.643922032905922097e+05
1.703689132552025549e+05
1.309335743970808981e+05
1.503758084516735398e+05
1.447823783224081853e+05
1.429738051548824878e+05
1.856550277874824533e+05
1.233916840091275226e+05
1.137944424528263044e+05
1.447314225310812762e+05
1.313294627420971810e+05
2.602568050357645261e+05
1.615538995372348581e+05
1.845155360510161845e+05
1.371250622068154917e+05
1.400213374838584277e+05
1.963376728600008646e+05
1.648927251340360963e+05
1.848191787832540867e+05
1.627393483467497281e+05
1.216829499597414979e+05
1.545762006839320529e+05
1.623223762738223595e+05
1.562520205684216053e+05
1.455546144013203739e+05
1.566963596816686040e+05
1.823753384317549644e+05
7.350760308325008373e+04
1.404097378419846937e+05
1.310009334915577056e+05
1.402702471010194567e+05
1.449260267121107609e+05
1.317947079133323568e+05
1.366237885728546244e+05
1.279299749360091082e+05
1.168880318226615636e+05
1.326162237125082465e+05
1.769589707647119358e+05
1.156961714828294935e+05
1.827148192569815728e+05
1.472565954746680509e+05
1.963244475845526322e+05
1.572930903748872515e+05
1.968985634194947488e+05
1.604998320027246082e+05
1.619048964869276388e+05
1.430403068358667952e+05
1.501045088741188811e+05
1.613872370828608982e+05
1.411156866841620649e+05
1.447689682084542001e+05
1.340862667990977643e+05
1.657979980259796721e+05
1.380857879247349629e+05
1.950654022612712870e+05
1.478831735103135579e+05
1.360526541421866859e+05
1.489262862465586804e+05
1.395576886447579600e+05
1.747229981359200028e+05
1.911592697654651420e+05
1.673977910972748359e+05
1.527097014298867143e+05
2.212091528518442356e+05
1.768094666914311238e+05
1.412470231163859717e+05
1.443434499947513395e+05
1.546765569090204372e+05
1.548993267004208174e+05
1.793604068233426078e+05
1.418775347741692385e+05
1.677650007487570110e+05
1.483494612690751965e+05
1.529304951564853254e+05
1.510097354781854956e+05
1.592013464006225986e+05
1.483237791317211522e+05
1.687921982016260445e+05
1.435924016275754839e+05
1.625972381100470084e+05
1.245490931563851482e+05
1.341681148323609959e+05
1.268061693319696642e+05
1.532202272841736558e+05
1.624892477611174982e+05
1.316054333084665413e+05
1.369581697913150711e+05
1.521009683833775925e+05
1.644119272910031723e+05
1.532038191386123945e+05
2.134582193838353269e+05
1.748409837711143191e+05
1.330424697979671764e+05
9.939760601664634305e+04
1.559771443342471612e+05
1.207068768814595533e+05
1.091828241010807542e+05
1.201698575887007610e+05
1.772987556357841240e+05
1.676091466289284290e+05
1.169819262899354653e+05
1.295236200802769599e+05
1.740338054576683207e+05
1.458897251911269850e+05
2.094105010169850138e+05
2.007693498722773511e+05
2.051730607117756153e+05
1.326201468651810428e+05
1.780277527189969842e+05
1.979614624490982096e+05
2.316990354226327618e+05
1.564917407097048999e+05
1.536792826741581084e+05
1.437525254037680861e+05
1.347677852187588869e+05
1.376616272799360449e+05
1.968192159771840961e+05
1.515022436336291139e+05
1.544800897704473755e+05
1.239560612195945869e+05
1.763270598652876797e+05
1.458701007304851373e+05
7.108163494041934609e+04
1.330477234654778731e+05
1.467003792951644864e+05
1.510578654192733229e+05
1.231827510994200129e+05
1.369058640747045865e+05
1.409867851682267792e+05
1.466413595060733205e+05
1.361076489526764781e+05
1.457701079688407481e+05
1.739568366370961885e+05
1.557126328996482480e+05
1.485603120925602852e+05
1.651558242957594048e+05
1.519212807400336023e+05
1.654048504568063654e+05
1.500501706811401527e+05
1.535144164169541909e+05
1.646488996470316779e+05
1.537264009873667383e+05
1.566565505021300050e+05
1.395624824279294698e+05
1.511108553294714657e+05
1.727351328173977090e+05
1.496949806475543010e+05
1.577223579986147815e+05
1.188073194578840630e+05
1.984242077422700822e+05
1.396912436044403585e+05
1.438521248882486834e+05
1.859224549510809302e+05
1.781205641078057524e+05
1.365445326184566948e+05
1.401470419981706655e+05
1.467031764820298995e+05
1.552041970534775464e+05
1.685292107565871847e+05
1.294589590166633861e+05
1.621508689887548680e+05
1.528468969449246069e+05
1.327827391423722147e+05
1.669586942504392355e+05
1.495873225434313645e+05
1.478982043749139411e+05
1.383951268271339068e+05
1.490144959156499826e+05
1.667847640840690292e+05
1.152519728784475010e+05
1.687099368445797008e+05
1.301721141363388015e+05
1.697631208721978765e+05
1.344667557602423185e+05
1.499778392119709461e+05
1.443932834323453426e+05
1.516280340275630297e+05
1.580428080541652744e+05
1.533458431370505714e+05
1.555426965318773291e+05
1.697982742911991663e+05
1.570062798698472616e+05
1.369042226631475205e+05
1.719148234957096283e+05
1.154272732556714909e+05
1.333208149779102823e+05
1.471235875277906016e+05
1.511388895937895286e+05
1.484038930441593984e+05
1.134304248098778771e+05
1.180557587457138579e+05
1.416416451179014402e+05
1.530541833162940748e+05
1.269267819653139741e+05
1.493856567781353369e+05
1.549135944859804003e+05
1.286145683842046419e+05
1.409584564674691064e+05
1.392931668817575846e+05
1.754440079128542566e+05
1.727622786592937773e+05
1.653341262443681771e+05
3.146331072865371825e+05
1.326259112143332895e+05
2.348483952619319898e+05
1.994432809532014362e+05
1.643801516772098257e+05
1.658375925528375665e+05
2.091006691818247782e+05
1.856996794355500024e+05
1.265816278876646684e+05
1.958680577755800332e+05
1.559255870782838902e+05
1.354233595677346166e+05
1.522928290486831975e+05
1.345633447880790045e+05
1.793051370233737107e+05
1.701553030220220680e+05
1.425904912409830722e+05
1.554363905624817999e+05
1.284824489540172508e+05
1.380004830273067637e+05
1.527803792803746474e+05
1.611553316969650914e+05
1.462556857291977212e+05
1.702807747804491664e+05
1.699162885777768970e+05
1.505489207539414638e+05
1.471059650767371932e+05
1.735152048723769258e+05
1.428918119758098037e+05
1.514262710980072734e+05
1.562054079849652480e+05
1.496356552470633178e+05
1.623797304834418173e+05
1.399803667524456105e+05
1.528437207605966250e+05
1.563777242843582644e+05
1.460372761351854424e+05
1.311394824777628237e+05
1.546402182042565255e+05
1.455103003550650610e+05
1.447011635531373031e+05
1.471627188420605380e+05
1.641374883470007917e+05
1.394134274233476608e+05
1.537953073729311000e+05
1.650463137605561351e+05
1.491010873300955282e+05
1.249338323936791130e+05
1.692700678190917824e+05
1.228022213064572861e+05
1.507271919208699546e+05
1.746589126028030587e+05
1.465212443987145962e+05
1.404181601568499755e+05
1.552302448734004865e+05
1.744297108023383771e+05
1.514022745067201613e+05
1.444340173095479258e+05
1.507356276834103046e+05
1.681331595230317907e+05
1.519003450105881784e+05
1.367489275988146255e+05
1.297585493960154708e+05
1.602902847383984481e+05
1.458163666493875789e+05
1.549986685236544290e+05
1.513781500126802421e+05
1.711600251538886514e+05
1.332415815873484535e+05
2.150590656372094236e+05
1.418592682060247753e+05
1.585295796406123263e+05
1.729692581614044029e+05
1.749705998399484670e+05
1.791916824109450099e+05
1.497293420839800674e+05
1.232139604183143820e+05
2.121438799316230870e+05
1.432271968303555623e+05
1.496184694298913237e+05
1.245316304793156596e+05
2.071732529814883310e+05
1.321790692296030174e+05
1.513843182589282806e+05
1.593852784758827183e+05
1.624222853538203926e+05
1.360806521093249321e+05
1.416747221831608040e+05
1.623867652026225987e+05
1.614472477479720546e+05
1.414994190249891544e+05
1.686306927502759791e+05
1.638923910513885785e+05
1.284017299451174913e+05
1.432006498916037963e+05
1.552224136114487192e+05
1.850051188644682697e+05
1.530101189233270707e+05
1.355222706139099610e+05
1.302790122152143012e+05
1.533066105540118879e+05
1.414553049703888828e+05
1.387626408055895590e+05
1.377776618414653640e+05
1.422569020532146969e+05
1.321793647232085932e+05
1.859114650850957842e+05
1.299018474910860969e+05
1.000000000000000000e+03
1.508101305602681823e+05
2.087512451017140411e+05
2.269634643327893282e+05
1.609037595669295115e+05
1.000000000000000000e+03
7.965971136111910164e+04
2.978153924028312904e+05
1.000000000000000000e+03
1.830593565163187159e+05
3.069997150663996217e+04
1.208016309028033138e+05
1.828036417533507338e+05
1.676366878626533144e+05
1.639999712771538179e+05
1.238902837525843643e+05
4.399743409862469707e+04
6.534526139788424916e+04
4.414134090238555800e+05
1.469498677031259867e+05
1.563658216681437334e+05
2.555731762578955386e+05
8.648481110513345629e+04
1.737605439244511363e+05
1.213933829752106394e+05
2.054521761310601723e+05
1.465795286831096164e+05
1.715099364730943635e+05
1.370950070745162084e+05
1.483683260701067920e+05
1.440365109913135238e+05
1.402059009685130150e+05
1.791493750576183083e+05
1.457010267262308334e+05
1.731609688773022499e+05
1.386496201332573255e+05
1.406861390354782634e+05
1.398873881425623549e+05
1.976441057645038527e+05
1.595246513791987381e+05
1.402475869627940992e+05
1.575196820634475735e+05
1.086978842286932922e+05
5.883896008676690690e+04
1.508014703106012312e+05
1.721554872392122634e+05
1.613582092109129881e+05
1.814716015267322946e+05
1.523750629092218587e+05
1.306542578432225419e+05
1.367495878427774587e+05
1.615854506975520926e+05
1.447091317106805218e+05
1.756081786963621562e+05
1.758401568375538045e+05
1.432811829816506070e+05
1.523942041714516818e+05
1.488312380761315289e+05
1.426303791179825785e+05
1.447678651050411281e+05
1.458813086034675071e+05
1.619149900924168178e+05
2.025583723538314516e+05
2.244570256693463307e+05
1.859879275702284649e+05
1.738660510782498168e+05
1.898040550842014200e+05
8.754754106973360467e+04
1.709711456226316513e+05
1.738670129244484706e+05
1.534839850811294164e+05
2.053800511617526063e+05
1.565008135348166106e+05
1.058961673065692739e+05
1.460201691943738842e+05
1.828456462187718134e+05
1.478090378380141046e+05
1.520292928677239397e+05
1.249092048712435353e+05
1.923652946479425300e+05
1.663280206922276993e+05
1.798728561714099196e+05
1.559101744250815245e+05
1.589526489780886623e+05
1.131144531777167431e+05
1.510930727199233952e+05
1.702140451115624455e+05
1.280216136177896115e+05
1.216591243181423488e+05
1.550351643084508250e+05
1.480429749792509829e+05
1.151473841375807242e+05
1.700279930806746706e+05
1.700889849630953395e+05
1.686065567223554535e+05
1.167845379384982080e+05
1.334724910962968133e+05
2.278130660336386645e+05
1.451233945125594328e+05
1.576373477493435785e+05
1.490336989850761311e+05
1.431925915710858535e+05
1.637245182006563409e+05
1.542019990748354176e+05
1.588592633616725216e+05
1.599451865925596503e+05
1.562666858560786932e+05
1.066543568971987115e+05
1.494817173211275076e+05
1.530103637450842070e+05
1.983887251540379657e+05
1.524266167054871912e+05
1.281914023279521789e+05
1.463793767658541910e+05
1.352301826764515135e+05
1.362086188705861568e+05
2.454990743145162414e+05
1.389102855318136862e+05
1.043170460777260741e+05
1.680176812565117143e+05
1.543720513340096222e+05
1.272003152319584769e+05
1.341526944895200431e+05
1.503851517695507791e+05
1.333334233044632711e+05
1.213253238329757733e+05
1.557209186482886435e+05
2.109668112064104353e+05
1.411430577169814205e+05
2.256472007775123639e+05
1.826648197086137370e+05
2.038991255886308791e+05
2.308510261314061645e+05
1.531065434119282872e+05
1.475874887109334813e+05
1.770707397687574849e+05
1.874792301803921000e+05
1.355437014858824841e+05
1.696669545917451615e+05
1.180338772627025901e+05
1.555558075409172452e+05
1.206582773047193041e+05
2.356752000621455081e+05
1.101877759094820794e+05
9.470448788162550773e+04
1.262646164098341978e+05
1.565043528561640705e+05
1.000000000000000000e+03
2.394899766922223789e+05
1.975043041483798297e+05
1.606789907147079066e+05
1.510514662437385414e+05
2.009928082082525070e+05
1.441793737988123321e+05
1.783436585530385782e+05
1.820686609740401909e+05
1.996831043778329622e+05
5.809088141611430910e+04
2.202289367210031487e+05
2.211030109614680987e+05
1.000000000000000000e+03
1.893545526420428941e+05
9.950249192003367352e+04
3.017788038605241454e+05
1.465988802070986421e+05
1.395187309336379694e+05
1.879391904251007363e+05
1.373240324911274947e+05
9.443415223330460140e+04
2.079254687122313189e+05
2.337218029207192594e+05
1.453623073876680573e+05
1.614610561169358843e+05
1.019432531939111796e+05
1.395586152357773099e+05
2.682319366647900315e+05
7.719091372218052857e+04
2.023190976311701233e+05
1.469757135087542993e+05
1.583702404198884324e+05
1.718826174330143840e+05
1.516459188501928293e+05
4.154774458498428576e+05
1.663024519881900051e+05
1.545731830976626370e+05
1.168130658292490552e+05
1.080218550394211634e+05
1.593326364306066534e+05
1.868275410476691322e+06
1.603824907760408532e+05
1.445324438236024871e+05
1.012028746348545683e+05
1.639498351127014903e+05
1.334142495833379216e+05
1.626211060812734358e+05
6.863694848935322079e+04
1.307331667205158883e+05
3.117175612141543534e+05
1.000000000000000000e+03
1.509968667833336222e+05
1.593737944174232252e+05
1.390622258015129482e+05
1.741669524778623600e+05
1.344409867614062387e+05
1.786465652692500153e+05
1.259308120662482106e+05
1.336871540589894867e+05
1.962939448577048315e+05
1.254903330248203274e+05
1.405200438840868010e+05
8.351610264314791129e+04
1.628304559994463343e+05
1.332977860906207003e+06
1.014630077399843576e+05
1.627770783091433113e+05
1.109231274933907989e+05
2.676607100990557228e+05
1.635285968653456075e+05
1.000000000000000000e+03
1.607310936800207128e+05
2.394969403037062148e+05
1.979769897271962836e+05
1.348854246110840759e+05
1.703486151385161793e+05
8.665487627810401318e+04
1.622773243881951494e+05
2.435401140704097634e+05
1.492049470716195065e+05
1.577962107473611832e+05
1.178633823238658370e+05
1.749920978286392638e+05
1.144639011731429782e+05
1.467124374194068951e+05
1.617396978523245780e+05
1.269876362617801060e+05
6.684563752595399274e+04
9.690923780736322806e+04
1.658340310173374892e+05
9.741053854124183999e+04
2.158819857816150761e+05
1.411715747008660110e+05
1.373292705338819651e+05
1.490600822254446684e+05
1.633091221327937092e+05
2.098727924345400243e+05
1.825914093141489429e+05
1.862025220540283772e+05
1.273330065786917548e+05
1.354359758029488730e+05
1.373981706461050780e+05
1.026902734189922921e+05
1.905822148088142567e+05
1.134529942465424974e+05
1.473231584936509607e+05
1.495803015367444605e+05
1.255187060848724650e+05
1.466774507092949934e+05
1.696663254340714484e+05
2.207349410044024698e+05
1.587636124679727945e+05
1.530078841520470742e+05
1.591116758333608159e+05
1.177078586430951691e+05
1.649767149534126220e+05
1.452817081505731621e+05
1.668285848244319786e+05
2.769041006142538390e+05
2.614090926561096858e+05
1.139480927882889227e+05
1.424558994854722405e+05
1.700964539161568973e+05
1.696218369725238881e+05
1.255030410611602711e+05
1.386571389067680866e+05
1.563470143072787614e+05
1.884763700813770702e+05
1.737216195738449751e+05
1.559476147232926160e+05
1.673292624675564293e+05
1.068576600995041808e+05
1.413217797376076633e+05
1.433734279038549867e+05
1.706243112071859650e+05
1.914535611137032392e+05
1.801326635155817494e+05
1.512643212759420858e+05
1.471457598051246023e+05
1.459360857217717567e+05
1.634780786730628461e+05
1.035101654803744896e+05
1.482549433221510262e+05
1.410640483029819443e+05
1.407993008162343176e+05
1.329511958191267622e+05
1.779500499630798877e+05
1.607454757533269003e+05
1.234821326858787506e+05
1.479651920784452232e+05
1.998487077419353591e+05
1.564197861781776883e+05
2.167851778831989504e+05
1.233769383653751138e+05
1.382822508663406188e+05
1.842831399630635278e+05
2.031493201420489058e+05
1.001774632403672585e+05
1.620572381636394130e+05
1.971225019018427702e+05
1.188388098405266792e+05
1.462331912062808115e+05
1.485141608648180263e+05
1.481147578577265667e+05
1.215425002022857370e+05
1.411895579799090046e+05
1.573512171160693688e+05
1.311492457824154408e+05
1.258047143385983072e+05
1.672784614054770500e+05
1.761839340922379633e+05
1.280765630413727486e+05
1.761441290898273000e+05
1.586875439041599457e+05
1.622889688587550190e+05
1.318939237140570476e+05
1.516314760080604174e+05
1.700038724515045469e+05
1.433858821290962806e+05
1.413697150392610929e+05
1.405445920729100471e+05
1.080220834902375209e+05
1.468614459442782390e+05
1.737788248935430020e+05
1.436450494758626737e+05
1.460833873990287830e+05
1.486404350061526929e+05
1.422582517030769086e+05
2.079617666634136986e+05
9.530288309147668770e+04
1.690040643990118988e+05
1.551472634917203395e+05
1.875118671169450390e+05
1.947247409206850571e+05
1.000000000000000000e+03
4.783322915456906048e+04
1.981035621589602379e+05
1.674490681272557413e+05
2.078141698692126956e+05
1.393931112184003578e+05
2.044950203346487542e+05
3.291393821448599920e+05
1.551908927611604158e+05
1.296591059978277626e+05
1.511789423447978625e+05
1.000000000000000000e+03
1.386834855158718710e+05
1.574504254129271721e+05
1.896410079829281894e+05
1.771137712521595822e+05
1.064935680819935951e+05
1.384037403424078075e+05
1.400297688216824608e+05
1.974745966573282203e+05
2.520202247081638488e+05
1.412189239565728931e+05
1.397690127748111554e+05
1.351898144444036589e+05
2.125366683842983621e+05
1.485052058931427600e+05
1.283399863039430347e+05
1.566747209884047043e+05
1.369093489555003762e+05
1.880779849319635832e+05
1.583875988263759646e+05
1.628621761477625987e+05
1.481918667401035491e+05
1.485695556346705998e+05
1.878638948490033508e+05
1.871947584495197807e+05
9.249117431194402161e+04
1.561674469156953855e+05
1.450433329891788599e+05
1.537462932889219082e+05
1.266613153690357722e+05
1.633540835433989705e+05
1.096625120199027006e+05
1.470719255695061584e+05
1.515303369800173095e+05
1.183753638307162764e+05
1.586172989823876705e+05
1.377118980409973883e+05
1.026616834810617001e+05
1.232525700297246658e+05
1.619158702874579176e+05
1.786116868387730210e+05
9.332992798878561007e+05
2.398667835240166169e+05
1.688264063703094434e+05
1.000000000000000000e+03
2.467598318301830150e+05
1.319957927959333174e+05
2.395880467481813976e+05
1.174268187427076482e+05
3.302649929315807531e+05
8.693524665990713402e+04
1.202350056058849877e+05
1.612478414795967692e+05
9.588497119051381014e+04
1.443744838871058600e+05
1.028122144678192999e+05
3.043087330581116257e+05
1.636459269347103836e+05
1.564457535226686159e+05
1.582462873887390015e+05
1.563261275601946109e+05
1.708603348237003956e+05
1.560413556309605483e+05
1.297825523034980579e+05
2.167376467042696313e+05
1.539192004862317117e+05
1.360193478000577888e+05
1.424717953872904181e+05
1.646892504702349543e+05
1.438094224049588374e+05
2.019842044403801556e+05
1.286607207105904090e+05
1.622800844298565062e+05
1.645416175309975806e+05
1.455942150857799861e+05
1.689346600666693994e+05
1.690735043694901397e+05
1.528527084477969911e+05
4.177821570551564218e+05
2.271409653991639789e+05
7.876190553708492080e+05
7.553864042474789312e+04
1.298467381252118867e+04
5.603317684893261321e+04
9.616050688020080270e+04
1.163087712406802020e+05
1.615378828080111707e+05
2.134526342410504003e+05
7.149362396837417327e+04
1.416329144905684807e+05
1.710585559396383760e+05
1.056167525539334747e+05
1.674160760742539424e+05
1.386131160331401916e+05
1.027452419558950642e+05
6.232212145435547427e+03
3.355823288356866688e+05
1.463125553638755518e+05
2.172062445711495820e+05
1.731622879256049928e+05
3.648533650180947152e+05
1.010349135930393968e+05
1.626356029922252346e+05
1.594445754578905471e+05
2.956721612231043764e+03
1.608076751259484736e+05
1.591611745720026665e+05
2.577661988527729409e+05
1.507920670635066344e+05
2.924600994260851876e+05
1.913810881795656169e+05
1.405269057897225430e+05
1.404287129096197023e+05
1.747643252966628061e+05
1.000000000000000000e+03
2.227215061993166164e+05
1.553047919000780676e+05
1.414094499001589138e+05
1.893897163260192028e+05
8.085875054471292242e+04
1.142898583200517023e+05
1.880721616426595428e+05
1.663278119968109531e+05
1.674700394893969060e+05
1.481102111905650527e+05
1.415324867052163463e+05
1.516057536995864066e+05
1.410075143438098312e+05
1.697833235481396550e+05
1.347692708035240066e+05
1.643237989313462458e+05
1.518719238387252262e+05
2.462935692812588823e+05
2.241588046847978840e+05
1.496292493432224437e+05
1.540051031670333759e+05
1.682238832277642214e+05
1.569853596231175470e+05
3.760669281971658347e+05
4.984234303198263515e+05
5.621074379364284687e+05
1.659604177296536509e+05
1.409467567564054916e+05
1.793951524648576160e+05
1.481799526787698269e+05
1.556059610749681888e+05
1.632090550426831760e+05
1.538136457005224365e+05
1.717083896101570281e+05
1.748613805041066080e+05
1.367680681543945684e+05
1.288701592994244857e+05
1.267165001063434756e+05
1.137189419649588235e+05
1.494370534562768589e+05
1.452514097680550767e+05
1.548964175323407399e+05
1.733162056655788620e+05
1.481810648472631001e+05
1.597733476814844471e+05
1.610268017127279600e+05
1.539162160308842431e+05
1.394390649290389556e+05
1.782003650110802555e+05
1.756712088627250923e+05
1.647006327667140577e+05
1.708975037939557224e+05
1.439765171414055221e+05
1.441946756331807701e+05
1.707306282205478055e+05
1.540855712737229769e+05
1.357310129419188306e+05
1.486117835565863643e+05
1.304362127666339074e+05
1.411632160953009734e+05
1.707217589715324575e+05
9.220591769135152572e+04
1.582258955821233976e+05
1.685418492943158199e+05
1.457547973569591995e+05
1.505148055520507914e+05
1.363153237848439021e+05
8.601745607285032747e+04
1.442744084849052597e+05
1.344967571784793108e+05
1.540636561662783497e+05
1.560931248914937023e+05
1.501740104050932860e+05
1.079521958173092426e+05
1.195983030350565823e+05
1.456526246255608276e+05
1.491566956476459745e+05
1.236374021587610332e+05
1.763349348115916946e+05
1.677841933532377152e+04
1.481805711280831893e+05
1.728509714668345696e+05
1.607560186917787942e+05
1.302079626677065244e+05
1.624155359208235750e+05
1.241828869897773984e+05
1.331294301199473848e+05
1.598036830669440678e+05
1.000000000000000000e+03
1.325904559312193887e+05
1.494658416321717377e+05
1.333872885729310510e+05
1.513429698657932749e+05
1.654610295431101113e+05
1.601793881762623205e+05
9.058347905015398283e+04
2.028204102966516803e+05
8.801398348134907428e+04
1.748438906825554441e+05
2.703193677376340493e+05
1.451715064263702370e+05
2.731755058912151144e+05
1.000000000000000000e+03
1.488519908076471474e+05
1.459075204035676434e+05
1.701320997446543770e+05
1.458073303208497236e+05
1.488814165565998992e+05
1.776298041923849960e+05
1.352701233302613546e+05
1.491040073941950686e+05
1.567967273628117400e+05
1.030683478886390221e+05
1.127596303809631645e+05
9.966088554718439991e+04
1.808485310557547491e+05
8.955310806493132259e+04
1.418503895718884596e+05
1.528368310686102195e+05
9.604681225725155673e+04
1.934599116460166406e+05
1.272148829438113025e+05
1.500202322856705578e+05
1.641938961895623943e+05
1.589945594394015789e+05
1.512183696717974090e+05
1.526456876961842645e+05
1.772952409270023054e+05
1.544563744415476394e+05
1.741530049802822759e+05
3.194188618361272383e+05
1.810225503873633279e+05
1.105308991537324910e+05
1.936818777091324446e+05
2.152019386107523169e+05
1.000000000000000000e+03
1.529263828998614918e+05
2.412860235643004999e+05
7.561397960615046031e+04
1.000000000000000000e+03
1.791066444783063780e+05
1.353222942546989943e+05
1.382815557631000702e+05
1.741782238145883020e+05
1.715561634392941196e+05
1.673485281121791340e+05
1.862843992428889032e+05
1.345973976811018656e+05
2.083087762713887496e+05
1.625324375903824111e+05
1.595608215070751321e+05
2.000199861836599594e+05
1.619614578560330847e+05
1.294003781329805206e+05
1.083124544463780912e+05
1.319284873000456428e+05
1.427239764542992634e+05
1.104840134893290815e+05
7.763552574415848358e+04
1.640921227538420935e+05
1.612349087718683004e+05
1.527369862896331470e+05
1.526641675203073246e+05
1.679151327577679185e+05
1.339052208952433139e+05
1.752433765051503142e+05
1.593168209637532418e+05
1.000000000000000000e+03
1.418765694083101116e+05
1.399982450994535466e+05
2.425182927479110731e+04
2.501260394307957031e+05
1.163143006732417998e+05
1.612581424919241108e+05
1.260512225185440620e+05
1.611838514618195477e+05
2.510268272671214945e+05
1.401953752439857344e+05
1.755344301813719503e+05
