7.682505905466354452e+05
5.437089422192462953e+05
4.288840268761921325e+05
5.769647666123963427e+05
7.092197371432342334e+05
8.971033480607023230e+05
7.419541386105001438e+05
7.309203228793690214e+05
5.553721292900220724e+05
6.138632667447654530e+05
7.674227606914844364e+05
4.399974885779704782e+05
5.306126906697157538e+05
4.798828655269707087e+05
7.522773145733868005e+05
4.728861685161784408e+05
6.850649234170335112e+05
6.164781619823748479e+05
6.106759507282453123e+05
5.623373978588710306e+05
6.962405763472630642e+05
6.640363672358980402e+05
4.895821518012072193e+05
6.258245851882463321e+05
3.850173508432511007e+05
5.526280205269485014e+05
5.139793260044163908e+05
5.028832186863615643e+05
6.258890825616144575e+05
7.065928985299447086e+05
5.735139046130778734e+05
6.443366126727120718e+05
7.579320504237536807e+05
5.540806684450359317e+05
7.308191648435430834e+05
5.971286994719731156e+05
5.569953899412417086e+05
4.948616196782527259e+05
6.333865772694521584e+05
7.541152027879923116e+05
3.793643228280431358e+05
7.666065510356620653e+05
6.261481914314316818e+05
4.485472076675232965e+05
6.298203904347679345e+05
6.515322293342147022e+05
6.697245074319626438e+05
3.811060817696781014e+05
5.055928722116370336e+05
4.710976164643780794e+05
5.280561044035512023e+05
5.775257796472943155e+05
6.347876244247137802e+05
4.428183833752372302e+05
7.354347687294036150e+05
7.416482524860866833e+05
5.039612209228512947e+05
5.911657272993554361e+05
6.286929514316993300e+05
3.530394672046613414e+05
5.661072638545732480e+05
6.857307638341611018e+05
5.142560085067153559e+05
6.410496876968186116e+05
3.705762325953193358e+05
3.511326489609743585e+05
6.409624834269067505e+05
7.725075351683057379e+05
6.713298266376905376e+05
6.591576586832505418e+05
5.255974327135838103e+05
5.540767390074091963e+05
6.372411356909277383e+05
5.477436881613803562e+05
4.607151217910708510e+05
7.502060212382475147e+05
5.825423203939839732e+05
8.040996778903312515e+05
6.743920913896817947e+05
3.794665652446572785e+05
7.543725948745312635e+05
1.357013127225443604e+05
4.687541262367532472e+05
5.697663863045630278e+05
2.933409776871129288e+05
5.903708360218837624e+05
7.097850994565526489e+05
3.782491876687023323e+05
5.675183562215192942e+05
6.821022607560786419e+05
7.087523353634574451e+05
4.769537278360168566e+05
6.241670808202456683e+05
7.506646991510270163e+05
5.206244121378625860e+05
5.615224984713736922e+05
4.896129151986424695e+05
6.583060369341338519e+05
4.597194665464917780e+05
6.889664973669879837e+05
6.088271099974042736e+05
5.994318168661101954e+05
3.923472609726663213e+05
5.380552532698235009e+05
6.189646361100891372e+05
5.688392123582818313e+05
5.970440124094670173e+05
3.357576454047409352e+05
5.164623203712770483e+05
7.099899859663640382e+05
6.817377679640210699e+05
3.423113877090313472e+05
4.469978453944380162e+05
5.637507961524887942e+05
6.523218593989199726e+05
5.529191455976348370e+05
6.722834894354478456e+05
5.024982751561740297e+05
5.731814421873609535e+05
5.711918873890243703e+05
4.637640060068077873e+05
6.773820076676984318e+05
6.356673562421972165e+05
6.019934752231712919e+05
6.579823716857604450e+05
1.603635688079991378e+05
6.679466294149359455e+05
2.474794053075792617e+05
6.709363759713144973e+05
5.815519778216150589e+05
3.640891843123431318e+05
5.747448006502779899e+05
4.322660720850919606e+05
5.444058569923114264e+05
8.342018756894125836e+05
6.515845858454963891e+05
5.470408081780566135e+05
6.416780398596646264e+05
4.848484277901901514e+05
5.210901130480276770e+05
4.791359652546590660e+05
1.093556034709112020e+06
1.903145127285999479e+05
5.856480662150908029e+05
4.590033167061941349e+05
6.176294492104185047e+05
5.005824942438568687e+05
3.519906709958488354e+05
8.046611504020873690e+05
4.509728835562246968e+05
5.339429918029289693e+05
5.594879133573288564e+05
6.255076585803442867e+05
5.171162435404518037e+05
6.236344751084604068e+05
9.958356770699975314e+05
7.361459546713326126e+05
7.726879577488942305e+05
5.853982771503055701e+05
5.719150313047434902e+05
8.690418718382118968e+05
6.004030231224987656e+05
6.700469232084704563e+05
4.770689309779783944e+05
5.765926386794213904e+05
5.477549353336445056e+05
5.390605132575448370e+05
3.304343056691566017e+05
5.230852203258927912e+05
5.339029766171844676e+05
3.449581853125742637e+05
6.973067270684059476e+05
3.385999322692425339e+05
3.935619425447163521e+05
5.783491569380455185e+05
3.680246787988192518e+05
7.932321170829436742e+05
5.577023281754743075e+05
6.119301179983408656e+05
7.335737259395632427e+05
6.359252816723788856e+05
8.025724885704660555e+05
5.653060939850809518e+05
5.130709585768044344e+05
3.364253223578892648e+05
7.199869799984798301e+05
6.251112452160099056e+05
7.838794124862072058e+05
3.627101550295497291e+05
4.141586105401393143e+05
5.895950140821398236e+05
4.460433977175410255e+05
7.389246206765217939e+05
6.014890862432189751e+05
1.354049734738825355e+06
5.977312157323479187e+05
5.627851914153659018e+05
4.371936448681522743e+05
6.814903787481264444e+05
7.335882306102303555e+05
5.231541628633435466e+05
5.336810551190299448e+05
4.890271705360264750e+05
4.630729892656551674e+05
5.568094268422813620e+05
7.353199761219620705e+05
7.473102035662564449e+05
6.462884127222856041e+05
4.568452406896989560e+05
7.684927660678112879e+05
4.013425581832734169e+05
6.168870183644610224e+05
5.632635404004796874e+05
4.530223014749059221e+05
7.577591076155526098e+05
6.265245395177977625e+05
5.809280913552884012e+05
1.427104289257640485e+06
7.042543564295064425e+05
1.261035842366718687e+06
4.042486788217535941e+05
6.122160987939946353e+05
6.170870289113047766e+05
5.683743365682087606e+05
1.170370892380762147e+06
5.103238464153702371e+05
4.187465620030745049e+05
4.394034036669103662e+05
4.816608476150631905e+05
4.770952250592147466e+05
4.080957133285601740e+05
4.029097432052080403e+05
5.134477135233662557e+05
2.941614422731929226e+05
4.966787936830761028e+05
7.030612242777915671e+05
7.227379045675597154e+05
4.429537202912570210e+05
5.206190606182381161e+05
7.644572915669996291e+05
4.914953345848590252e+05
5.253539520664404845e+05
5.224712448546560481e+05
7.589417736124045914e+05
3.266856614857829409e+05
4.911448230123581016e+05
4.242814309479243238e+05
5.565198882529302500e+05
4.628239891372126294e+05
5.632903969210488722e+05
3.225372325183952926e+05
5.434979842155358056e+05
4.340104451622501947e+05
6.319390023581635905e+05
1.099614028659521835e+06
5.403039222048447700e+05
6.422362283639214002e+05
3.464856098134383210e+05
3.229289336994237965e+05
6.565081928391609108e+05
6.634786823078710586e+05
5.092039532624932472e+05
6.127567134946748847e+05
7.393528694816163043e+05
3.157459015733876149e+05
6.768371343291854719e+05
7.174555855276986258e+05
5.639071064962767996e+05
4.791509742214949802e+05
6.334490980086907512e+05
5.098769737258197274e+05
6.091636422238311497e+05
8.528685008587475168e+05
5.811780727420182666e+05
3.150774584088577540e+05
5.253912205606222851e+05
5.414338834638191620e+05
4.473586955008544028e+05
5.010726242986842990e+05
5.006250341426057857e+05
1.929940975709843624e+05
4.874208413198759081e+05
6.319882377836029045e+05
5.178869600101560936e+05
3.458030624695067527e+05
8.751007233536359854e+05
6.534650085659852484e+05
6.196843758969204500e+05
1.916684408849971078e+05
5.933103237968538888e+05
6.061116354256082559e+05
5.573918755177672720e+05
4.452945654468814610e+05
4.987946598534043878e+05
7.149214630077222828e+05
3.702168296724479878e+05
4.197809082263734890e+05
5.030421552060765680e+05
3.191982949369931594e+05
7.339637291218661703e+05
6.661979484844725812e+05
2.276296118790207547e+05
6.059100450868447078e+05
4.828437122426945716e+05
8.330047351982529508e+05
7.067829222327749012e+05
6.586096876008120598e+05
7.899122546438236022e+05
3.824427830444735009e+05
3.477095128856065567e+05
6.302400239025311312e+05
7.930668818921593484e+05
6.564385695607927628e+05
3.420172485579915810e+05
4.438880285579717602e+05
5.937944509422117844e+05
6.050741448330801213e+05
6.708236692852546694e+05
4.260720505598776508e+05
5.412387722501482349e+05
3.713667556012424175e+05
2.825483048224751255e+05
5.041578148961644038e+05
6.098580189808773575e+05
3.590899898225146462e+05
3.682143641335356515e+05
9.065781878636239562e+05
2.360432332797784475e+05
5.373367851073158672e+05
8.323078570086358814e+05
6.752727023131550523e+05
5.487768562888045562e+05
3.171436846272496623e+05
4.945853684024259564e+05
4.026321049358979217e+05
5.384521944614682579e+05
5.367078478519952623e+05
6.162232086305429693e+05
3.776740517484309385e+05
8.582373084969830234e+05
3.740194008987123379e+05
6.680336752075802069e+05
5.286749780850257957e+05
3.796167660448968527e+05
5.387213432981068036e+05
5.706521654036003165e+05
6.686429630654557841e+05
6.369308437169344397e+05
4.831250208128240774e+05
6.407080757378288545e+05
6.708924332259220537e+05
1.037230322462189943e+06
9.077043580129360780e+05
7.928530721189470496e+05
8.876514378183719236e+05
3.904671138084641425e+05
2.779517338813844253e+05
6.715699506603491027e+05
5.607119279501182027e+05
4.398801827648044564e+05
4.725200796793201007e+05
4.116025524099574541e+05
5.902262742481429596e+05
6.491986602545900969e+05
3.369702460996904410e+05
5.071210461220353609e+05
6.988179412127588876e+05
6.937731428636495257e+05
5.307936135797860334e+05
5.627679628369496204e+05
3.562080151175433421e+05
3.521078764115404338e+05
1.029487076006486430e+06
6.165030493857706897e+05
7.695801413351573283e+05
3.396706179352411418e+05
3.723481634673002991e+05
3.949700996909830137e+05
4.854185470972990734e+05
4.808263501174043631e+05
7.220733992196812760e+05
3.708227812886412139e+05
4.728749474273887463e+05
8.328446860868883959e+04
6.390573458833339391e+05
3.885007381975064054e+05
4.615528720275875530e+05
6.723983850093053188e+05
6.983488677023479249e+05
5.494228224340853048e+05
6.400789640150805935e+05
7.286932255708195735e+05
1.040324085995798931e+06
1.074206175385144074e+06
4.670477530193807906e+05
4.604674386540192063e+05
5.021460027000350528e+05
5.476313619167803554e+05
4.510633370983020286e+05
6.951843988710922422e+05
3.138470872706286027e+05
5.471273328780913725e+05
1.050069987598679494e+06
5.291390326630192576e+05
8.210316028303017374e+05
5.039456760393677978e+05
3.425341640093488386e+05
4.034893459852901287e+05
3.731480940060912399e+05
1.863364554121696274e+05
5.250843769839957822e+05
4.710556375418025418e+05
8.453993532688731793e+05
6.951042366767254425e+05
8.976374001482867170e+05
4.466524164219441591e+05
8.314170044991930481e+05
7.620369429325535893e+05
5.299919749120519264e+05
4.729371563786300831e+05
8.391347266021488467e+05
4.709943692632531747e+05
3.079736145721675130e+05
4.409659095281156478e+05
7.665560917668335605e+05
5.086291518893525354e+05
4.401269675667181145e+05
6.043245332052304875e+05
2.320664877028482733e+05
4.805742864501881995e+05
3.748700296823013341e+05
6.004151674385878723e+05
6.903894223597355885e+05
5.072157211271430133e+05
6.734490384806517977e+05
5.131146388568741386e+05
1.190321714600492851e+05
4.136026239093407057e+05
6.119230035012853332e+05
6.158269198014220456e+05
5.843834762617122615e+05
5.282206821290665539e+05
4.322939413389672991e+05
5.502977989991458599e+05
4.443189010390958283e+05
5.215388752706198720e+05
7.099654153694895795e+05
2.861885018681729562e+05
7.594867173482008511e+05
5.057610469011690002e+05
4.001985842299124342e+05
5.001863294496326707e+05
9.114659001397612737e+05
5.441465521277131047e+05
4.425428494189907215e+05
5.026610986939725117e+05
2.935860789468034054e+05
3.023824261382409022e+05
6.505887350916430587e+05
4.610760306049607461e+05
5.600685690396942664e+05
5.624593771395885851e+05
4.377271193711703527e+05
4.954990901966676465e+05
5.147749999593555694e+05
4.527384366280473187e+05
4.678745098068143707e+05
4.099033737992910319e+05
7.890442615384046221e+05
7.085807858075927943e+05
4.141581504112537950e+05
6.226535132438967703e+05
6.289636200660264585e+05
6.316700423549064435e+05
1.171888422589352587e+06
5.577006466157897376e+05
2.793413047093026689e+05
3.127491213135389262e+05
2.535403136373152083e+05
1.126927081538564235e+05
4.736125877935659373e+05
4.208239340151395882e+05
6.740634235355341807e+05
6.513339013133060653e+05
4.972292693538739695e+05
3.258795560873226495e+05
7.743276923383658286e+05
3.385174521585259354e+05
8.676788990929782158e+05
4.685359174789008684e+05
5.482916172795289895e+05
2.254578668808129732e+05
2.731721664012413821e+05
5.836752065259185620e+05
6.928511510738973739e+05
5.059922495526049752e+05
4.629621029848808539e+05
5.430760727235024096e+05
6.657236670081027551e+05
4.138461647717697197e+05
4.809091970027498319e+05
6.548737255890824599e+05
5.054855750994374976e+05
4.005947153961061267e+05
3.117269069837347488e+05
7.827796777194766328e+05
4.736989615565817803e+05
7.128926758894895902e+05
3.855920651942510158e+05
4.542039262141431100e+05
4.285252570606400259e+05
4.006416271496904083e+05
5.565618924702522345e+05
2.641294161196989007e+05
7.251119343049075687e+05
9.244319534885633038e+05
3.350347751888565836e+05
6.792528416053405963e+05
3.600278260959075415e+05
5.515168513408323051e+05
7.760129262008365477e+05
4.437524971438475768e+05
5.562954385218666866e+05
6.834618301176099340e+05
5.675273904167850269e+05
5.891937465623199241e+05
7.458903533396557905e+05
5.875956092847888358e+05
3.286401941863023094e+05
7.760819088866811944e+05
5.053380303565899376e+05
5.474510548212130088e+05
7.975006537932214560e+05
7.367359317450230010e+05
4.676665739887815434e+05
7.041354426004244015e+05
4.078826325274015544e+05
6.175182674902834697e+05
4.764221388231259189e+05
4.239105976962208515e+05
4.202257159136882983e+05
4.617518628916093148e+05
6.594250013368069194e+05
5.607235620095436461e+05
7.489133923213236267e+05
7.280486063238963252e+05
6.421677818771954626e+05
7.683077260538209230e+05
5.680276598502731649e+05
5.125547412925838726e+05
1.201178117617267650e+06
7.576155200715918327e+05
5.467388414660453564e+05
5.651564238633869682e+05
4.003787109395566513e+05
5.114606593289607554e+05
2.229898377526825352e+05
6.435589359926026082e+05
4.856476330888491939e+05
6.921417603766320972e+05
5.564890600953014800e+05
7.354108570082336664e+05
6.508131342512213159e+05
4.763553212916458142e+05
5.420666994028068148e+05
1.044790420973190689e+06
6.676902197596232872e+05
1.414201927339661052e+05
4.540649621304692701e+05
4.409277989474721253e+05
4.890891378796075587e+05
5.678402612906286959e+05
3.140292427688611788e+05
6.785486480776118115e+05
8.608195742374473484e+05
4.734971215839917422e+05
3.052717280851713731e+05
7.730065471143426839e+05
5.516341295678410679e+05
7.532748903196475003e+05
6.231602069100254448e+05
1.638551141795698786e+05
7.815786065502394922e+05
7.196610898446580395e+05
5.574682055659306934e+05
4.649357853158301441e+05
3.586201590723003028e+05
1.187781164794926735e+05
3.062600016061284114e+05
7.051719294551050989e+05
7.048423147426199866e+05
7.616228032414974878e+05
7.411610261380625889e+05
5.927973630858190591e+05
7.882058285417614970e+05
8.460890740217127604e+05
4.448689631461715908e+05
5.005426060901924502e+05
5.471787646429374581e+05
5.205758475822688779e+05
5.287029348029840039e+05
4.921597163346314337e+05
7.640600149356581969e+05
8.221880777015642961e+05
5.721058730379524641e+05
3.798500138202685630e+05
4.039361948586188955e+05
4.592865583692294895e+05
3.727073678603771841e+05
2.938827022243419196e+05
4.700444592015490634e+05
2.655946508386735222e+05
5.769707620015790453e+05
6.787054784251356032e+05
7.811158051676402101e+05
2.874024439885902102e+05
7.502240199118665187e+05
7.992357719971132465e+05
4.758373370854111854e+05
7.962594352628584020e+05
3.589162502213231055e+05
2.047812952140388079e+05
4.840268559649023809e+05
1.219563422788106836e+06
5.939279613679854665e+05
4.998810296326762764e+05
4.514088669057937805e+05
7.575770880454950966e+05
6.218332733832061058e+05
4.231258874679044238e+05
4.675596402984375600e+05
3.816704243553663837e+05
6.419207542291356949e+05
7.606761834572921507e+05
2.718554827924542478e+05
5.556890781678315252e+05
5.637313114336109720e+05
6.365848485497937072e+05
6.669604834820471006e+05
1.269623375515897933e+05
4.526279766452034819e+05
7.467358584010658087e+05
4.668584483147824067e+05
5.211843078741888748e+05
5.205639544426346547e+05
9.858278875212447019e+04
5.255446251696604304e+05
5.845807717882862780e+05
5.120629972716151387e+05
3.319139323196419864e+05
7.860750796602285700e+05
8.642969008033106802e+05
7.419200791393716354e+05
6.700557043758142972e+05
8.986577899124638643e+05
6.656246350314278388e+05
7.132302351294566179e+05
3.028998567442058120e+05
4.483365456021027057e+05
6.528905059939267812e+05
4.837253677809746587e+05
5.040257722032144084e+05
5.908107755032372661e+05
6.811988553840501700e+05
3.128446272007275256e+05
5.441124269744156627e+05
5.427691997790950118e+05
6.639322454231877346e+05
6.259451376493589487e+05
8.722994820386724314e+05
5.221024013629845576e+05
8.048135752198609989e+05
3.534221647878980730e+05
5.383402415999446530e+05
4.926931124572095578e+05
6.132133889861659845e+05
7.500760023645552574e+05
4.205502685647984035e+05
5.619848226952136029e+05
3.696240580810637330e+05
5.519015865956074558e+05
5.908824051976471674e+05
8.156718828420375939e+05
4.734028205025116331e+05
5.014915050423975335e+05
6.305552704678532900e+05
3.387698397620777832e+05
9.586337275367398979e+05
4.171178747244175756e+05
5.172186624790518545e+05
4.082753756909132353e+05
4.301303422108021914e+05
3.494670813945397385e+05
3.268304457793438341e+05
5.371532981512979604e+05
3.791169639850264648e+05
5.645621154656787403e+05
8.157033036671943264e+05
3.214077254716651514e+05
5.396902757535818964e+05
6.954259632239687489e+05
2.205945975948461855e+05
8.586139129501777934e+05
5.746646347009969177e+05
6.812315680768461898e+05
5.204275843836168060e+05
5.503031950703756884e+05
4.914704385753112147e+05
4.444414531888766796e+05
6.330075234898178605e+05
5.845337985547627322e+05
4.797484315729192458e+05
4.168173693013270386e+05
5.249522888476516819e+05
3.653296783395106322e+05
3.206398091493173270e+05
3.010410338571544853e+05
3.254441472216200782e+05
8.308591569190244190e+05
6.091224670909016859e+05
4.944162893731083022e+05
3.260052563459816156e+05
4.335438464981986326e+05
6.265322967411597492e+05
4.404138514534133719e+05
2.905111880354248569e+05
6.084531603731963551e+05
6.265586095741529716e+05
5.407574176751932828e+05
3.908881097693095217e+05
4.984770903789872536e+05
4.595851372666507959e+05
5.569449579191452358e+05
7.294328706634625560e+05
5.901862610388532048e+05
2.063146898819469207e+05
5.663577452519874787e+05
4.563217825501525658e+05
2.783877995869846200e+05
6.286848254696769873e+05
3.939863128204076202e+05
8.763322278200649889e+05
4.202476684918954852e+05
5.418668304236148251e+05
6.380737232206179760e+05
4.069172674966011546e+05
7.181329858521758579e+05
2.306567699712724134e+05
4.910702871614511241e+05
4.185360880133599858e+05
3.893175619755688822e+05
5.662833626637047855e+05
5.944671621983730001e+05
6.904302286383541068e+05
5.870995623173296917e+05
1.957815442504721577e+05
3.235779864334870945e+05
1.755023602100084536e+05
2.716833698190046125e+05
8.234275974510016385e+05
4.536075044858859619e+05
6.628164761655302718e+05
5.336463148848020937e+05
2.403852894853907637e+05
7.026700680383233121e+05
3.192560216211915831e+05
4.793228963949228055e+05
7.217928293961334275e+05
9.319783284136098810e+05
3.562399379175712820e+05
5.878254337859124644e+05
4.101715776547826244e+05
4.661917650374531513e+05
5.777850947268859018e+05
4.123637252800422721e+05
5.012654007362605771e+05
7.935968674905519001e+05
5.691786309427742381e+05
2.406777147903178411e+05
7.014183754726576153e+05
6.507065512101554777e+05
5.014469979471529950e+05
5.846011729139984818e+05
4.551349098881296231e+05
6.702109802251321962e+05
3.136301655486400123e+05
5.383722115724552423e+05
5.139362200543934014e+05
4.477190863430182799e+05
2.294686199047850096e+05
5.593617286047070520e+05
4.756173536610727897e+05
4.975615086525405641e+05
3.713761595760586788e+05
5.646913548519865144e+05
3.789736039216344361e+05
4.008587532809894183e+05
6.644353500392675633e+05
6.694726799759219866e+05
6.693403428813931532e+05
5.749049561735577881e+05
6.531402189954953501e+05
5.211621262638582848e+05
6.089745266915840330e+05
5.244994235708934721e+05
6.270119523148455191e+05
3.805013161476625828e+05
6.002951689145941054e+05
4.667366143239797675e+05
8.940072502332525328e+05
6.340921932199691655e+05
3.638641142379112425e+05
8.335041031786287203e+05
8.524285079133625841e+05
6.051302039362057112e+05
4.084296670443325420e+05
3.979542188537966576e+05
4.635501636714127380e+05
6.560364262507975800e+05
8.282067202591736568e+05
5.144480725565946195e+05
6.243371660137677100e+05
6.011255645346674137e+05
5.785605544741676422e+05
4.498592444996191189e+05
5.978994193920162506e+05
5.460179765055206371e+05
1.639343975911850575e+05
8.295000890932643088e+05
5.039431512981418637e+05
5.879063944108324358e+05
4.429434520672069630e+05
2.981148095471241977e+05
3.009383344369902625e+05
8.361714316798561485e+05
5.612474080876999069e+05
5.207410046382031287e+05
7.973579749013979454e+05
3.875136011729055317e+05
6.837819302828456275e+05
5.813510928260317305e+05
4.351167349220704637e+05
6.411172047013222473e+05
3.247983457994370838e+05
5.190580896511277533e+05
7.382282978361798450e+05
5.503611394780011615e+05
4.221062799296383164e+05
5.530747741316155298e+05
9.055296415267671691e+05
6.852034718522850890e+05
2.958148864332809462e+05
3.709215605877662310e+05
3.964732746323786560e+05
3.036436986479454208e+05
5.124880617049350985e+05
4.905142853993410827e+05
5.301094184342616936e+05
5.511416314487243071e+05
3.929827504712148220e+05
3.909258908725495567e+05
7.099042998594647506e+05
5.765186694283554098e+05
8.772449453288473887e+05
3.619405976769138360e+05
5.190607859463522327e+05
4.326551387413887423e+05
4.827095262435625191e+05
3.763158971493698773e+05
6.709440807254392421e+05
3.719505895804247702e+05
3.373281430715917959e+05
5.683464983867227565e+05
8.638320806781976717e+05
7.462642919893187936e+05
4.127838538540173904e+05
4.571160082352376776e+05
3.183053611556363176e+05
7.737552993467716733e+05
5.409422132573883282e+05
6.630350011278473539e+05
5.237544222758631804e+05
4.458163342551044771e+05
7.605459112580966903e+05
4.490452390687171137e+05
5.504518342613799032e+05
3.769550160468319664e+05
7.746256348944428610e+05
2.490627192879180948e+05
6.703948298538122326e+05
6.038888098467770033e+05
4.558723499653259059e+05
5.918244681504787877e+05
4.028938896831876482e+05
5.999214941557325656e+05
4.828937857194636599e+05
3.902341515706838691e+05
5.457088757606651634e+05
5.304455420499106403e+05
4.516534979912458220e+05
3.764436489849048667e+05
2.774328270804381464e+05
5.385755914655580418e+05
2.310488019453943416e+05
2.783529066381552839e+05
6.137332576402608538e+05
5.038903068189110490e+05
3.773776363357929513e+05
7.150295343133606948e+05
5.416054994771581842e+05
6.028865095411565853e+05
5.355554222720316611e+05
4.749024343643267639e+05
5.883122039422956295e+05
3.687128066753141466e+05
4.202183094315188937e+05
5.405104081789650954e+05
4.006932047217880026e+05
6.767291294829200488e+05
6.804040207625470357e+05
3.472228765356725198e+05
6.878083104580813088e+05
5.602249617910382804e+05
5.539150932649510214e+05
4.228503165889958618e+05
5.163929864255710854e+05
3.305386025769641856e+05
6.195803903187370161e+05
7.310902219720189460e+05
5.018095291168559343e+05
5.484845877560148947e+05
8.788891205667365575e+05
9.898050185407829704e+05
3.516929747782672639e+05
6.990772237041555345e+05
2.950026982026158366e+05
4.085943457704448374e+05
3.422594165060786763e+05
6.588053717075157911e+05
4.304058261995519279e+05
3.747221664015011629e+05
6.782433602276518941e+05
3.691144960559249739e+05
4.325333752332114964e+05
4.206114228174224845e+05
7.296439924980156356e+05
6.220989473566464148e+05
6.907685343042718014e+05
4.773514679083724041e+05
7.562768650595553918e+05
5.989483624991078395e+05
7.663656600226863520e+05
2.808309116348885582e+05
5.347168979064015439e+05
4.385119043730591075e+05
9.644218180778698297e+05
4.657693489104362088e+05
2.908402267267997377e+05
3.666915582851303625e+05
3.595451038904977031e+05
5.024038544632591656e+05
2.743260245888222707e+05
3.066231298035279615e+05
5.050944838092318969e+05
8.266962444120440632e+05
5.163767138094744296e+05
5.826298153289342299e+05
4.051791059942980064e+05
5.100070473738378496e+05
6.936666110888061812e+05
7.346158946794860531e+05
7.018209479723080294e+05
4.003944473306332948e+05
7.148782364686229266e+05
3.502688140220622881e+05
5.353335567974465666e+05
2.942028430022175307e+05
5.052668641446604743e+05
5.015185309335558559e+05
4.323612551270721597e+05
5.685538114315109560e+05
2.396383283770850394e+05
7.695368463521035155e+05
7.679033210811035242e+05
3.397287913601795444e+05
5.802858735200010706e+05
6.409080764583201380e+05
3.501396320169911487e+05
5.069798306315105874e+05
7.036405150857254630e+05
6.353545246517814230e+05
4.329619414645700017e+05
7.571415980339146918e+05
2.700323512000095216e+05
6.871971914226451190e+05
5.082726736230500392e+05
2.623791105899062823e+05
5.171039164574347087e+05
4.385260462977566640e+05
3.376502521886708564e+05
4.770344798953593709e+05
2.218767363461094792e+05
5.332143528059708187e+05
6.005380005258858437e+05
5.270542406700399006e+05
2.482984811214942893e+05
3.186390886416267604e+05
6.645905350188276498e+05
5.275086283410169417e+05
5.815184718338175444e+05
3.972823059846904944e+05
6.475879188595969463e+05
4.409510459708310664e+05
6.671582911225692369e+05
5.994040842091127997e+05
4.579472507088672137e+05
7.429484976440799655e+05
3.396128107033136766e+05
7.342288301671355730e+05
4.291950610275216168e+05
7.085678968153358437e+05
6.777670133185505401e+05
7.000413567880742485e+05
4.400987759568938054e+05
5.640523025023590308e+05
7.897274083278856706e+05
4.252139687300104415e+05
5.607530719018244417e+05
2.536732028663785604e+05
5.143749060792640666e+05
4.473902285215522861e+05
7.410901941678667208e+05
6.151196767247003736e+05
5.764688789135193219e+05
8.129513752194589470e+05
7.396697292910534889e+05
4.595447757857794641e+05
4.540346960471800994e+05
4.673103818650805042e+05
4.779121477868354996e+05
6.673745978740602732e+05
7.190452460220128996e+05
4.511311410875806469e+05
6.636289326424027095e+05
5.094946077467306168e+05
3.487451586376843625e+05
7.214793974893511040e+05
6.251830118839814095e+05
5.719165945859691128e+05
5.489515064840385458e+05
3.195426451382334344e+05
7.315534850668434519e+05
3.366157900014051120e+05
5.265433909114468843e+05
8.958804189476444153e+05
7.261537462344310479e+05
5.832743213831351604e+05
7.196740920905212406e+05
3.905909385052325670e+05
6.406518824014776619e+05
4.762987697635587538e+05
5.533170435081421165e+05
7.883551134741078131e+05
3.153284315544593264e+05
6.113121186760672135e+05
5.108689275888191187e+05
4.024365282311844057e+05
6.344113612087646034e+05
4.638898361559429904e+05
5.551749518762520747e+05
6.098524611097599845e+05
4.330677583570812712e+05
4.689640680850514909e+05
3.207142322957286960e+05
5.453011597730779322e+05
4.736880650182969985e+05
7.377383544348658761e+05
3.892246039098241599e+05
8.170648552649624180e+05
5.633933714236724190e+05
5.007198772273481591e+05
3.783530826060980908e+05
5.671461359318797477e+05
7.352942217766577378e+05
3.211339486947124242e+05
3.907889272935941117e+05
4.919831800294944551e+05
8.368848362149680033e+05
5.481147807402482722e+05
5.928217209829753265e+05
3.741273884007586748e+05
6.372627343174427515e+05
6.450924028178574517e+05
5.367952891086987220e+05
3.593088209319864982e+05
5.604952077071133535e+05
5.980280000144959195e+05
4.653117424977661576e+05
6.857748977574026212e+05
3.197703784579911153e+05
4.962646132012796588e+05
5.447966559005911695e+05
3.369572618422355736e+05
4.427379666411396465e+05
6.884089792046266375e+05
3.297072403368253727e+05
2.674444016210297705e+05
5.456979821879341034e+05
3.997259243423769367e+05
4.666864333125278936e+05
4.665844654041714966e+05
2.437811520368198107e+05
5.911734120398341911e+05
6.549463680916599697e+05
6.563328863966603531e+05
4.694342791986220982e+05
3.816885212189811282e+05
4.436122152936661732e+05
2.501158634708630270e+05
5.071905709323551855e+05
5.531052278157620458e+05
5.618868694964312017e+05
4.185868871814178419e+05
5.181236487280436559e+05
6.953386491826414131e+05
4.048937996364111896e+05
3.112484376180979889e+05
6.554141267651461530e+05
7.771626980642124545e+05
6.948628196570758009e+05
