-5.055404528882886592e-03
-4.818806812642039729e-03
1.004667698966256115e-02
-5.054228083880254324e-03
-4.817855618942444400e-03
-4.997831326540516791e-05
-5.003056371899834362e-03
5.004056592270249987e-03
1.000328007350166463e-02
-5.003300477041256779e-03
5.004204520279315234e-03
-3.246988992077200154e-06
5.043473724244977932e-03
-4.824149251887069161e-03
1.004989272949423189e-02
5.045614254537063650e-03
-4.825633566767805610e-03
-4.764200578306173521e-05
5.003456084745836092e-03
5.004155663669713518e-03
1.000297778780854380e-02
5.002928628328305420e-03
5.004175630247201245e-03
-3.367697357085491891e-06
-5.054310743135087547e-03
-4.818576103270450980e-03
1.634070033209391887e-03
-5.054493131859300568e-03
-4.818838231677293436e-03
3.316066948680700729e-03
-5.054502025023623578e-03
-4.819101328847658419e-03
4.999286298073804709e-03
-5.054544331882625773e-03
-4.819507189522902364e-03
6.681441761572715250e-03
-5.054776261342305843e-03
-4.819770261994706442e-03
8.364090927116259871e-03
-5.053640107625624427e-03
-3.184730108074242030e-03
1.004665365827107394e-02
-5.052466574538326885e-03
-1.551343666195382446e-03
1.004698124494058688e-02
-5.049768253470711052e-03
8.608160005993035178e-05
1.004607419469651618e-02
-5.042765289188057450e-03
1.725787901672306592e-03
1.004167022910565539e-02
-5.029091027863200752e-03
3.365541985079223593e-03
1.002752996380039570e-02
-5.005228082582665987e-03
5.006062411542436773e-03
1.665987508492543278e-03
-5.005394550282741932e-03
5.005935947495732466e-03
3.332775283863703437e-03
-5.005565082303285729e-03
5.007121159300733856e-03
4.998968263914143478e-03
-5.006252696580467884e-03
5.007867622157166979e-03
6.667725894752106822e-03
-5.005161500095320348e-03
5.006244593869366849e-03
8.334098095356344202e-03
-5.053061863851350879e-03
-3.184068575214759039e-03
-4.941557386841196513e-05
-5.050893865982773213e-03
-1.550120429690959780e-03
-4.883961758696125108e-05
-5.046827188182070878e-03
8.751778393311220061e-05
-4.716291837419971968e-05
-5.040194512160655477e-03
1.726535728309229510e-03
-4.430193962549197135e-05
-5.029826275085587384e-03
3.366016941311253223e-03
-3.052153823151013004e-05
5.045045083114168064e-03
-4.826745447317704052e-03
1.635222782719287582e-03
5.044443056200063717e-03
-4.827862269197957801e-03
3.317642854988474103e-03
5.044139518458314909e-03
-4.828112563293982494e-03
5.001715162624162728e-03
5.043539857951048408e-03
-4.827219384046650165e-03
6.685543160556108727e-03
5.043219396434405963e-03
-4.825317926128573978e-03
8.367367650736246693e-03
5.043317901181593177e-03
-3.189618593238444013e-03
1.004946061929775335e-02
5.043599301674231775e-03
-1.555751207775467153e-03
1.004887818333156761e-02
5.041041228009272498e-03
8.338543289258964239e-05
1.004574527339149176e-02
5.038823807046107460e-03
1.722675223691412516e-03
1.003919776566863063e-02
5.026606127640449728e-03
3.363230272417916823e-03
1.002769472425455756e-02
5.004427492808894914e-03
5.005204627961297621e-03
1.666102752144381968e-03
5.005795047761577195e-03
5.006512507076471379e-03
3.331683471222340442e-03
5.005708455033414800e-03
5.006728415178521990e-03
5.001082448840059314e-03
5.005820855212469653e-03
5.006985148263262166e-03
6.666955085965963965e-03
5.004678533852654175e-03
5.005698942065373892e-03
8.334570285181700650e-03
5.045876513256793323e-03
-3.191197404211544662e-03
-4.762220403121609531e-05
5.044656489911780207e-03
-1.555743982954575864e-03
-4.585174497925512284e-05
5.043204599325983722e-03
8.179463960172178843e-05
-4.361012865765076730e-05
5.040362758445901190e-03
1.720571512127013272e-03
-4.085358763478691001e-05
5.026602318062222199e-03
3.363178431024128803e-03
-3.015130484107922187e-05
-3.371484126454812012e-03
-4.820007998101825432e-03
-4.896410979824643696e-05
-1.689240629573943164e-03
-4.823167738781524404e-03
-4.835533853075818847e-05
-4.806854987169696239e-06
-4.825811168379694031e-03
-4.780821316089279329e-05
1.679596295906267802e-03
-4.827095674511759811e-03
-4.777177844041674814e-05
3.362307322144233307e-03
-4.826509155930757550e-03
-4.769432459469884466e-05
-3.372278668605409140e-03
-4.821156152464225325e-03
1.004741184179045073e-02
-1.689802215645090774e-03
-4.822971563970411719e-03
1.004813714102223074e-02
-6.346318309048011462e-06
-4.824874700206351931e-03
1.004871826413111964e-02
1.677213635797466205e-03
-4.824716383555553365e-03
1.004861029048409807e-02
3.359849071863350595e-03
-4.824811133168317549e-03
1.004978158959318572e-02
-3.334430026050465810e-03
5.005992421612698653e-03
-5.104314646645641087e-06
-1.666498032359801451e-03
5.007208868607842742e-03
-5.738797883866951834e-06
-5.005759980255999706e-07
5.008389806018361673e-03
-7.199852780423888010e-06
1.668053374061765140e-03
5.006102182400913939e-03
-5.801280465754322244e-06
3.334039032977290182e-03
5.005642730320821431e-03
-4.617223720264387030e-06
-3.334335518653698018e-03
5.005959026299760042e-03
1.000500931657543127e-02
-1.667295593019878057e-03
5.008091022986343836e-03
1.000624877577332289e-02
-5.387362288392510511e-09
5.008048581764837880e-03
1.000668941451679159e-02
1.667676227296142942e-03
5.005565624746926082e-03
1.000499756508750615e-02
3.333484166539928822e-03
5.005345927431302348e-03
1.000450461323954855e-02
-5.053008573036843996e-03
-3.340566482114253576e-03
5.821724220017386597e-03
-5.046134816446236869e-03
1.056774819282394655e-03
8.529260757113158939e-03
-5.045338874837283251e-03
1.045063827002490732e-03
1.461387714046560567e-03
-5.028485423595177237e-03
3.586287610330458116e-03
5.820412358849828827e-03
-5.052717773779456280e-03
-2.409168731260078692e-03
1.319529414576821932e-03
-5.052435913804905962e-03
-2.391285056138048142e-03
8.645396590399286388e-03
-5.026671577183494492e-03
3.604420247998358934e-03
2.495410266453181123e-03
-5.019355502647775483e-03
3.579496724437550900e-03
4.162843374533414971e-03
-5.045974419434266778e-03
2.155805943990875273e-03
4.998517391666816231e-03
-5.044791624680191981e-03
2.038316629225159909e-03
6.918649051750790091e-03
-5.052639092347001835e-03
7.361207021757566055e-04
5.839164363038083956e-03
-5.052533201849025019e-03
7.117062986188714847e-04
4.206244710218867700e-03
-5.051068618219955834e-03
-6.527988436275430472e-04
5.006936356244240729e-03
-5.051515640587828787e-03
-6.782743155358351766e-04
6.682593566231547454e-03
-5.050881210470767671e-03
-6.855617828942023794e-04
3.381788959042392965e-03
-5.052062750466981486e-03
-2.038544810685174145e-03
4.396765832957753514e-03
-5.044394807560631001e-03
2.016975535886780975e-03
3.065644029435187108e-03
-5.049979337168217404e-03
-6.979602931575510424e-04
1.654058715977899932e-03
-5.051767598501242899e-03
-6.907192499090398716e-04
8.348695160754562167e-03
-5.038359210947074111e-03
2.557868594061751214e-03
8.597164672421353862e-03
-5.024081646255156713e-03
3.650571861116660207e-03
7.493607531547090417e-03
-5.039792137768154059e-03
2.550497622847505436e-03
1.358727649622146769e-03
-5.053546405018272299e-03
-3.478188673239280843e-03
7.552050255778907858e-03
-5.053381772645453712e-03
-3.531455106792065392e-03
2.392473754171336488e-03
-5.051588043175398238e-03
-1.728013623343530253e-03
5.832390234116876723e-03
-5.053254664643557284e-03
-3.493772653195042783e-03
4.050386054631156807e-03
-5.052398035939045622e-03
-2.041400343988897768e-03
2.810143294046274498e-03
-5.052366580020960923e-03
-2.051409522890563445e-03
7.147576619543496469e-03
-5.050324898257257770e-03
4.768999812487088354e-04
2.751132123572706638e-03
-5.050818750437934337e-03
5.736401500967781494e-04
7.230412497545698515e-03
-5.020018834600155702e-03
3.795902771118610242e-03
8.791952335616507255e-03
-5.053736943521979809e-03
-3.623372152359092494e-03
8.814956908263662724e-03
-5.020425381456909697e-03
3.795398463975947680e-03
1.206323740451049464e-03
-5.053655338817396661e-03
-3.630950820916151872e-03
1.174218791647811417e-03
5.039082409380920939e-03
1.052341948165953344e-03
8.527287053539988129e-03
5.041378213328311618e-03
1.040066594616614491e-03
1.464367563793506945e-03
5.044640148007486016e-03
-3.349845050640841079e-03
5.824501880931456411e-03
5.022427868046448404e-03
3.579666523750908106e-03
5.825542395628509514e-03
5.045282488565392028e-03
-3.344606164758537944e-03
2.601894334051270581e-03
5.043458470231802077e-03
-2.396535149482016593e-03
8.647907803745497057e-03
5.025353199718882689e-03
3.602549304207993460e-03
2.495241956757193041e-03
5.024327901291820130e-03
3.581969626302634706e-03
4.163278033498512415e-03
5.035087256642090114e-03
2.154370219798986373e-03
4.998943161534465107e-03
5.037480026011313325e-03
2.033140491839092578e-03
6.918117517774899881e-03
5.044342611187986776e-03
7.320687358030434928e-04
5.840302824296966962e-03
5.047121013872071793e-03
7.033378171805713171e-04
4.208955652254982131e-03
5.046530220156455158e-03
-6.615247581445089006e-04
5.008964330692895241e-03
5.045659117052414717e-03
-6.975243814515405321e-04
3.383179083359867667e-03
5.045851426718084114e-03
-6.838311050100227915e-04
6.684094348060933173e-03
5.045814048532000495e-03
-2.160664908720243658e-03
4.192417119130147952e-03
5.038163313013409479e-03
2.014048248995115812e-03
3.069285478975496140e-03
5.044468522526903559e-03
-6.961865804204402314e-04
8.349918509686131418e-03
5.033988186711789783e-03
2.555785908515016778e-03
8.594588987995862434e-03
5.044445378273529519e-03
-6.865326441720876393e-04
1.662193217587145310e-03
5.023225919213122372e-03
3.649720461556939331e-03
7.495679837665425622e-03
5.034336792428953551e-03
2.549303420758016261e-03
1.361112211012122314e-03
5.043855280940532856e-03
-3.484120086644029897e-03
7.554984517762971218e-03
5.046209782913426214e-03
-2.320868206150219527e-03
1.358791884259971054e-03
5.045145126832364935e-03
-1.758737493132514224e-03
5.792915115657191333e-03
5.045120124861020121e-03
-3.702247592900845263e-03
4.187303781756379975e-03
5.046870357911814077e-03
-1.842990383593821283e-03
2.639019164713456243e-03
5.044518623932086991e-03
-2.061001451175399797e-03
7.142680892461436559e-03
5.044364444767026993e-03
4.738521044624653461e-04
2.756737031307565904e-03
5.042056527950779070e-03
5.694618241646992162e-04
7.229208397697939673e-03
5.019634991552788042e-03
3.793507885195760224e-03
8.793105453688707107e-03
5.043522602241099807e-03
-3.628893220085523379e-03
8.818105499738573133e-03
5.045947197243088461e-03
-3.630487165226568055e-03
1.183990405836235493e-03
5.020333858006235592e-03
3.794936326453103755e-03
1.204491973459621097e-03
3.594241543129432243e-03
-4.828145245770427280e-03
5.829182150428708145e-03
-3.531698800063612798e-03
-4.819592312181364240e-03
5.822191856054119950e-03
9.833031812972116599e-04
-4.828068744725157006e-03
1.460252849552690774e-03
9.942753833095802334e-04
-4.825574759038399851e-03
8.532039826780834710e-03
-2.571741440988177616e-03
-4.822510396116329312e-03
1.320487535652644599e-03
-2.553784438105474123e-03
-4.822112286119403270e-03
8.646557552430480728e-03
3.620155689053337292e-03
-4.828177446374330196e-03
2.483425450869573489e-03
3.593613583259647453e-03
-4.828623177910147321e-03
4.158763691231650260e-03
2.131600804987288187e-03
-4.827727600143346016e-03
4.998898980608725180e-03
2.006805631777815353e-03
-4.826947429885844638e-03
6.924484121012205312e-03
6.700780635198941553e-04
-4.825526546086413189e-03
5.841240279640743001e-03
6.427176593049669642e-04
-4.826890015605604829e-03
4.207942253880317049e-03
-7.629185342609690317e-04
-4.823774281023552810e-03
5.008598458687289062e-03
-7.879835058665038720e-04
-4.823465666062722208e-03
6.683100298794369433e-03
-7.984747462065434681e-04
-4.825440253328845165e-03
3.383535546834771056e-03
-2.191678512868863987e-03
-4.821758804147049070e-03
4.398551407399295399e-03
-8.095884417134841231e-04
-4.825634006568184885e-03
1.655895303422371973e-03
1.987876614303864253e-03
-4.828183033079057503e-03
3.063023422556444917e-03
-8.028867637657156539e-04
-4.823971306843408136e-03
8.349133896478792144e-03
2.540811714281256128e-03
-4.826059172639309697e-03
8.608738685499980892e-03
3.662121057724719488e-03
-4.827048473218115317e-03
7.511885417474493606e-03
-3.672473888976702898e-03
-4.820787298438567250e-03
7.552208915088690945e-03
2.535796522380943940e-03
-4.827781610405677999e-03
1.352520923719952375e-03
-3.728945973758488776e-03
-4.819809268403056277e-03
2.392503153161695817e-03
-1.870655341144895900e-03
-4.822324657817472597e-03
5.832896336808097645e-03
-3.689468246727585846e-03
-4.819847946240044152e-03
4.050663931323622742e-03
-2.194295890872793257e-03
-4.822826628262942214e-03
2.811188153646929002e-03
-2.203711374649457416e-03
-4.822086988658359774e-03
7.146975488730248835e-03
5.007111176409285037e-04
-4.825105610006971690e-03
7.231290471582160935e-03
4.009232817689479329e-04
-4.827444974897553490e-03
2.753647591981094912e-03
3.811372658476151580e-03
-4.825816782005189903e-03
8.818440475077883589e-03
3.813443180546081251e-03
-4.827170504373712485e-03
1.183895795798890890e-03
-3.823045499168215618e-03
-4.820645329195933672e-03
8.815477344961594394e-03
-3.830861123740117620e-03
-4.820268547343779623e-03
1.174304600967273054e-03
3.566737604755334731e-03
5.002153729744423377e-03
5.821329390325809955e-03
-3.494289161769087090e-03
5.001603186352078165e-03
5.815745531437613303e-03
9.785422671151654869e-04
5.001171608377260464e-03
1.489328094136803220e-03
9.928659016898262139e-04
5.001597427131227076e-03
8.499510834768330900e-03
-2.540710156281164069e-03
5.002500849579628872e-03
1.352818994848593252e-03
-2.524314798617008186e-03
5.005233041091053728e-03
8.615616186433673607e-03
3.592939182171291795e-03
5.006886282670313694e-03
2.506105511925573338e-03
3.568577203249822648e-03
5.002223876681421988e-03
4.164464194204295540e-03
2.116754446406778067e-03
5.007412150942527722e-03
4.999828358014816142e-03
1.993165847552672443e-03
5.007653319092960319e-03
6.904077690052200927e-03
6.706867626151833328e-04
5.008609702390843209e-03
5.835005327174616271e-03
6.404088243727563360e-04
5.003558004912206890e-03
4.216049379654299677e-03
-7.513693192033981923e-04
5.004005812280754549e-03
5.007940606673516766e-03
-7.732108229626236985e-04
5.001785348800650600e-03
6.667383502126033278e-03
-7.855530862355129037e-04
5.008036953747084345e-03
3.399420136541985837e-03
-2.165233645433611420e-03
5.006520936048136118e-03
4.404689256207703317e-03
-7.970564179919521200e-04
5.006960621313244313e-03
1.684863681002371017e-03
1.975476576708547986e-03
5.007361545299208669e-03
3.079822900967374346e-03
-7.892807201855588182e-04
5.005050396530886722e-03
8.320429188861432415e-03
2.522446830320214731e-03
5.006929131895021187e-03
8.576207151755757888e-03
3.635013089250638436e-03
5.004892882886540287e-03
7.487531069852094122e-03
-3.633961034522227747e-03
5.003456546447958807e-03
7.528747184536659955e-03
2.515001030559418926e-03
5.006060956028015110e-03
1.383627201942908480e-03
-3.690970916624812959e-03
5.006472959272353050e-03
2.417845712738410889e-03
-1.845471529406626180e-03
5.006989012417552114e-03
5.825205083030719419e-03
-3.650251738609296744e-03
5.001167124523234545e-03
4.059857193437284469e-03
-2.166882542348257633e-03
5.003028944272716952e-03
2.832657716136376038e-03
-2.177214413857081216e-03
5.003931769853915516e-03
7.125821425170435382e-03
5.035471847215269425e-04
5.005500638727839249e-03
7.210142108258574961e-03
3.998289245459829251e-04
5.004317778069629005e-03
2.773152194888887662e-03
3.781250232322193924e-03
5.002103714848105988e-03
8.782435981074756051e-03
3.782070458026360119e-03
5.001971694644937079e-03
1.218825338178445303e-03
-3.782457493816805075e-03
5.002730533235437080e-03
8.782654751513605668e-03
-3.790128572907240992e-03
5.002821546324186588e-03
1.209280641738060338e-03
7.999846392209881019e-04
3.345825059712964362e-03
-2.560274996448782669e-05
7.784920012340598239e-04
-3.271602449613161996e-03
-4.826480044754255549e-05
-3.596525087499961859e-03
8.886713437821901641e-04
-4.492496297519610359e-05
3.538346913135953942e-03
8.880004316210430605e-04
-4.310603963988582599e-05
-3.632487369035642972e-03
-2.306848040297440963e-03
-4.998940524675092275e-05
3.518576428719016706e-03
-2.254232136380137762e-03
-4.749869080837329873e-05
-2.562217741254606187e-03
3.589911857915647261e-03
-2.214452691912968693e-05
-3.600164355944449578e-03
-7.266730077804649116e-04
-4.891590894871840442e-05
-2.137234757265528071e-03
7.667831636781810556e-05
-4.873252227100472361e-05
-1.993217636073435928e-03
1.957109503700644841e-03
-4.267376614155527024e-05
-6.755860112332620886e-04
8.929883896461679200e-04
-4.645908323440661432e-05
-6.779857237656130697e-04
-7.411524551949342848e-04
-4.806830593483504989e-05
7.503738549907225689e-04
7.473540299337885621e-05
-4.696083390685123018e-05
7.790526719626692312e-04
1.713005710695322554e-03
-4.049583800983083725e-05
7.481782666455120447e-04
-1.529687630272334167e-03
-4.871597858804405735e-05
2.279234685072588276e-03
-7.213814375292935000e-04
-4.699547770434609817e-05
-7.114986796259639831e-04
-2.337590062714534154e-03
-4.912747783962520765e-05
3.631039710750495319e-03
2.584249894089717895e-03
-3.702347752675103244e-05
-9.843363948093067101e-04
3.520412441155434773e-03
-2.418024242550474208e-05
-2.149741798708222542e-03
-1.538181555884922955e-03
-5.022099569303493618e-05
-2.317627329360803009e-03
-3.310778058411894143e-03
-4.808258413096185339e-05
2.516471580072357495e-03
3.650827679182316442e-03
-2.458593827844031450e-05
2.510372142408323279e-03
-3.480365784771986999e-03
-4.784780030841761795e-05
-3.657185771322807571e-03
2.525168614626397030e-03
-3.847079500248822774e-05
1.885063994581978163e-03
8.449718372128776087e-04
-4.532544934941457428e-05
3.885114618309463801e-03
-7.120828358599521658e-04
-4.500624347967861419e-05
1.967613460223713740e-03
-2.252412953549518936e-03
-4.867955243435210123e-05
2.191131678086774472e-03
2.169798216415051370e-03
-4.096080391928927318e-05
-8.171786548579536725e-04
-3.722520571947544876e-03
-4.818969721373569508e-05
-4.822485910679754424e-04
2.254648695329410958e-03
-3.999374972849674122e-05
3.791655220452235572e-03
3.793901953650940465e-03
-1.920463481575450612e-05
-3.821408267384486610e-03
-3.623235716261332621e-03
-4.883317789655531368e-05
-3.793943093562496000e-03
3.794759443651374731e-03
-2.218865389160650902e-05
3.814123514526656083e-03
-3.630494378030455632e-03
-4.782070303397660158e-05
-3.598975224295203421e-03
8.865206997208367355e-04
1.004561874543665086e-02
7.960130633252603290e-04
3.346446420263742959e-03
1.002495989535262359e-02
7.760027037725893877e-04
-3.269831370531259707e-03
1.004863266401854680e-02
3.537297144778504734e-03
8.894728520324246329e-04
1.004347657080592073e-02
-3.633565339108906379e-03
-2.307536878919476050e-03
1.004740664999527466e-02
3.516352339004593427e-03
-2.252253916697621091e-03
1.004868620032918838e-02
-2.564724529524053075e-03
3.587745558719512753e-03
1.002530145481796142e-02
-3.602722997294330928e-03
-7.281071652048249450e-04
1.004806591691270387e-02
-2.139385467191662251e-03
7.600096695307567848e-05
1.004869257441990543e-02
-1.996196525154038739e-03
1.955624098632099440e-03
1.004692318359422243e-02
-6.784884774548143862e-04
8.927122450894062764e-04
1.005000633584113290e-02
-6.795099508461106309e-04
-7.407148723199771670e-04
1.004944901025258720e-02
7.476711274296412657e-04
7.595661352694028684e-05
1.004755015551446126e-02
7.759591521361437457e-04
1.712893851904683786e-03
1.004243281606348979e-02
7.467208333840713672e-04
-1.528247484054508221e-03
1.004855477491309150e-02
2.277195229547278408e-03
-7.185531745232129688e-04
1.004761579436555009e-02
-7.134556263727323197e-04
-2.335293917479167730e-03
1.004784402081523517e-02
3.630427552110706418e-03
2.587081923656470942e-03
1.003542972189528509e-02
-9.899930292620864533e-04
3.522702819118022060e-03
1.002443396861269452e-02
-2.152054843399425852e-03
-1.537164439655452170e-03
1.004777683770181028e-02
-2.318524075030910497e-03
-3.310970429736999777e-03
1.004826889341382985e-02
2.513018868909857369e-03
3.650363922631019113e-03
1.002452279810824888e-02
2.508143350654348878e-03
-3.478191398315706208e-03
1.004922831637880369e-02
-3.659297283151970778e-03
2.522961265168535781e-03
1.003728623396801280e-02
1.882040786173638314e-03
8.469566101892874984e-04
1.004602535323608631e-02
3.884331704594495577e-03
-7.117715463165408740e-04
1.004902897464124596e-02
1.965906828470266685e-03
-2.249861638456480094e-03
1.004811693002698007e-02
2.189466464523699609e-03
2.169606483659528365e-03
1.003951505612649120e-02
-8.182575422457682209e-04
-3.721504565818435119e-03
1.004878041145701797e-02
-4.867184375771079819e-04
2.254892246365225190e-03
1.004065057216536536e-02
3.792254808242133922e-03
3.796067622886885925e-03
1.001973398324920370e-02
-3.822248308690798929e-03
-3.624702446952317650e-03
1.004730122258793226e-02
-3.793150035590499205e-03
3.793712664341264158e-03
1.002109303212504222e-02
3.811696979102272616e-03
-3.628923706282013821e-03
1.004974481556539755e-02
-3.544048380127328649e-03
-3.740961668648125262e-03
4.837012226234922198e-03
-2.871438962820795502e-06
7.269848827719896129e-05
4.999717829877111351e-03
-1.789467251696875679e-03
-1.651262815780669491e-03
6.116601237655941090e-03
-2.534994086853010944e-03
-2.379619486841287688e-03
2.487107975568493296e-03
1.865455923422452457e-03
-1.705897871609924265e-03
3.120897973305344388e-03
1.858044841909356351e-03
-1.707070941143802850e-03
6.881789635096306409e-03
1.177775429588434099e-03
2.072101588731003422e-03
3.007920479272177365e-03
-1.588299697249499938e-03
2.093626843613787241e-03
6.595655302565239103e-03
1.598756537221797001e-03
1.599091601158592491e-03
7.088683971347188584e-03
-2.042028842854282447e-03
1.224789545590608281e-03
2.971274995375102097e-03
2.608088914085235615e-03
2.539786354250200828e-04
5.032707369724013537e-03
-3.288886461733849811e-04
-2.499144813753119594e-03
4.186039930221690381e-03
-1.682762832951401944e-04
-2.850682041163927626e-04
7.554648823400396222e-03
-3.634436073666786758e-04
-6.128933798168324874e-04
2.501262252131424869e-03
2.667621534565212203e-03
3.546273103486639682e-04
2.211620995477321747e-03
-2.627351900992439069e-03
1.202760060510143971e-04
7.595062306653433196e-03
-2.794864724426787857e-03
2.484782066899125287e-04
5.059854177811629918e-03
-2.228393765036654965e-04
-2.626323132006106419e-03
7.662125260060629814e-03
1.612315729874731849e-04
2.794533111554572957e-03
5.076982379475076211e-03
2.600643857802675818e-03
2.644111255803343555e-03
5.121768949259713002e-03
-2.880733043179532771e-03
-2.713784062656941169e-03
7.863833169061007142e-03
-2.978634225802660393e-03
-2.390959598139805273e-03
4.549839604007147216e-03
2.536584744942417253e-04
-2.781374407376086509e-03
2.055535614082535083e-03
1.128688979455870581e-05
2.945097381250680584e-03
7.938699198849043584e-03
2.994343809720479907e-03
-1.846958292886469091e-03
5.002899122004209574e-03
-2.959054589440295209e-03
2.991636746006288202e-03
2.057258344499257856e-03
2.954279764901907631e-03
2.961513457703369816e-03
2.050043773799348039e-03
-2.756520859875107900e-03
2.733709461012602624e-03
4.632457285922734688e-03
2.945702168585278679e-03
-1.596336526464232002e-05
7.851820398007481813e-03
-7.361772404813250346e-04
2.786281528216687665e-03
2.120377638952820887e-03
2.994209501298893301e-03
3.003516063010432720e-03
7.946952586400633095e-03
-2.992007763524491982e-03
3.005419210902009891e-03
7.975537731421900034e-03
3.081354334798917013e-03
-2.913728882172940578e-03
8.071538534231892728e-03
-2.948207815456783260e-03
-3.963922598683421454e-04
1.967674746889882392e-03
1.309706863453209214e-03
-2.969473182239411313e-03
5.360622298495299441e-03
3.083308645353591629e-03
-2.915242210428130396e-03
1.913680138618745240e-03
-1.644113519814232672e-03
-1.012182713181384534e-03
4.013439367132570594e-03
1.198795674907496105e-03
4.656412620997943516e-05
3.458849288509902552e-03
2.175437800278203306e-04
1.020510871185963510e-03
1.689361428906477293e-03
1.496262193883747158e-04
-1.565828651960296958e-03
5.955944399389973692e-03
-1.168514213214935996e-03
1.172485799134492541e-03
8.215647227612726811e-03
1.294358742672398199e-03
-7.665507105081226713e-04
1.590034586692410301e-03
3.248848628908658585e-03
1.497683152134865773e-03
3.681369516970407763e-03
-1.319712381320407770e-03
1.458588100874779045e-03
4.774878792177764120e-03
-1.608222908006848176e-03
-1.351274306962410099e-03
8.209079249526693781e-03
-8.277455304225568534e-04
-3.195058886821864393e-03
5.845083411536475086e-03
3.336729696685079068e-03
1.401533871007944101e-03
6.335690343076147077e-03
1.269027929473758205e-03
-5.362754703156121639e-05
6.373576582580703885e-03
-2.635964577633384022e-03
-3.229745997599959249e-03
6.129183019856264923e-03
-1.344315585461373398e-03
3.457118771038786330e-04
6.261461661021654364e-03
3.241144445692738848e-03
-6.451963609786581051e-04
3.600067848156533919e-03
1.204426225264948599e-03
3.355724309710267882e-03
6.536473008496793656e-03
1.216884024338776979e-03
1.367368549723721937e-03
4.689293865315987894e-03
-3.388550767894533272e-03
1.342303981818803978e-03
6.431751436553768270e-03
2.484671536075659486e-03
-3.260951022130703734e-03
3.910120474514146294e-03
-3.586256695053431816e-03
-3.292986887493729899e-03
3.332932886715211061e-03
-1.155203890067570257e-03
3.267111315120209067e-03
3.862509798443601247e-03
-3.383582819654144900e-03
-1.318310636840248993e-03
6.892513513844393536e-03
1.389825856794393161e-03
-2.492701284016255771e-03
8.389106043308003358e-03
7.533460691214835005e-04
8.920196612091538073e-04
8.477715742367672794e-03
1.243416235602150645e-03
-7.719636893800538779e-04
8.523877065079852114e-03
3.304030681664411884e-03
-1.189520893566663054e-03
1.604344662344779453e-03
2.932405022188040375e-03
-3.191934751582691052e-03
6.240880515076981799e-03
1.383271340126089989e-03
-1.145437342195067222e-03
4.740267034455810866e-03
7.749991961160366161e-05
1.398275334461322175e-03
6.161694481716119796e-03
-2.663701424732801970e-03
3.473228792173765032e-03
6.265890632471415173e-03
-3.384745183881294507e-03
-8.705780065771732664e-04
3.882911150432332998e-03
-2.316850139178619006e-04
1.082652373262861728e-03
3.415941609719331477e-03
