-5.111398411372825197e-03
-4.642908961860626148e-03
1.009303157335612704e-02
-5.109003589674477631e-03
-4.640938853607774577e-03
-9.969925675216940661e-05
-5.006074772318835735e-03
5.008302100813843451e-03
1.000653181263709557e-02
-5.006561142220066971e-03
5.008608738930581117e-03
-6.454328824625181183e-06
5.085951486403588427e-03
-4.654159852975799094e-03
1.009955913098535378e-02
5.090214570848621868e-03
-4.657216404580296829e-03
-9.488674379527367597e-05
5.006853719553156987e-03
5.008465558483598049e-03
1.000588803371872670e-02
5.005786290704404042e-03
5.008498618852583011e-03
-6.670832689921999637e-06
-5.109157869946206673e-03
-4.642609933035015367e-03
1.601314345641722658e-03
-5.109524384458418930e-03
-4.643241610130264228e-03
3.299216226702960438e-03
-5.109477577817891046e-03
-4.643814049683305661e-03
4.998571628411188801e-03
-5.109562010027469091e-03
-4.644613009082830535e-03
6.695800772365220407e-03
-5.110057668580571429e-03
-4.645041967265580926e-03
8.395028982765749548e-03
-5.107481177120126378e-03
-3.040514118489768148e-03
1.009292965616233675e-02
-5.104841861827921247e-03
-1.438462055125988787e-03
1.009357804491664568e-02
-5.099183098638175940e-03
1.705465777032704377e-04
1.009178158007815497e-02
-5.085008364639109074e-03
1.784003746833487782e-03
1.008293485558838312e-02
-5.057658018415278449e-03
3.398139367004154171e-03
1.005472248016086451e-02
-5.010396326809890208e-03
5.012317270551000514e-03
1.664958583466890707e-03
-5.010708265876249838e-03
5.012000546882307631e-03
3.332594564885429586e-03
-5.010980261451813272e-03
5.014365815972622598e-03
4.997949050212382657e-03
-5.012358319511713706e-03
5.015895834112334140e-03
6.668419738075097650e-03
-5.010230949571850036e-03
5.012655288269511969e-03
8.335191999633362672e-03
-5.106297440867136293e-03
-3.039141008814860278e-03
-9.846001897751332967e-05
-5.101637771530521774e-03
-1.435986657210810286e-03
-9.727427061020869751e-05
-5.093259203241014450e-03
1.734307638381669232e-04
-9.391552138250444247e-05
-5.079869875666957225e-03
1.785439572516460231e-03
-8.814868954838419549e-05
-5.059159091435500369e-03
3.399123432961172978e-03
-6.057979190918580680e-05
5.089022498913705825e-03
-4.659633569557656944e-03
1.603696376222154499e-03
5.087767430342610489e-03
-4.661995373649744333e-03
3.302409971459623755e-03
5.087155492499390551e-03
-4.662519118252021408e-03
5.003552209786803900e-03
5.085961512273920286e-03
-4.660707376363113462e-03
6.704147143465013885e-03
5.085390344467884301e-03
-4.656739774905936310e-03
8.401663771166285530e-03
5.085639821958430444e-03
-3.050837911243416481e-03
1.009850662396408541e-02
5.086257905274464176e-03
-1.447786868232441406e-03
1.009721695086682365e-02
5.081288010536700629e-03
1.646377840057325706e-04
1.009085038408914607e-02
5.076972370257513793e-03
1.777382204099706197e-03
1.007772509355966094e-02
5.052726179955223038e-03
3.393309492401980036e-03
1.005482903666617307e-02
5.008769980087944551e-03
5.010499021535402657e-03
1.665204519473228529e-03
5.011446467138055798e-03
5.013082711564041498e-03
3.330438433202655840e-03
5.011229610812779553e-03
5.013490079598552362e-03
5.002138880669981108e-03
5.011471511090635940e-03
5.014024281522685110e-03
6.666889946983164256e-03
5.009255947158332452e-03
5.011506697507212352e-03
8.336121032596727556e-03
5.090783823628972082e-03
-3.054089367992210338e-03
-9.472768734947890478e-05
5.088379179514958967e-03
-1.447952177310890109e-03
-9.102292797009927836e-05
5.085575008403433496e-03
1.614448536175553382e-04
-8.650841931616922212e-05
5.080005170112785254e-03
1.773217052398695951e-03
-8.093837292445066854e-05
5.052626103504115167e-03
3.393198351640521002e-03
-5.965203811066549972e-05
-3.410629386625773155e-03
-4.645678200539962548e-03
-9.761505200284919040e-05
-1.712203629107742712e-03
-4.652237465066908634e-03
-9.631983142279459530e-05
-1.033357188335758027e-05
-4.657638325662326502e-03
-9.520467965963821315e-05
1.691412611784752192e-03
-4.660231571449081553e-03
-9.509416552193942454e-05
3.390741465204832623e-03
-4.659006872424016100e-03
-9.497536530084266682e-05
-3.412204532815544568e-03
-4.648046229171066968e-03
1.009445559670995099e-02
-1.713304071063956281e-03
-4.651884658093376895e-03
1.009588471578841927e-02
-1.340169045791729216e-05
-4.655785117621756911e-03
1.009708722970105617e-02
1.686659157715205337e-03
-4.655420766617773126e-03
1.009692660251674916e-02
3.385826143432627954e-03
-4.655570042924223571e-03
1.009932926052196575e-02
-3.335817741879370038e-03
5.012129308149289655e-03
-1.011184987656285126e-05
-1.666034758102312528e-03
5.014503499923935598e-03
-1.135392431129446807e-05
-9.395024226406952579e-07
5.016877408135373036e-03
-1.420960025594868966e-05
1.669054978193597631e-03
5.012281671023933842e-03
-1.145799848691043764e-05
3.335093506345943384e-03
5.011397313607219954e-03
-9.144409771397831086e-06
-3.335661847421998207e-03
5.012083353369820894e-03
1.000995204300623997e-02
-1.667576070161543933e-03
5.016292567866400057e-03
1.001235088286163942e-02
2.347053105839331145e-08
5.016190507737577908e-03
1.001319022813245384e-02
1.668307713242003169e-03
5.011210776162641420e-03
1.000989678828206018e-02
3.333988370138738638e-03
5.010793338120207545e-03
1.000893076531013219e-02
-5.106271634945128493e-03
-3.193680129043494163e-03
5.828426911890493070e-03
-5.092011345742574781e-03
1.121246549065723231e-03
8.560296362652200161e-03
-5.090268133065386190e-03
1.110788404973743048e-03
1.429102252620044911e-03
-5.056614792210250599e-03
3.608401666761605359e-03
5.820842534408980293e-03
-5.105505402139456049e-03
-2.280986085204834979e-03
1.283302126628606309e-03
-5.104959592658437142e-03
-2.263222383731176238e-03
8.678555653141723988e-03
-5.053139723258728844e-03
3.620056481044061757e-03
2.484013874957298213e-03
-5.038604074443692009e-03
3.595922452577343317e-03
4.159794332411553656e-03
-5.091490542900947019e-03
2.195133044822233752e-03
4.999091350962493220e-03
-5.089256958733324836e-03
2.082893023989239572e-03
6.932200976275876454e-03
-5.104855126286772862e-03
8.008251991292893559e-04
5.845297457866885198e-03
-5.104760647487866128e-03
7.797777008751906195e-04
4.197565175239813436e-03
-5.102029003336508266e-03
-5.591960230981731991e-04
5.005880775757457282e-03
-5.102863754786402667e-03
-5.850651588603384681e-04
6.698122165473060531e-03
-5.101627544574063866e-03
-5.887923698579396138e-04
3.364675030507692857e-03
-5.104195306623184047e-03
-1.916737013429422459e-03
4.389577958150459557e-03
-5.088333733162939652e-03
2.060325857293658375e-03
3.050535793020654838e-03
-5.099757424672781217e-03
-6.023471731214382306e-04
1.620337683395022118e-03
-5.103357276444273928e-03
-5.948716816434665693e-04
8.380168654743506279e-03
-5.076375489479159619e-03
2.593438590382371890e-03
8.621120851082618788e-03
-5.047959991346205946e-03
3.669172872338304948e-03
7.501108405007031639e-03
-5.079190758586355110e-03
2.585730613342682258e-03
1.330743258324986952e-03
-5.107371355585323645e-03
-3.329949933109937425e-03
7.574961065592576356e-03
-5.107039742438770902e-03
-3.380497959302424926e-03
2.367111294721207376e-03
-5.103229437304514574e-03
-1.613381471506662376e-03
5.839768249808989856e-03
-5.106778006952640905e-03
-3.344183650018486224e-03
4.040834922788155009e-03
-5.104842037937511699e-03
-1.919343077657281000e-03
2.788411361449481211e-03
-5.104799546095151880e-03
-1.930393498910983139e-03
7.168063065624450010e-03
-5.100314615044626229e-03
5.501102304929889834e-04
2.727437386305006303e-03
-5.101297793237531512e-03
6.437445070823755687e-04
7.250676801056771432e-03
-5.039883396210776204e-03
3.811866627353013848e-03
8.803785605316295088e-03
-5.107779635907061175e-03
-3.471316491770919024e-03
8.849663295266712790e-03
-5.040683800193260407e-03
3.810893545168680691e-03
1.192859745394324279e-03
-5.107594574569429384e-03
-3.478459284667989419e-03
1.136683115799084608e-03
5.077476514686197345e-03
1.111960986750227262e-03
8.556150834671755537e-03
5.082034887459993544e-03
1.100376919711269080e-03
1.435277113632979105e-03
5.088240816335978800e-03
-3.212892631401679817e-03
5.834029800621216150e-03
5.044548899886859734e-03
3.595142448001973148e-03
5.830950554378730964e-03
5.089511637178914354e-03
-3.207316087395089849e-03
2.580052286298797817e-03
5.085940502640889579e-03
-2.274304489147049683e-03
8.683491638849162586e-03
5.050369159433889567e-03
3.616097891336588713e-03
2.483786243752824762e-03
5.048288150787247006e-03
3.600605071547841214e-03
4.160660992690115058e-03
5.069521604506512132e-03
2.191713699253453832e-03
4.999869502913445798e-03
5.074323273034931844e-03
2.072275872770981946e-03
6.931016779234461592e-03
5.087809464674089566e-03
7.922135715200661352e-04
5.847512582278814597e-03
5.093299000654971653e-03
7.627776032976007516e-04
4.203074439356522737e-03
5.092098783213134736e-03
-5.770720255087818072e-04
5.009945007385089091e-03
5.090333334406683605e-03
-6.111193296443117673e-04
3.368574018547062371e-03
5.090798554372948266e-03
-5.966885904032547721e-04
6.701014808736953203e-03
5.090615747219808321e-03
-2.047594287032255839e-03
4.185978287638355763e-03
5.075624939218059163e-03
2.054015602039294466e-03
3.057868228713757613e-03
5.088089446866936316e-03
-6.063147740681134766e-04
8.382445762619530547e-03
5.067446924831011876e-03
2.588893792770979169e-03
8.615768963985045645e-03
5.088016733522763256e-03
-5.970575818864146079e-04
1.632844728757555219e-03
5.046132297410083588e-03
3.667222659657258868e-03
7.505086950213732573e-03
5.068089923759899751e-03
2.582949185454336532e-03
1.335727501991778102e-03
5.086685822979450725e-03
-3.342426177883302176e-03
7.580843073974560288e-03
5.091472057584823727e-03
-2.201946933086347102e-03
1.325002982546701590e-03
5.089302022012962175e-03
-1.652397629678804001e-03
5.801790413130069463e-03
5.089175833017033426e-03
-3.558974695921713824e-03
4.180737342829412770e-03
5.092775422546556678e-03
-1.734895892049271660e-03
2.617319022484586137e-03
5.088055457996290380e-03
-1.947116236176986426e-03
7.164173320599766595e-03
5.087867093097861275e-03
5.405679517030898603e-04
2.737832785140138173e-03
5.083300551574722326e-03
6.348589390810668951e-04
7.248161797383448693e-03
5.039050631977895142e-03
3.806980873979529979e-03
8.805922769950572798e-03
5.086039095106227245e-03
-3.482948986700589757e-03
8.855981265967401497e-03
5.090895493829804969e-03
-3.486173962451280962e-03
1.148342199182196674e-03
5.040441033733846984e-03
3.809812151783548498e-03
1.189370719932622772e-03
3.623506651082491602e-03
-4.662640991019131355e-03
5.838411517397363616e-03
-3.572037711772988768e-03
-4.645114518607385869e-03
5.829343464000862757e-03
9.878103627057710067e-04
-4.662396178304905638e-03
1.426809770967157973e-03
9.967828709471348182e-04
-4.657365044735196566e-03
8.565912804663594615e-03
-2.603186968951950748e-03
-4.650957375818844629e-03
1.285186850032002046e-03
-2.585245967870659824e-03
-4.650177172976179517e-03
8.680893420618009462e-03
3.650339754756235216e-03
-4.662645070110233575e-03
2.460054880612116360e-03
3.623258039288035359e-03
-4.663650930890933001e-03
4.151630120588915493e-03
2.146329287274377235e-03
-4.661867436729904939e-03
4.999880973827515104e-03
2.019759189844591747e-03
-4.660244307714762543e-03
6.943988037522946452e-03
6.693542341490674738e-04
-4.657411194249103104e-03
5.849502405024519479e-03
6.426138665845107425e-04
-4.660200756457630669e-03
4.200974748198711868e-03
-7.776151137906344140e-04
-4.653843903660855735e-03
5.009243719338289484e-03
-8.026957968077425877e-04
-4.653154387513301453e-03
6.699160756002810711e-03
-8.127293633854512775e-04
-4.657180298357249844e-03
3.368208502291619895e-03
-2.220070943367253875e-03
-4.649635501694214870e-03
4.393145942008906853e-03
-8.239563392771615240e-04
-4.657462697226563177e-03
1.624049355119537097e-03
2.001875367334704503e-03
-4.662703849465722403e-03
3.045220476879496787e-03
-8.175111542004248220e-04
-4.654099957489195652e-03
8.381075636564445236e-03
2.558775461042091335e-03
-4.658300988946897231e-03
8.644351776224031003e-03
3.691284977934423516e-03
-4.660375698444259480e-03
7.537755368155595569e-03
-3.714559513500190809e-03
-4.647426510936920017e-03
7.575285288813536633e-03
2.555738007194776999e-03
-4.661742888832589964e-03
1.318341638241139844e-03
-3.771546130319643284e-03
-4.645439559161248025e-03
2.367139722522209038e-03
-1.896035230327603469e-03
-4.650798399828948854e-03
5.840761430246700983e-03
-3.731555733515786854e-03
-4.645585437346221556e-03
4.041376960729266277e-03
-2.222323038500147088e-03
-4.651707907757973541e-03
2.790513031784572044e-03
-2.232102020586225130e-03
-4.650223634214105048e-03
7.166845780499444402e-03
4.986576700055226404e-04
-4.656510929914180370e-03
7.252546394421537437e-03
3.990258067641802640e-04
-4.661213518985136972e-03
2.732475112639186441e-03
3.841807009910302648e-03
-4.657766260819031987e-03
8.856757059285517292e-03
3.845945736697871029e-03
-4.660493649525421223e-03
1.148091905549916041e-03
-3.866699935522054273e-03
-4.647036261676621566e-03
8.850744859841141662e-03
-3.874334406957903685e-03
-4.646250004850803993e-03
1.136808169856547016e-03
3.569408027758450962e-03
5.004213360692411246e-03
5.822613084571901486e-03
-3.496575422343362136e-03
5.003140155496239687e-03
5.816468430041334126e-03
9.790742633661103037e-04
5.002305587969218745e-03
1.484753917114718484e-03
9.947056722521567442e-04
5.003115430225876445e-03
8.501012934718464586e-03
-2.540386066896596282e-03
5.004935843563779012e-03
1.349672860769630814e-03
-2.525577612397379105e-03
5.010446746175085259e-03
8.619137429132322364e-03
3.596745261012767106e-03
5.013687592653102119e-03
2.505284105545133814e-03
3.574034968704806279e-03
5.004403714490336837e-03
4.162952407384530769e-03
2.117495990615425247e-03
5.014648763993481348e-03
5.001581147253525081e-03
1.993345694308283709e-03
5.015136299148847086e-03
6.903179644370947832e-03
6.713366394421672097e-04
5.017069631715719534e-03
5.836931469142520035e-03
6.388902249619085073e-04
5.006988439132285633e-03
4.217051432444803363e-03
-7.536931482215471732e-04
5.007902541238109725e-03
5.007884558298064670e-03
-7.724176730690509749e-04
5.003481678312304490e-03
6.667740186158635507e-03
-7.860551412287416139e-04
5.015934174761938098e-03
3.399848114899781983e-03
-2.166416684522352431e-03
5.012957166504899455e-03
4.405388448572568512e-03
-7.980643303045672479e-04
5.013811118744539337e-03
1.681838565865841767e-03
1.977850835261200230e-03
5.014559662269695711e-03
3.078687891822539519e-03
-7.895247086577236468e-04
5.010006343655908426e-03
8.323767971743650101e-03
2.522834185629868088e-03
5.013784002015748108e-03
8.579306417915041200e-03
3.637967907842371354e-03
5.009724445806786573e-03
7.488993162001839239e-03
-3.636851797262545885e-03
5.006855092109334208e-03
7.528494367484481371e-03
2.514962188504915597e-03
5.012028547989802810e-03
1.380357397300799272e-03
-3.694788394363159381e-03
5.012926876800422211e-03
2.417739379880196656e-03
-1.844911239653528219e-03
5.013829161940148819e-03
5.825418104974265134e-03
-3.652485418550528891e-03
5.002236754087142738e-03
4.059686580602743684e-03
-2.166759947785316248e-03
5.005960332791116983e-03
2.833295235793634181e-03
-2.178376467725498186e-03
5.007760942127618096e-03
7.124668480632422550e-03
5.050424113294095865e-04
5.010876511743639697e-03
7.210276394385052232e-03
3.977274516906950555e-04
5.008540458610659558e-03
2.771351731158789352e-03
3.782466146225261453e-03
5.004185857933335022e-03
8.784819366934213183e-03
3.784104860652397380e-03
5.003922454522223735e-03
1.217683619139376923e-03
-3.784862821413468442e-03
5.005483802881677616e-03
8.785254460639317642e-03
-3.792187462411195954e-03
5.005668199203891673e-03
1.206616342376311962e-03
8.028674316935661710e-04
3.365390238512647354e-03
-5.086785125410590711e-05
7.823852199419531299e-04
-3.135087758565860243e-03
-9.601320550704913956e-05
-3.628723283652558404e-03
9.558209466074516240e-04
-8.936564330641942838e-05
3.567143370907208209e-03
9.502597708544711398e-04
-8.552508707338343449e-05
-3.671119330082266239e-03
-2.181428141177946083e-03
-9.960878290089503196e-05
3.549396881015214576e-03
-2.136491557406013184e-03
-9.441467894898395612e-05
-2.569221878328956446e-03
3.609591421478062188e-03
-4.406673047216134353e-05
-3.636221928607675374e-03
-6.309358752322741367e-04
-9.737932273365868983e-05
-2.158421084845963799e-03
1.522697124754641940e-04
-9.693031445186472929e-05
-2.008185981888295502e-03
1.998427991786308131e-03
-8.479881676806641261e-05
-6.811905776420799224e-04
9.513968563852500098e-04
-9.230085737041418743e-05
-6.861771201626819423e-04
-6.521750159799385733e-04
-9.558676500417632841e-05
7.564859440680796708e-04
1.471927138881355462e-04
-9.331104493490739976e-05
7.839588663145211685e-04
1.757826674461491091e-03
-8.039319629201656392e-05
7.529387316294313889e-04
-1.426884262142100786e-03
-9.684159967102045816e-05
2.298983434252513825e-03
-6.336184803347244326e-04
-9.334475848622064177e-05
-7.213592435639027464e-04
-2.218283075416858669e-03
-9.776981701777268260e-05
3.654640382689632819e-03
2.615074544831492639e-03
-7.338459142790200104e-05
-9.846439310010905634e-04
3.536837316688123348e-03
-4.806210385283065403e-05
-2.172622344887592365e-03
-1.431698077716145713e-03
-9.998646803332986697e-05
-2.344654225171044406e-03
-3.168281284995872176e-03
-9.572699635533472851e-05
2.526701503386917774e-03
3.664696295505916017e-03
-4.879255629159462659e-05
2.530987606017590878e-03
-3.339742210524894537e-03
-9.518018953795752011e-05
-3.679967329359918812e-03
2.562800333656513937e-03
-7.651854385253088254e-05
1.900759038192324432e-03
9.042431528893058118e-04
-8.997014697623786927e-05
3.918554843187903487e-03
-6.210464864141237041e-04
-8.938392988713203839e-05
1.983625158405018848e-03
-2.135889136553684783e-03
-9.679706721011867071e-05
2.204961013200207928e-03
2.206801918808638536e-03
-8.119735102064117190e-05
-8.299192504643190240e-04
-3.575229682140944939e-03
-9.592737693864672314e-05
-4.854997654915311329e-04
2.288735733657363668e-03
-7.947623308075654140e-05
3.803086427314588021e-03
3.807757221534759009e-03
-3.810320044296678754e-05
-3.863182770005250694e-03
-3.471179045171046175e-03
-9.730486189332117418e-05
-3.807627236085953798e-03
3.809609862979697510e-03
-4.419047596352332320e-05
3.847391036485008076e-03
-3.486075132719201018e-03
-9.515916971102810981e-05
-3.633690529626154315e-03
9.515531338294472546e-04
1.009087208999865336e-02
7.950408452465653440e-04
3.366616069851807724e-03
1.004966678325560497e-02
7.773834786989937276e-04
-3.131531407298633520e-03
1.009686566209093590e-02
3.565065303443922407e-03
9.532530321279859701e-04
1.008636787687235310e-02
-3.673313220069203411e-03
-2.182866832497554286e-03
1.009442281625522360e-02
3.544952551888955628e-03
-2.132491145819079715e-03
1.009685716500873139e-02
-2.574189046072160574e-03
3.605478204943914338e-03
1.005041748607649922e-02
-3.641399714122587478e-03
-6.338030175668285830e-04
1.009575171019950687e-02
-2.162750458785657210e-03
1.509407563175351450e-04
1.009690575551791016e-02
-2.014120517968741569e-03
1.995588821232649988e-03
1.009327435224134477e-02
-6.869868221812527658e-04
9.508851571344702040e-04
1.009942616022186518e-02
-6.892333772581651702e-04
-6.512507913116121839e-04
1.009844886645371552e-02
7.510873404237403041e-04
1.496550870953059593e-04
1.009454502648944423e-02
7.778291136572101179e-04
1.757726825914361028e-03
1.008429792277375572e-02
7.500040373009878979e-04
-1.424015864216342415e-03
1.009661457054434469e-02
2.294883531616743848e-03
-6.280068818288301897e-04
1.009471750264320442e-02
-7.253152402938275100e-04
-2.213740074773986113e-03
1.009524275436055919e-02
3.653456512709288891e-03
2.620683883678687903e-03
1.007028670519382815e-02
-9.958378678775134125e-04
3.541312455955849484e-03
1.004860059876419229e-02
-2.177301164374208665e-03
-1.429747740065456492e-03
1.009514363080884873e-02
-2.346497424845362355e-03
-3.168707355366244885e-03
1.009614630509307609e-02
2.519918935598045549e-03
3.663786281986190080e-03
1.004875646524584949e-02
2.526547969550400549e-03
-3.335349352365296702e-03
1.009809213907194615e-02
-3.684175363844690524e-03
2.558462721860909218e-03
1.007419723212557919e-02
1.894757182824755287e-03
9.081717365782170830e-04
1.009146303682494604e-02
3.916951938255550623e-03
-6.202848038858820414e-04
1.009746206912006533e-02
1.980201760721272877e-03
-2.130785986214359801e-03
1.009577990466526375e-02
2.201695043740032470e-03
2.206462449490333155e-03
1.007844943455444772e-02
-8.320791086608691480e-04
-3.573220110609698699e-03
1.009717708388115955e-02
-4.943447327450072168e-04
2.289198826194481420e-03
1.008079763363281187e-02
3.804292339923968230e-03
3.812066338092958816e-03
1.003922306293548138e-02
-3.864908037410504614e-03
-3.474162172341154625e-03
1.009425225031181789e-02
-3.806017363459950151e-03
3.807531808925638563e-03
1.004204137414119874e-02
3.842523675023438653e-03
-3.482891773215677361e-03
1.009912836123346390e-02
-3.583544821676945807e-03
-3.587121665138802082e-03
4.835047576295774426e-03
-4.992138157357249967e-06
1.426765926559185366e-04
4.999429926001691671e-03
-1.811176260184229909e-03
-1.538627541880594309e-03
6.126177269763521428e-03
-2.563279056159252934e-03
-2.256494010570785080e-03
2.463386577667277429e-03
1.881317987953781906e-03
-1.602790532263998488e-03
3.103000819347861549e-03
1.872536602202842229e-03
-1.603083705464779197e-03
6.900431390124830283e-03
1.186295684992781435e-03
2.106015566768383671e-03
2.994121889866262470e-03
-1.599460236953541021e-03
2.121453707455187021e-03
6.605268648345503230e-03
1.608243166249578643e-03
1.639858987471678542e-03
7.104134159564996429e-03
-2.059962749516656023e-03
1.273083035967649806e-03
2.950800932915122275e-03
2.631609425634454363e-03
3.185771633902349993e-04
5.033441886155468926e-03
-3.362474141656579540e-04
-2.377955706077640972e-03
4.178168610862127708e-03
-1.737957792758005444e-04
-2.059919129146134658e-04
7.578077747276295434e-03
-3.681236768560210864e-04
-5.307929532427399337e-04
2.476767454966929093e-03
2.690747218630554476e-03
4.199764136391191238e-04
2.186601455094677043e-03
-2.655679559851639206e-03
1.961443389973828021e-04
7.620939382998338958e-03
-2.824681125706545760e-03
3.243262699536647803e-04
5.058731525841656147e-03
-2.301828325978694191e-04
-2.500298694960712866e-03
7.687107804899822455e-03
1.624432008530054682e-04
2.815489497473851188e-03
5.076013651487297149e-03
2.614920619113842402e-03
2.670350451215861270e-03
5.119588693105391226e-03
-2.912832648751505389e-03
-2.583001848604850152e-03
7.890504711877268512e-03
-3.011553257762356311e-03
-2.263316031983140120e-03
4.544743757372799418e-03
2.527536024194206466e-04
-2.656498176200172701e-03
2.027354478924972472e-03
6.633540393851747092e-06
2.966626509531125177e-03
7.955164638877500194e-03
3.019960888088935643e-03
-1.741022583259844124e-03
5.003860541665366805e-03
-2.975851001817242381e-03
3.016688585811647897e-03
2.041838656940032134e-03
2.969269952467156869e-03
2.983457259956086727e-03
2.034473215303608893e-03
-2.770805213777717633e-03
2.749177718916976949e-03
4.631031600797208721e-03
2.970827267077080606e-03
5.757547572653489012e-05
7.879320745966819986e-03
-7.403030948492060614e-04
2.807051277028259784e-03
2.104030490346661068e-03
3.007182300463092945e-03
3.025489162440097093e-03
7.962574405143264464e-03
-3.007765671280838125e-03
3.028313937701478022e-03
7.990890784377497474e-03
3.105939942870340233e-03
-2.784229303404469995e-03
8.101857474711196203e-03
-2.978392393096793243e-03
-3.133151448786227616e-04
1.936610574829598702e-03
1.317771257995634104e-03
-2.840018659440733933e-03
5.364259474809030329e-03
3.109832168459511405e-03
-2.787276969047853235e-03
1.884681290624174279e-03
-1.662423072973226099e-03
-9.159375892299670332e-04
4.003955043043833269e-03
1.209235767089484074e-03
1.155167700230946002e-04
3.443888244990059473e-03
2.199503830839640256e-04
1.072311444409238413e-03
1.660120347420570783e-03
1.468532147421547341e-04
-1.462625268810792368e-03
5.964844308870346362e-03
-1.180976045291906324e-03
1.223421576825401390e-03
8.247929017060735835e-03
1.305313831049269768e-03
-6.811838176458749703e-04
1.557476246093638002e-03
3.276117296794383606e-03
1.540004387767606852e-03
3.671939167426697438e-03
-1.332318278350538236e-03
1.499070733117399386e-03
4.771770243383433030e-03
-1.627700115415501745e-03
-1.249082921208578920e-03
8.238971049111868533e-03
-8.420271847268992168e-04
-3.056305602203244348e-03
5.853152990918687737e-03
3.361939295724115755e-03
1.447581368825443145e-03
6.345239493928003446e-03
1.279645289008902358e-03
1.615891419263027151e-05
6.387022077828557846e-03
-2.666344873682338894e-03
-3.086523497776738970e-03
6.139316417198554046e-03
-1.360687986151181729e-03
4.196625529345281960e-04
6.271806078039229154e-03
3.270592658131426210e-03
-5.624913550794034128e-04
3.587328738298895849e-03
1.207775970151746606e-03
3.369200299226282353e-03
6.542828004970315491e-03
1.226452263287046516e-03
1.411130598639414972e-03
4.686652384743379869e-03
-3.424818048583145366e-03
1.393316745631991826e-03
6.444403247332800531e-03
2.504578335751559727e-03
-3.127135624538310028e-03
3.900385520209985902e-03
-3.625879149812298672e-03
-3.148788364486372962e-03
3.316977356204686440e-03
-1.161293090558500026e-03
3.281944814842522196e-03
3.857117190837924207e-03
-3.419263666886873925e-03
-1.213060671187898842e-03
6.910944019303240024e-03
1.398057536156789181e-03
-2.370859605715215299e-03
8.421950902413023743e-03
7.564955105871760954e-04
9.491699444619361003e-04
8.509040135037764657e-03
1.251441530485117477e-03
-6.830839779970528276e-04
8.557408961842287096e-03
3.333403718974249901e-03
-1.094418258848741483e-03
1.573097705619973339e-03
2.956015243811712778e-03
-3.059008940379045680e-03
6.253729750107464395e-03
1.394056241940581139e-03
-1.052522334106955389e-03
4.737583550021949932e-03
7.691135590867175214e-05
1.440150556902196734e-03
6.171261945110327607e-03
-2.673253787896748279e-03
3.485172430741213887e-03
6.268818906178468854e-03
-3.420540251978872789e-03
-7.724188322800109446e-04
3.870895580035562181e-03
-2.344779885330220933e-04
1.130640657325231169e-03
3.402069946836392897e-03
