-5.052598474428219959e-03
-5.047085686418932744e-03
9.822443820456404351e-03
-5.003948608542727744e-03
-5.004028829309678864e-03
-4.765018409327113411e-06
-5.055218902713059029e-03
5.050491684900863289e-03
9.816203854777877727e-03
-5.003725948031313708e-03
5.003618449234090507e-03
-4.550136357762538366e-06
5.046494476359845126e-03
-5.046014740591250360e-03
9.826972690351621145e-03
5.003505441942701290e-03
-5.003591993853376274e-03
-4.407091428987822896e-06
5.044761074324382623e-03
5.051661649729860017e-03
9.823894940740381110e-03
5.003492009827143448e-03
5.003172309537435788e-03
-4.190406918349151683e-06
-5.026785947037235719e-03
-5.027748102601435447e-03
1.633426347761508064e-03
-5.038503415595708620e-03
-5.039590742551347709e-03
3.273242690131908644e-03
-5.046597643773545645e-03
-5.048311930268415022e-03
4.916721755414100829e-03
-5.049686871885307286e-03
-5.050070517994969220e-03
6.554448068629131936e-03
-5.051360318270353179e-03
-5.048339967004854441e-03
8.188157624326833015e-03
-5.053167164301280816e-03
-3.363843410443013819e-03
9.822391284197944453e-03
-5.052369409320325161e-03
-1.680546547043656677e-03
9.820858357020016000e-03
-5.053481239516243936e-03
3.182324898094982791e-06
9.819578655936841982e-03
-5.053891289783377441e-03
1.685351737199753796e-03
9.817196287648460862e-03
-5.054627523847486995e-03
3.367199156365213285e-03
9.816709609061094813e-03
-5.025829684089972056e-03
5.026901173950533083e-03
1.632948797259901495e-03
-5.041562001745335080e-03
5.040567596695222016e-03
3.271102774459144075e-03
-5.049618931170869220e-03
5.048420737605938645e-03
4.911497663303870075e-03
-5.053038798939976824e-03
5.051012203206558041e-03
6.549575834035903030e-03
-5.053751267933239387e-03
5.050314366268682242e-03
8.182753955621331274e-03
-5.004442498015738462e-03
-3.333655823972177419e-03
-5.660411689302410661e-06
-5.006350108709159419e-03
-1.666929774798065703e-03
-7.072823003156803561e-06
-5.006181331311759450e-03
-3.241238708227026962e-07
-6.546299470983458077e-06
-5.006132565313444437e-03
1.667208870681096333e-03
-7.519188924787139242e-06
-5.004880229135205347e-03
3.333783303466802354e-03
-5.889054822589154498e-06
5.026203711231532791e-03
-5.026148837799298934e-03
1.635644112059445824e-03
5.039505315563940976e-03
-5.038234633347547960e-03
3.277950508126023857e-03
5.044578146668790043e-03
-5.044417668543456530e-03
4.918902396435990108e-03
5.046173624863071160e-03
-5.046145792424221004e-03
6.557475807656375048e-03
5.046734094774233369e-03
-5.046604363677016994e-03
8.192391127326869790e-03
5.046017481603302240e-03
-3.363592566854825983e-03
9.827737281039214054e-03
5.044992669004984102e-03
-1.681358226700466326e-03
9.828471771827234152e-03
5.044849167881874756e-03
2.349217537078604526e-06
9.828871926563705411e-03
5.045129704935058870e-03
1.686235586882370080e-03
9.827968435726957414e-03
5.044888538996796824e-03
3.368631520643741196e-03
9.826147279814772401e-03
5.026932435439674350e-03
5.026056994062869446e-03
1.634843424328648364e-03
5.039507446353078991e-03
5.040337429431476259e-03
3.276220220095330243e-03
5.045122639449757009e-03
5.045795094056581588e-03
4.915771629853857641e-03
5.047022324064582427e-03
5.049114154941683127e-03
6.555159640003583622e-03
5.046161851034869708e-03
5.050429261642378279e-03
8.189459699599515100e-03
5.004489722162460894e-03
-3.334103167121010326e-03
-5.829791911424521534e-06
5.005532297149089226e-03
-1.666161443184020719e-03
-4.150037989507418185e-06
5.006684550038053259e-03
-5.234462139181943748e-07
-6.620463380859010956e-06
5.006315175981363060e-03
1.667446415398810347e-03
-7.907770787999028700e-06
5.005010486310653046e-03
3.334185714453954692e-03
-6.062773076851897411e-06
-3.333504183388016299e-03
-5.004652224685039730e-03
-6.088326936315934918e-06
-1.667759162817497977e-03
-5.007353928959251514e-03
-7.084558079437833850e-06
2.810314970191102808e-07
-5.005652952530741974e-03
-5.852991134125715717e-06
1.667452537491379136e-03
-5.005526286049451212e-03
-6.998287739455737684e-06
3.333623761121998295e-03
-5.004579528450837228e-03
-5.448843227942495710e-06
-3.370028858791842934e-03
-5.046693658609447894e-03
9.824517163644710255e-03
-1.687910445567498410e-03
-5.046037669078711450e-03
9.826789265443124782e-03
-3.826707639264511029e-06
-5.045365035939970190e-03
9.827546792782601223e-03
1.680399441032884430e-03
-5.046166518153697399e-03
9.828017229844648178e-03
3.363109115996223888e-03
-5.046698865719918131e-03
9.827917936722848843e-03
-3.333573605897905464e-03
5.004470212891215519e-03
-5.512924508337643158e-06
-1.666976086494266094e-03
5.005824019785026779e-03
-6.679972747500227085e-06
-5.217254216305079399e-07
5.006152552028187742e-03
-7.032145242760412373e-06
1.667279009547547675e-03
5.005794399262053149e-03
-7.693478914084771552e-06
3.333582107143617194e-03
5.004936357092384068e-03
-5.833266462580241510e-06
-3.372009848206286488e-03
5.050817936110884969e-03
9.818972675232909980e-03
-1.689515523802199038e-03
5.050674571219103057e-03
9.821131638427455304e-03
-4.961005267809817034e-06
5.050714894076759227e-03
9.823288961131177582e-03
1.678906031639614514e-03
5.051135312804986774e-03
9.824688437653911199e-03
3.361606200859183942e-03
5.051437602330234936e-03
9.823740508532676982e-03
-5.049698075714812058e-03
-3.528494841583276666e-03
5.719650275106793851e-03
-5.052226737806494658e-03
1.002117920620715147e-03
8.345031958898331548e-03
-5.020691181213568326e-03
9.814124896382770552e-04
1.474979477913487174e-03
-5.053162612077044362e-03
3.601754553159257528e-03
5.720776773219860001e-03
-5.021251417459531366e-03
-2.546216443179181738e-03
1.340507696475013409e-03
-5.052349855868719895e-03
-2.547182402739318289e-03
8.461616994269217235e-03
-5.034930124504036382e-03
3.611170956390819756e-03
2.469122392728583405e-03
-5.047678344050118143e-03
3.595925557091690303e-03
4.097594581851477132e-03
-5.052017682535082065e-03
2.137971832114763174e-03
4.916297247517521264e-03
-5.051181210811762218e-03
2.014050850060350537e-03
6.783067670597661865e-03
-5.050903893229906523e-03
6.765316365464560259e-04
5.735410383841206897e-03
-5.049757247523600778e-03
6.465486656184757461e-04
4.151403987305231184e-03
-5.049053263411359960e-03
-7.585308214356187339e-04
4.929655765406610289e-03
-5.051159373712517907e-03
-7.819356701579034414e-04
6.554712002139207946e-03
-5.043605377210901887e-03
-7.927798854055041972e-04
3.350419978064065381e-03
-5.048532123781683360e-03
-2.186729256281453627e-03
4.336975401005895882e-03
-5.045655436690181864e-03
1.985681060540837092e-03
3.036607770580046581e-03
-5.024965370979096561e-03
-7.993268882340258787e-04
1.670092974270933001e-03
-5.052160090938914369e-03
-7.952632105459755572e-04
8.171323903605825015e-03
-5.052923193154319759e-03
2.547959251977698937e-03
8.417914017821107736e-03
-5.053158194407511225e-03
3.669144288447362401e-03
7.352982679575626769e-03
-5.024465888744734585e-03
2.521117935923000795e-03
1.370046467197019767e-03
-5.051326283494953287e-03
-3.666940546825888866e-03
7.399975056113409534e-03
-5.031244130498680259e-03
-3.710733005578486805e-03
2.378341238201519669e-03
-5.049748060083423216e-03
-1.865949323289497813e-03
5.729658118491082718e-03
-5.044887948081978012e-03
-3.682928035654829159e-03
3.995480950810541450e-03
-5.041057844832008000e-03
-2.185740792190042549e-03
2.795165227966517254e-03
-5.051029949005214105e-03
-2.197792964998854324e-03
7.006042705567041076e-03
-5.039393392145339289e-03
4.057289085899661247e-04
2.737478006067957988e-03
-5.052028266927216515e-03
5.081728641599503977e-04
7.083938502798499577e-03
-5.053338361130053046e-03
3.818301984782271861e-03
8.620917006024570242e-03
-5.052240502813976596e-03
-3.816316642224863720e-03
8.626392488043021015e-03
-5.020100818242841101e-03
3.791316445450983695e-03
1.203396181925088515e-03
-5.018567577274527479e-03
-3.800059612957430635e-03
1.194086329712169044e-03
5.046773256967495083e-03
1.002724291535805673e-03
8.356367839191825367e-03
5.024841712143333396e-03
9.821305513941175434e-04
1.474717449389316513e-03
5.045833065756615866e-03
-3.524281586381783609e-03
5.722341960777234393e-03
5.047718908486309268e-03
3.599582933505679917e-03
5.726228651239544803e-03
5.034463532689694744e-03
-3.509656164688869200e-03
2.587702040955793328e-03
5.046402162666097785e-03
-2.546130223859648448e-03
8.467638858495083604e-03
5.035438876821117168e-03
3.612316323065190449e-03
2.472495658666376984e-03
5.042019684339508687e-03
3.594789889759663661e-03
4.100999085310195677e-03
5.046514273977020966e-03
2.136814070977556199e-03
4.922323216185591280e-03
5.047458802130145618e-03
2.014403378174719084e-03
6.793506568779549004e-03
5.048017210841559618e-03
6.778860034737330684e-04
5.743439130655896181e-03
5.048027405327481718e-03
6.478183211880151867e-04
4.156578650240224694e-03
5.046120976262708120e-03
-7.558954672489536387e-04
4.934383266368606510e-03
5.041522310294047939e-03
-7.921572701564276496e-04
3.352854363359120734e-03
5.046897063696297210e-03
-7.800197824506913298e-04
6.561340779039861841e-03
5.044008525594313730e-03
-2.297770555136800438e-03
4.137798212453862486e-03
5.040925042778394462e-03
1.987557875534925415e-03
3.037937275311266942e-03
5.046691858248433110e-03
-7.951442589019874297e-04
8.178961066085350951e-03
5.046124802962815084e-03
2.548899925429930474e-03
8.428405921419596797e-03
5.025993960632610218e-03
-7.802701311721662366e-04
1.673290872114974225e-03
5.046306561685544832e-03
3.668996555980570499e-03
7.360670192302180836e-03
5.024514044626057947e-03
2.523463333814239366e-03
1.369428455654563784e-03
5.046703109023891083e-03
-3.664812653752138293e-03
7.404423714576336725e-03
5.020255703710070627e-03
-2.450172888967447858e-03
1.375360090312031675e-03
5.045897058802944861e-03
-1.886315966361786769e-03
5.694692717742456944e-03
5.042796958087449218e-03
-3.883953776092601094e-03
4.129469236586162315e-03
5.035758141694515917e-03
-1.966413760748920644e-03
2.627128958654408736e-03
5.046818708241316079e-03
-2.198927255609199865e-03
7.006076242184767003e-03
5.036280202239456702e-03
4.095210106970885444e-04
2.741302898250636780e-03
5.046923461384748150e-03
5.086623586749931380e-04
7.093731845163213541e-03
5.046016411259375903e-03
3.819290836366554497e-03
8.629671202286916601e-03
5.046492115236571666e-03
-3.815037026881196343e-03
8.631075164521931006e-03
5.020469424871615814e-03
-3.791929771716939356e-03
1.203827136245096564e-03
5.019272936305926858e-03
3.791067230937851269e-03
1.205224172301129710e-03
3.597818609283165176e-03
-5.045719249932566555e-03
5.727258960916539743e-03
-3.526982723596320569e-03
-5.048671294380669382e-03
5.719648166046253923e-03
9.828473024015499989e-04
-5.021235856435597548e-03
1.477576026244633179e-03
9.984628075833191022e-04
-5.046926022904471912e-03
8.356008954448197398e-03
-2.546615205794711036e-03
-5.024786805502829204e-03
1.340792187785191632e-03
-2.550959718390152266e-03
-5.047749563954325759e-03
8.464880051216807852e-03
3.612727289139052583e-03
-5.034225268597493884e-03
2.472407424456957679e-03
3.593931653386622013e-03
-5.042619878883784247e-03
4.102761804991785811e-03
2.136489007006821001e-03
-5.045918253882814009e-03
4.923541396395685402e-03
2.011610881914466849e-03
-5.047459576607476843e-03
6.794766932460710902e-03
6.750935609570378557e-04
-5.046656910157467681e-03
5.742923232948662568e-03
6.484382829601819656e-04
-5.045448160706024997e-03
4.155355684175243702e-03
-7.569786374107003411e-04
-5.047495094200755636e-03
4.933735370885532212e-03
-7.831183049662247646e-04
-5.047861471431346059e-03
6.561081375549299849e-03
-7.892351054638067432e-04
-5.043302390179926938e-03
3.353993438363504775e-03
-2.184064355961967251e-03
-5.046593525486369955e-03
4.338024738238252000e-03
-7.993782182701072861e-04
-5.024847732102032463e-03
1.667621798760236329e-03
1.987986258514372415e-03
-5.041067725688293082e-03
3.042374137147032045e-03
-7.997470705814404982e-04
-5.047428401038228304e-03
8.178303462659708770e-03
2.544768223609030801e-03
-5.046954101826104169e-03
8.429549910685734879e-03
3.666035870562339011e-03
-5.047380997857529861e-03
7.363113564290227515e-03
-3.668752648932161863e-03
-5.048867718267505654e-03
7.401532277768892686e-03
2.522010200226300260e-03
-5.024576537194653560e-03
1.372716236408491044e-03
-3.708336075126190436e-03
-5.035972672810767707e-03
2.378447427080508225e-03
-1.864976071068255191e-03
-5.046926185794612524e-03
5.733059107956144443e-03
-3.680901221817809658e-03
-5.046598603780326313e-03
3.994657542973885887e-03
-2.180349123339092240e-03
-5.039348385797733088e-03
2.795287567893049024e-03
-2.199616607734827898e-03
-5.048076505337189927e-03
7.009479258797370570e-03
5.051417274955118239e-04
-5.047566843317296929e-03
7.093865434497581557e-03
4.056177579053914847e-04
-5.037430781642197007e-03
2.740439610087257085e-03
3.814986775288914476e-03
-5.046893409733153001e-03
8.631649768399722242e-03
3.791666750891455311e-03
-5.019804463338287982e-03
1.204056647032860890e-03
-3.820050936503748430e-03
-5.047761098037042461e-03
8.627815786222101796e-03
-3.799208212248570381e-03
-5.022097052248543705e-03
1.194535698422162593e-03
3.598628818802809392e-03
5.049491958262760510e-03
5.724580943268281139e-03
-3.530176707498988969e-03
5.052411281758812170e-03
5.716290064616186273e-03
9.804379596132794823e-04
5.021868087926005531e-03
1.475610825915227948e-03
9.973650639744798506e-04
5.051228894546141643e-03
8.352143822614574789e-03
-2.546071829906497268e-03
5.019257835742209004e-03
1.340963181471892338e-03
-2.552794108925150740e-03
5.050562075737263443e-03
8.459693077863301644e-03
3.612404009137595243e-03
5.034681158161821365e-03
2.470312175767555140e-03
3.593411048407853161e-03
5.044527276049040436e-03
4.100092919952004825e-03
2.136970098306574008e-03
5.050159871064128191e-03
4.920208860477543085e-03
2.012245949681605237e-03
5.050341573113239016e-03
6.790486548477952383e-03
6.765078887302934793e-04
5.051215359438807236e-03
5.741001646878493396e-03
6.487354351252568995e-04
5.048101350838247493e-03
4.153924384300578150e-03
-7.559258907817640628e-04
5.052399339877621659e-03
4.933515288630711641e-03
-7.840962490304441293e-04
5.052565801970678415e-03
6.558228015170255824e-03
-7.906352843977122302e-04
5.045413250791894524e-03
3.353916794273517805e-03
-2.186229379239704347e-03
5.050812980891810494e-03
4.337780209484920144e-03
-7.999706988050552707e-04
5.026485556217450378e-03
1.671546108246579768e-03
1.986885652811738560e-03
5.043998038767773771e-03
3.038707339069602990e-03
-8.006093803073006032e-04
5.050782513166642181e-03
8.173451871935440496e-03
2.543558634946948335e-03
5.051043167058720876e-03
8.425707831748827092e-03
3.665804883099154938e-03
5.049978439832157780e-03
7.359189808672215484e-03
-3.671372480234851455e-03
5.051507160599199089e-03
7.396250562014177431e-03
2.521312168001874510e-03
5.024210270031959774e-03
1.371021787232434884e-03
-3.709822881484004919e-03
5.033830447674660785e-03
2.381166215844289155e-03
-1.866835407541719621e-03
5.051880159537351124e-03
5.730605051167447610e-03
-3.682979051572153086e-03
5.045528153302223859e-03
3.992923315317520143e-03
-2.182687036809702417e-03
5.041577731393036624e-03
2.796080932701749001e-03
-2.201543671235502327e-03
5.051972022427610176e-03
7.005725721876276610e-03
5.053564615232176375e-04
5.051511544963829987e-03
7.090277338405967175e-03
4.058257082390367108e-04
5.039090641243909943e-03
2.738636481737152361e-03
3.814013355458678763e-03
5.051340274932629264e-03
8.627812510109692662e-03
3.791784542534001965e-03
5.020331924142517124e-03
1.203681082410090102e-03
-3.822049968582367629e-03
5.050803029579844193e-03
8.622148650353655963e-03
-3.798392513569167489e-03
5.018229233291596030e-03
1.194982116001390383e-03
7.959150093448818684e-04
3.329271932722800871e-03
-2.417447886595836637e-06
7.747317585218467528e-04
-3.416155054945172256e-03
-5.722095103202377714e-06
-3.566912262225060883e-03
8.194002092022321113e-04
-1.472417682492968365e-06
3.513159985243793308e-03
8.223481162236712929e-04
-2.171125056834802743e-06
-3.598610474645981289e-03
-2.435732995851860958e-03
-4.203738015263250667e-06
3.489212225070770397e-03
-2.375535917544470323e-03
-6.257832444908257327e-06
-2.555460421716402968e-03
3.573793754989821117e-03
-4.603715712383923503e-06
-3.566729682609367288e-03
-8.247199464736470857e-04
-5.055169184193200936e-06
-2.116554235671285963e-03
-8.897543751056890900e-07
-6.556087690119600870e-06
-1.978407169904032419e-03
1.916488030590940417e-03
-4.955927052808383405e-06
-6.692221726539165786e-04
8.330207876878211815e-04
-6.488054825175948760e-06
-6.691219780907531984e-04
-8.326355048548432329e-04
-8.155869388525547142e-06
7.446585943222956260e-04
1.435077332039568899e-06
-6.643678043498594607e-06
7.716589637562451011e-04
1.666545586364580767e-03
-5.421092677575459867e-06
7.446085654970984857e-04
-1.636273811412853512e-03
-6.789082286225504148e-06
2.259367706216713553e-03
-8.135370006802926553e-04
-7.155717900107093844e-06
-7.018056266161614180e-04
-2.461524341494817757e-03
-3.808608258645422525e-06
3.610238482955285128e-03
2.553751364148015065e-03
-4.247281478331410025e-06
-9.835231110294740623e-04
3.507016077395138862e-03
-5.241612578487315443e-06
-2.128523107137982300e-03
-1.647342590123376371e-03
-5.563476424538966427e-06
-2.292886170200280141e-03
-3.461747003656314662e-03
-7.021584387911452389e-06
2.507263697614711250e-03
3.640612082803847214e-03
-5.427334507357922697e-06
2.490874455195572768e-03
-3.629829309442333084e-03
-5.821646933028496921e-06
-3.637211639050941941e-03
2.488428815938864211e-03
-5.710625840086324239e-06
1.867545089071988035e-03
7.840956413623802581e-04
-3.429975674101983445e-06
3.852518675307921216e-03
-8.063023641060476730e-04
-5.966885675320407382e-06
1.952907828158635889e-03
-2.373247810527205019e-03
-1.467569830888381255e-06
2.178171238189528444e-03
2.132455095401355333e-03
-4.816801094385134166e-06
-8.047693859341330594e-04
-3.879104408317378145e-03
-1.664224631199591217e-06
-4.786917626965086527e-04
2.219465979971472352e-03
-5.449834692995235719e-06
3.781986508208790357e-03
3.782646008720689720e-03
-1.472317464032239666e-06
-3.781852131678359666e-03
-3.782531020538440307e-03
-9.733327806404735544e-07
-3.781939045462330735e-03
3.781878748341592055e-03
-9.256014422207043007e-07
3.782149517512534836e-03
-3.782053555685767430e-03
-1.526172191489364094e-06
-3.603784314388289341e-03
8.309925083353885550e-04
9.818489070831349155e-03
8.002726290230630047e-04
3.361130097916061911e-03
9.823147361320748450e-03
7.780363227609728583e-04
-3.443905730581532914e-03
9.828747786367282580e-03
3.539845759182114540e-03
8.350314353231053305e-04
9.828298168726478171e-03
-3.633703020931084403e-03
-2.457156274347407476e-03
9.822896405455907795e-03
3.517745420117807803e-03
-2.397331078055061921e-03
9.828647914865555960e-03
-2.585840065341314230e-03
3.607059347412447468e-03
9.819571377205215876e-03
-3.602865344388123288e-03
-8.296040938623418974e-04
9.820866993236284162e-03
-2.141322347582780023e-03
3.175005238628892566e-06
9.820471631773032214e-03
-2.002599102566777860e-03
1.936439971854194428e-03
9.818465165576819795e-03
-6.816141689210011931e-04
8.447752551866751511e-04
9.820852931957368623e-03
-6.815285597804139010e-04
-8.373448637771944763e-04
9.824250038439919300e-03
7.467340660278186121e-04
3.274966142025669106e-06
9.826265069385258649e-03
7.773232154715423127e-04
1.686097445221689493e-03
9.824891547562903532e-03
7.455439819558942966e-04
-1.648741499000428660e-03
9.826924865851752178e-03
2.276797086252611065e-03
-8.176487487305364758e-04
9.827218339177856352e-03
-7.137344234817857109e-04
-2.481981436864702257e-03
9.827235305441169022e-03
3.638594543024033928e-03
2.580966905654281680e-03
9.827185912248591337e-03
-9.990886299179253024e-04
3.540766879365938018e-03
9.821497061587062052e-03
-2.152735496201122097e-03
-1.661127078497420676e-03
9.824257326917263528e-03
-2.318130503060699711e-03
-3.489638265305359047e-03
9.825429181926362970e-03
2.526513601512454191e-03
3.675309175444158201e-03
9.825559487265770470e-03
2.510475670379605419e-03
-3.659269179293306914e-03
9.828753107006234571e-03
-3.675124674212305875e-03
2.514048696793006171e-03
9.818486445492902517e-03
1.882991902609892519e-03
7.943002636927531338e-04
9.826146618932286511e-03
3.885156195973773086e-03
-8.116647279432382669e-04
9.829203534622708849e-03
1.966390814648461254e-03
-2.393599630729140951e-03
9.828111039529446175e-03
2.194273660546921037e-03
2.155867295380125420e-03
9.825943093247994573e-03
-8.175891229942519036e-04
-3.909961066686943286e-03
9.827851319419808607e-03
-4.887947527102572652e-04
2.244377193263986936e-03
9.821054445199225644e-03
3.813105840244017820e-03
3.820002635747298415e-03
9.825481119964710533e-03
-3.821557826095520714e-03
-3.814948607853184750e-03
9.824004795717138777e-03
-3.822987030270850843e-03
3.819232411453649893e-03
9.818168243780471885e-03
3.814414435458318188e-03
-3.815164065781487257e-03
9.828496962554878619e-03
-3.539534842219030190e-03
-3.938837960236416143e-03
4.763159785245533843e-03
-1.419351197522007945e-07
-1.245470998853407309e-06
4.929977180522906836e-03
-1.788211239259713441e-03
-1.786668279533521701e-03
6.013500355021122491e-03
-2.521219409469678974e-03
-2.522410709771832123e-03
2.481908686024433125e-03
1.862407860656840452e-03
-1.824560039541200419e-03
3.103561474903764657e-03
1.860303094784765323e-03
-1.832436833936612912e-03
6.755849795396158194e-03
1.176017864329459688e-03
2.052780730888932852e-03
2.987318031910081006e-03
-1.595032857817199569e-03
2.088862107605722433e-03
6.474151065784492474e-03
1.604093909040120100e-03
1.574422191310154368e-03
6.959257522496656995e-03
-2.036882389819083539e-03
1.181192464949849634e-03
2.967036594924784068e-03
2.609489577547269984e-03
1.897274973879551176e-04
4.961638866125382338e-03
-3.244955998563684644e-04
-2.651158567896241564e-03
4.139560716441462174e-03
-1.673734452350882031e-04
-3.686367107097581744e-04
7.405804091300346829e-03
-3.616060527442992644e-04
-7.016128835758192852e-04
2.502776127943893720e-03
2.656851792682902395e-03
2.905749405115341994e-04
2.213580585644008697e-03
-2.627536311622710036e-03
4.428846996417877253e-05
7.436883906352478348e-03
-2.793628190003838441e-03
1.722452270755830701e-04
4.981324492455036466e-03
-2.205953764407218268e-04
-2.783337776538209480e-03
7.514384098900923729e-03
1.634880685087850070e-04
2.803291231222398289e-03
5.003851271936561075e-03
2.612061724199745468e-03
2.643771189699477102e-03
5.047627097033532094e-03
-2.880380592656313875e-03
-2.876697638066217158e-03
7.705061259499920712e-03
-2.975136217059446558e-03
-2.549108731704221101e-03
4.487458819441505695e-03
2.546189345461078390e-04
-2.925456886717310145e-03
2.061572721816077626e-03
1.304035158184406592e-05
2.953711723141183576e-03
7.786532142903677262e-03
2.995708093704416760e-03
-1.975705081141340951e-03
4.930345459966473803e-03
-2.956513725108532269e-03
2.977592249247035597e-03
2.050720544142028545e-03
2.953263408255981347e-03
2.954305389650682331e-03
2.043247970326904535e-03
-2.770765684031656090e-03
2.747292214314769193e-03
4.563637009405746743e-03
2.947594363866882800e-03
-9.152932947467956484e-05
7.697268351616571094e-03
-7.379118528420495343e-04
2.778455948064534418e-03
2.117381880114461122e-03
3.008497061390713861e-03
3.012631906164490656e-03
7.799066298540494740e-03
-3.009210125221959114e-03
3.013502573501712200e-03
7.819317028918335716e-03
3.084129327998935428e-03
-3.076626657568727607e-03
7.909283827938625236e-03
-2.929746511976936540e-03
-4.832639492358033477e-04
1.981213670302115360e-03
1.313252841843551896e-03
-3.135002055064808630e-03
5.279356117860851093e-03
3.071094623352392614e-03
-3.062766880230368381e-03
1.921425919471420919e-03
-1.639605194920426296e-03
-1.125171606115718710e-03
3.976141226198665578e-03
1.199412267198551006e-03
-2.445534376932471531e-05
3.434876878876350938e-03
2.122788973045978825e-04
9.706380964974792910e-04
1.708052588378233339e-03
1.528780749651244763e-04
-1.690838698057671409e-03
5.859268457715229375e-03
-1.170858215833885585e-03
1.133429697103177083e-03
8.037953905287468712e-03
1.285905958302549891e-03
-8.575373945874537615e-04
1.607221951637435560e-03
3.251840422990009971e-03
1.465887209886590232e-03
3.643490134162138093e-03
-1.325128010835550625e-03
1.429623162181099588e-03
4.717513958882433960e-03
-1.608408765258142418e-03
-1.469214453121159237e-03
8.040960005957076620e-03
-8.234806895988599183e-04
-3.371575492248580358e-03
5.749235389388995983e-03
3.343274635977326169e-03
1.369123023216551379e-03
6.228238198920477836e-03
1.270316446730196738e-03
-1.260523208011871338e-04
6.262346640275625285e-03
-2.633998586858676046e-03
-3.411717031787767172e-03
6.021216738523782301e-03
-1.342939063652885505e-03
2.730927153553468515e-04
6.147540051853772093e-03
3.238971457296228873e-03
-7.359227464110190036e-04
3.568211484169222895e-03
1.212990141088633560e-03
3.377629607849816536e-03
6.425294632928070862e-03
1.220767023753323299e-03
1.336279986660028748e-03
4.626775073278979744e-03
-3.386829052208833232e-03
1.304702704549881576e-03
6.308637987331329293e-03
2.483103808352341187e-03
-3.428233647689838976e-03
3.866300950441969083e-03
-3.574539661192176372e-03
-3.472492243108391257e-03
3.302046071253958350e-03
-1.159589796533723460e-03
3.286205027965125383e-03
3.818764678502099223e-03
-3.383930879630645070e-03
-1.440880137290572642e-03
6.760234914885691025e-03
1.392119352837899128e-03
-2.643375570287992068e-03
8.218362119118909070e-03
7.544404623855534503e-04
8.436413466122271018e-04
8.302920427496160091e-03
1.243553390996504160e-03
-8.703455036427196678e-04
8.347566777335715602e-03
3.287366151123316451e-03
-1.291250124354483388e-03
1.621374160173162573e-03
2.935930760483001882e-03
-3.362027220734526648e-03
6.131744031117557052e-03
1.384806532210805302e-03
-1.254225121227429442e-03
4.680222904843571972e-03
7.924593169094140178e-05
1.369857650115942566e-03
6.054406412129027977e-03
-2.683442387155213129e-03
3.499016469167438598e-03
6.157560472551715063e-03
-3.380534368568268930e-03
-9.830589806071889612e-04
3.840817696584450554e-03
-2.307280161914502842e-04
1.043128685170816505e-03
3.398129142362431038e-03
