-5.005876351401235616e-03
-5.008965681989055278e-03
1.000693502888382568e-02
-5.006432686186864170e-03
-5.009554910398201534e-03
-7.573685465982327096e-06
-5.109209269029006510e-03
4.640035677452782059e-03
1.010114998688007616e-02
-5.114353485158252416e-03
4.639626484581769669e-03
-9.739045940729073409e-05
5.005797237444395073e-03
-5.008498315083712710e-03
1.000691778362419564e-02
5.005738934069416460e-03
-5.007717769041605642e-03
-5.925920688604863649e-06
5.087832025403572940e-03
4.655799606921010372e-03
1.009914160550614247e-02
5.084004100490426351e-03
4.660423387084260821e-03
-9.677342022797770363e-05
-5.010675622199956512e-03
-5.013058899477584353e-03
1.666105249445801661e-03
-5.009049677065352361e-03
-5.007944440394307244e-03
3.331647102675379130e-03
-5.010835003363918461e-03
-5.013490739384387704e-03
5.000783794990431956e-03
-5.011452173311259882e-03
-5.013819347054313327e-03
6.666422770367205763e-03
-5.010654808132009898e-03
-5.013452060122084233e-03
8.335063029029234072e-03
-5.053146794660907069e-03
-3.399234324810139832e-03
1.005366484755989068e-02
-5.081949947576544675e-03
-1.783422691287007891e-03
1.008246921579497926e-02
-5.095416297845220023e-03
-1.714495371377814151e-04
1.010009445824935036e-02
-5.102428991970008737e-03
1.436410291778598188e-03
1.010294071325277404e-02
-5.105371223396612014e-03
3.038531705997722220e-03
1.010213942859126621e-02
-5.115999057720520618e-03
4.639562481601445208e-03
1.602693686419748601e-03
-5.113677441719084553e-03
4.632794741868927375e-03
3.306053818553996489e-03
-5.110790049762048252e-03
4.629130972511928156e-03
5.000714225799801453e-03
-5.110689340750981108e-03
4.636372581151614394e-03
6.699690397475127797e-03
-5.109986203085874028e-03
4.640367899078487283e-03
8.400493659029419774e-03
-5.056435205361220833e-03
-3.401013680519941653e-03
-5.402774367563577149e-05
-5.086429128983393361e-03
-1.784683784896906817e-03
-8.486296807209544268e-05
-5.097970289979517240e-03
-1.734104023452654028e-04
-9.529273633817058079e-05
-5.106311983282931302e-03
1.434483605298722021e-03
-9.912934977916165453e-05
-5.110010680284437189e-03
3.037213795456476708e-03
-9.891911528188433234e-05
5.009691268598997355e-03
-5.011465480859745789e-03
1.664771863727801306e-03
5.011062356988704378e-03
-5.013794952659625902e-03
3.333095703689907020e-03
5.011299846342251799e-03
-5.015053884366568043e-03
5.000062732291377272e-03
5.010592187991274801e-03
-5.012301175834122692e-03
6.665730534441927264e-03
5.010345728363970082e-03
-5.013069119591281528e-03
8.334989604092951990e-03
5.054862821468403961e-03
-3.392684687124829668e-03
1.005256631373828598e-02
5.077544362155216214e-03
-1.777233488111934143e-03
1.007596836936232310e-02
5.087529476681187934e-03
-1.625458701754913654e-04
1.008512784288917094e-02
5.091718166662527814e-03
1.448033146993853550e-03
1.009312614393458735e-02
5.090608570250449230e-03
3.052679193620244386e-03
1.009631105774695323e-02
5.083098793034698977e-03
4.663345048389874736e-03
1.600611255255787475e-03
5.083389536281464338e-03
4.665691455941587892e-03
3.299059268513824476e-03
5.083694996200290375e-03
4.665866462152650634e-03
5.000432240450407816e-03
5.085331117578540880e-03
4.664781422673883529e-03
6.700987762280305113e-03
5.086705674842082782e-03
4.660383485751528124e-03
8.399372981598953597e-03
5.055351275439511072e-03
-3.386535589240228204e-03
-4.875166895221651127e-05
5.082428032990988359e-03
-1.763849080074491801e-03
-7.755402170299505616e-05
5.085834739689041803e-03
-1.573820065376427063e-04
-8.746808737692542102e-05
5.088069253000341782e-03
1.452283740415310619e-03
-9.453753807043246808e-05
5.086941554531193739e-03
3.056382773479803493e-03
-9.634895389378905078e-05
-3.334784927661488783e-03
-5.010882672937931430e-03
-9.161888105645852299e-06
-1.667912963409289538e-03
-5.014924877858260507e-03
-1.143459996324619578e-05
-2.362160891829236494e-06
-5.014403809499502762e-03
-1.042524405980088023e-05
1.669732849642537259e-03
-5.013770265756951026e-03
-1.250541799179480520e-05
3.335329076607414581e-03
-5.011000028545159989e-03
-9.070129079749301350e-06
-3.334769985586059395e-03
-5.011260746085439109e-03
1.000981213734510392e-02
-1.667461102304239372e-03
-5.014010732384944526e-03
1.001104210567651219e-02
-1.918129072133751908e-06
-5.016113175702729271e-03
1.001167100142280608e-02
1.668568159395876537e-03
-5.014450995276338932e-03
1.001238529487101687e-02
3.336008835106758601e-03
-5.011170042790606682e-03
1.000941950293524237e-02
-3.415311717899012240e-03
4.645334581717099065e-03
-9.554235457469813556e-05
-1.717859255448956008e-03
4.651302858698354997e-03
-9.588681515223437802e-05
-1.610283058984930227e-05
4.655400436730826493e-03
-9.606979743296351147e-05
1.685251677896815094e-03
4.658277144003256966e-03
-9.611590905036441340e-05
3.384233289911684883e-03
4.658743226042731320e-03
-9.726176495073417380e-05
-3.410805246902629245e-03
4.646014262850729423e-03
1.009946069109476929e-02
-1.711980440819308672e-03
4.649697612512659027e-03
1.010031128367105957e-02
-1.156305594256203764e-05
4.652066320380929959e-03
1.009854022628828285e-02
1.689655501109658736e-03
4.655834749447024593e-03
1.009932655459845792e-02
3.389793339600138261e-03
4.656921639246893764e-03
1.009985295675482758e-02
-5.054525149623227687e-03
-3.524243724269208230e-03
5.820185483951150276e-03
-5.103722646184733099e-03
7.887324478381660701e-04
8.573046023739375882e-03
-5.105842871441948309e-03
7.735083797897688695e-04
1.422655907918689983e-03
-5.113118712723763518e-03
3.251739780517591116e-03
5.837686708035407131e-03
-5.074508508444697079e-03
-2.615193256132654614e-03
1.305939794230130116e-03
-5.069884541901494360e-03
-2.596307379083088226e-03
8.659003393179036390e-03
-5.111541398232462459e-03
3.283907196281882213e-03
2.458014507628159245e-03
-5.107088838196241661e-03
3.246669004678172550e-03
4.151643857211196990e-03
-5.119896506279025296e-03
1.862468593465915236e-03
5.000112547556672879e-03
-5.113598871548889063e-03
1.752573402032337217e-03
6.950933883964623139e-03
-5.109299081756216686e-03
4.806437814097795462e-04
5.852976935894230355e-03
-5.112894126521713885e-03
4.564515804773361450e-04
4.195573428690041982e-03
-5.091584123822073815e-03
-8.754157697750538595e-04
5.007926700302262578e-03
-5.094973888739091038e-03
-9.061952830510376254e-04
6.700144738833220190e-03
-5.097738002557745778e-03
-9.139035870870597204e-04
3.368241327951727090e-03
-5.081930134335425724e-03
-2.238813988666935300e-03
4.399869048684486826e-03
-5.110908278415926542e-03
1.731747086732952912e-03
3.039409923615123479e-03
-5.095045032871341369e-03
-9.357691414227327148e-04
1.625059933698343347e-03
-5.090666092584679274e-03
-9.211462781363227497e-04
8.381786146252916472e-03
-5.104266278493009568e-03
2.260941118373874324e-03
8.649062982428601040e-03
-5.108276732860385361e-03
3.326200018619583382e-03
7.536313616484365506e-03
-5.108291476221711418e-03
2.252036209440791328e-03
1.313882371691612108e-03
-5.046835949546232825e-03
-3.669755279539371490e-03
7.547467224363706845e-03
-5.047752477882267580e-03
-3.719904851455043196e-03
2.402188567415720725e-03
-5.073967797992892659e-03
-1.933203066988377610e-03
5.838776073711978744e-03
-5.051050209938925256e-03
-3.683448060945113730e-03
4.057671509867742318e-03
-5.079944046534299283e-03
-2.247119305813214275e-03
2.805792470170898403e-03
-5.078821267486273439e-03
-2.252997659739537379e-03
7.159941020334468012e-03
-5.106435763377786645e-03
2.224789185800447313e-04
2.726937637393070640e-03
-5.103977448324730631e-03
3.179941029989746294e-04
7.258518742525564733e-03
-5.108870285481677091e-03
3.468802485999307201e-03
8.857222567746503988e-03
-5.037175247540699383e-03
-3.814834543451537264e-03
8.806372883748091879e-03
-5.113042393455155543e-03
3.467466556204584771e-03
1.145120006033145460e-03
-5.040885183405562596e-03
-3.823978478804864259e-03
1.186400613804925504e-03
5.091214312680975886e-03
8.015683347372549571e-04
8.562753774917924304e-03
5.088862530024817858e-03
7.907153284865327822e-04
1.427226414975491008e-03
5.047532380664643444e-03
-3.521674295053421611e-03
5.816681530272751685e-03
5.089697648399948982e-03
3.285843865712877784e-03
5.836303097202620235e-03
5.048538638231923892e-03
-3.521513337378693546e-03
2.603975657245351152e-03
5.067015284889976427e-03
-2.593259520774538179e-03
8.657436006218648117e-03
5.087982350747630167e-03
3.308725060144260006e-03
2.457383343875522725e-03
5.089840994744743163e-03
3.285216852362824076e-03
4.148895443500275233e-03
5.089954828727498784e-03
1.893811742565092117e-03
4.998013463679875680e-03
5.092191302358118829e-03
1.772960834724178741e-03
6.942421790494419757e-03
5.089732231740097188e-03
5.000124222555200285e-04
5.850298876494222991e-03
5.090990156918650915e-03
4.754094907300020862e-04
4.200039134054745632e-03
5.086246947580871404e-03
-8.663784741570089085e-04
5.008109719700146872e-03
5.087292011204645054e-03
-9.031536717012841843e-04
3.373095266910005816e-03
5.085819022225783817e-03
-8.964673212837142267e-04
6.696490723742674553e-03
5.074660103570445557e-03
-2.346966652342865733e-03
4.187629095770761117e-03
5.090241012852262346e-03
1.754574799198769727e-03
3.042274164634603453e-03
5.082602175998803505e-03
-9.187198656369367214e-04
8.372544223061677629e-03
5.089759194849185521e-03
2.275950547582224898e-03
8.641862882390712736e-03
5.081068233420722204e-03
-9.022107660999991634e-04
1.638245404555239114e-03
5.089421456643521829e-03
3.347959216498819918e-03
7.535045059457874152e-03
5.087377764219512023e-03
2.271139833126145473e-03
1.316942910439396815e-03
5.040796312623487159e-03
-3.668243588812162941e-03
7.546014012955389559e-03
5.068778324166222857e-03
-2.508630333448943345e-03
1.346090587979037511e-03
5.077768782875894185e-03
-1.949775762305069491e-03
5.792973432344875051e-03
5.040916366536646841e-03
-3.880361874608711115e-03
4.189185118322424559e-03
5.074055915851579529e-03
-2.033263949025911673e-03
2.630100591970053938e-03
5.073954642669182072e-03
-2.256185347194899962e-03
7.148348446928158226e-03
5.090379803527679201e-03
2.440265308385455899e-04
2.734371119875728031e-03
5.089326137882971453e-03
3.336005302688031826e-04
7.251048174794261052e-03
5.090188533513132808e-03
3.486579039952511418e-03
8.854191191132499555e-03
5.035137175093008094e-03
-3.813821376677677556e-03
8.805741534493023367e-03
5.037029979090243068e-03
-3.808453831190024199e-03
1.195733347210648726e-03
5.086971710641844009e-03
3.488946550772496769e-03
1.145835622715274957e-03
3.569676254784691100e-03
-5.012102783677524834e-03
5.820524795060474585e-03
-3.496972138906317973e-03
-5.012929879509112410e-03
5.816127240659847014e-03
9.808273373574521743e-04
-5.006345318746685015e-03
1.485543363855309790e-03
9.890946686871042101e-04
-5.010038466004729241e-03
8.504770385097419269e-03
-2.542650212736297793e-03
-5.009267973929382861e-03
1.351767951905616860e-03
-2.523883686009318998e-03
-5.010625163826915897e-03
8.619180251501950066e-03
3.595211058134914050e-03
-5.006509714595774180e-03
2.506215177324406032e-03
3.569834835569286099e-03
-5.005890403961112643e-03
4.167085171231574119e-03
2.118923732634975677e-03
-5.013540857363641377e-03
4.997346390232877862e-03
1.995519639821452182e-03
-5.011075136650482847e-03
6.902631807495226285e-03
6.680534956876423491e-04
-5.013938952398288608e-03
5.834132905653171067e-03
6.430922439103015174e-04
-5.004820122294979801e-03
4.218959336503220678e-03
-7.505215101448180779e-04
-5.011493016714023072e-03
5.012248652578615675e-03
-7.760189745675586618e-04
-5.013086478700353593e-03
6.664639796356812938e-03
-7.870592323746377619e-04
-5.007186754682333395e-03
3.397269837394547871e-03
-2.168273118111031447e-03
-5.002554527840724456e-03
4.406954192551595581e-03
-7.972708221387004223e-04
-5.008315482040975007e-03
1.678376484303711370e-03
1.976256600980676268e-03
-5.014290035698477400e-03
3.081086482853093687e-03
-7.900316899169727933e-04
-5.008576731071310087e-03
8.326786761568401307e-03
2.525864564338065055e-03
-5.008722832464116911e-03
8.580196561587826592e-03
3.637731416411411813e-03
-5.006545266808450599e-03
7.485149009545339314e-03
-3.636137871556601852e-03
-5.005539310552353620e-03
7.526468497973748742e-03
2.515674991663651664e-03
-5.012436447905665136e-03
1.380679217011770640e-03
-3.689195047822246311e-03
-5.009526217737279852e-03
2.415040479592539101e-03
-1.846866430037320383e-03
-5.010528105625412267e-03
5.824352649554499252e-03
-3.650828426862596544e-03
-5.009348938009985062e-03
4.060473935784569832e-03
-2.171287248464933133e-03
-5.018796595211585596e-03
2.832904688993742072e-03
-2.176288452050420281e-03
-5.008681050744180629e-03
7.125020799962860849e-03
4.992088566605480627e-04
-5.005305101869032131e-03
7.206516136091336601e-03
4.030259366124429288e-04
-5.012324547715124416e-03
2.773834210543060612e-03
3.784349525818159633e-03
-5.003763071122015009e-03
8.785139850257613417e-03
3.783925789843121511e-03
-5.005545552808632337e-03
1.215326767813711779e-03
-3.783561210586270599e-03
-5.003208847963081136e-03
8.783800890872679040e-03
-3.793405766595815600e-03
-5.002966190661805104e-03
1.209690966130937866e-03
3.621181136552802278e-03
4.663815564155325728e-03
5.838140453070689816e-03
-3.575402083268501997e-03
4.629819732201385755e-03
5.833213461201358641e-03
9.812403176225686311e-04
4.659308806540678020e-03
1.425823976405559161e-03
9.992282664542894138e-04
4.656950515663471971e-03
8.569445157621851522e-03
-2.608979565427489971e-03
4.649157926126887101e-03
1.286448904212120475e-03
-2.585014694155556882e-03
4.648780384096884433e-03
8.685252260941011063e-03
3.644921414412261636e-03
4.663127731403357568e-03
2.457556192067489147e-03
3.620068497791928495e-03
4.665350963427538668e-03
4.149590949527492967e-03
2.142108091730182684e-03
4.658356813238791194e-03
5.000449903582295484e-03
2.019895274839990894e-03
4.660731167484556160e-03
6.945376041026822198e-03
6.676610867904949871e-04
4.653898479620536058e-03
5.851023804363432099e-03
6.369460810787047275e-04
4.650722761850012259e-03
4.203037408409090146e-03
-7.820146981028362103e-04
4.645283360237808384e-03
5.009334334426508023e-03
-8.037470897211853975e-04
4.645873083873404766e-03
6.699974129014302747e-03
-8.182011821535067507e-04
4.642612036308465737e-03
3.371736827790967894e-03
-2.224615644673194267e-03
4.635234916172229457e-03
4.396280315171070471e-03
-8.289034092611571652e-04
4.655364734501364621e-03
1.623479739408901015e-03
1.996862891357609540e-03
4.661017004390461890e-03
3.044487861998983278e-03
-8.181200359431134829e-04
4.653782608807971455e-03
8.384385370334961757e-03
2.560994747305644480e-03
4.659217035537031870e-03
8.645963032865702780e-03
3.691655255623044717e-03
4.662617861719062402e-03
7.536769411612201375e-03
-3.715125498963267082e-03
4.640329709664796007e-03
7.579697538132287686e-03
2.549363185214411753e-03
4.660394090844790019e-03
1.316572375368603616e-03
-3.777670504878287080e-03
4.643815386846339606e-03
2.369781922708924949e-03
-1.897570713329572176e-03
4.640117524066768306e-03
5.843442839988505742e-03
-3.734667625669158952e-03
4.629944517478288939e-03
4.044401962799914867e-03
-2.226708787261221043e-03
4.640414568617080328e-03
2.793930832734892785e-03
-2.232388054108849426e-03
4.641266401212350463e-03
7.168561974552951736e-03
4.979565638232092860e-04
4.654288270947733348e-03
7.255592426589599526e-03
3.915268821592949450e-04
4.653167645109647713e-03
2.733472971128429220e-03
3.844358151276274036e-03
4.659702673592434376e-03
8.856246590839984487e-03
3.839755098722242438e-03
4.661652796344411924e-03
1.145154893331329924e-03
-3.866988742387831354e-03
4.643383276083017618e-03
8.855921911150244769e-03
-3.880967606012425061e-03
4.644229349953935340e-03
1.139381362019555900e-03
8.027296821508309033e-04
3.049113263110854715e-03
-9.942564287308940237e-05
7.813403020950504150e-04
-3.455818876847593923e-03
-5.070731758750388995e-05
-3.640842216983370978e-03
6.255887485357157799e-04
-9.998633199388407250e-05
3.570524142587480718e-03
6.405418100565888695e-04
-9.389760862082361910e-05
-3.647152037593887064e-03
-2.511307828877305717e-03
-7.951785226087738109e-05
3.537454420599194568e-03
-2.443226163709930326e-03
-7.451746251089135301e-05
-2.617919134143464367e-03
3.273118273499725246e-03
-9.793847526385848377e-05
-3.632510929213696258e-03
-9.598573142186905046e-04
-9.565281029029789716e-05
-2.161341255181591352e-03
-1.588331821113124281e-04
-9.959367620041344605e-05
-2.026350494648634665e-03
1.684616728909743436e-03
-1.014918035796632276e-04
-6.881797749134384561e-04
6.504571166695387319e-04
-9.795641482014112277e-05
-6.835847590676495493e-04
-9.529163723193357846e-04
-9.164135665875466647e-05
7.547251958178812599e-04
-1.492056951709636460e-04
-9.663175367435269416e-05
7.827078946770146557e-04
1.455014187565894374e-03
-9.740812438924799290e-05
7.543975099155958257e-04
-1.728655945566680459e-03
-7.976577219314935456e-05
2.293563325391871632e-03
-9.340476169988074298e-04
-8.897438932899679517e-05
-7.088427086232118677e-04
-2.525671701525519265e-03
-7.457965540522370996e-05
3.668835167783644248e-03
2.305934656588596362e-03
-9.600656094392514151e-05
-1.015774693452210472e-03
3.216485724315732656e-03
-9.910305119756685963e-05
-2.161756500407105430e-03
-1.744293234224724744e-03
-8.913086571864940516e-05
-2.311289691683555709e-03
-3.491089925475995923e-03
-5.377686544098927356e-05
2.544530503191474308e-03
3.348967287144623186e-03
-9.778177376526476974e-05
2.510888121166258632e-03
-3.655616309671982922e-03
-4.928259607919122830e-05
-3.716135059324414923e-03
2.228279548471191751e-03
-9.894173768907539340e-05
1.899988470104297094e-03
6.035272123255366796e-04
-9.469538691148029921e-05
3.914094026264470540e-03
-9.320551445503586548e-04
-8.289043091335183619e-05
1.978168377694014719e-03
-2.441323579506715202e-03
-7.524237738807076740e-05
2.213085934069977233e-03
1.900821758634108679e-03
-9.651305207813198395e-05
-8.136836724142929153e-04
-3.900051880521406954e-03
-4.152522717055147372e-05
-4.978017395886146076e-04
1.984685655958359166e-03
-1.009210211442455255e-04
3.843262536380896363e-03
3.486469134838684342e-03
-9.800002564395185684e-05
-3.803731059983260845e-03
-3.809322170772438693e-03
-3.928236164193881516e-05
-3.868071935335482946e-03
3.471527269803985436e-03
-9.879390112993235258e-05
3.806964382742308688e-03
-3.805456519219743618e-03
-4.032749549485828715e-05
-3.637591664027619263e-03
6.270279811274887677e-04
1.010465366642085763e-02
8.061003466290749681e-04
3.045555072864862718e-03
1.010190639970923870e-02
7.802412124879844419e-04
-3.455913697450892306e-03
1.005278793134997857e-02
3.573605214955851393e-03
6.388002767281823844e-04
1.009350622044705159e-02
-3.644702705251888671e-03
-2.507710604484458816e-03
1.007668789792599308e-02
3.531083435501234866e-03
-2.443703534108846321e-03
1.007489602055721897e-02
-2.613829406462596025e-03
3.273816448638554831e-03
1.010180832639635817e-02
-3.629354489700081701e-03
-9.580561332538155240e-04
1.009202164006666770e-02
-2.158263137625411610e-03
-1.586729794486157195e-04
1.010108580466028035e-02
-2.021688990466929178e-03
1.684377365966803876e-03
1.010795843544914918e-02
-6.831828001950650004e-04
6.457576315475044553e-04
1.010447307591931347e-02
-6.805380064618219175e-04
-9.554021509495249590e-04
1.009784405265510762e-02
7.585032708180315187e-04
-1.523704203739917264e-04
1.009817680059799799e-02
7.855886198691661290e-04
1.453013719849174370e-03
1.010189329976126857e-02
7.536875736533889605e-04
-1.729842965741226670e-03
1.008217022761747662e-02
2.296575558835509904e-03
-9.340009472742236227e-04
1.008502989947458045e-02
-7.121832130608662806e-04
-2.526627173852493205e-03
1.007479107046603886e-02
3.672433134139912406e-03
2.303302614854950501e-03
1.009633167946378390e-02
-1.011811447499140655e-03
3.213543854458438161e-03
1.010322158025105284e-02
-2.161536191269909559e-03
-1.740628058665118043e-03
1.008950305169723123e-02
-2.308123858763678257e-03
-3.488144076076529071e-03
1.005485428958268791e-02
2.548032190575737904e-03
3.347254072455717669e-03
1.009960146024086597e-02
2.504554362268515515e-03
-3.658332584492344098e-03
1.004541885812047612e-02
-3.710971131703960646e-03
2.228948179244585014e-03
1.010249243963842573e-02
1.902361083415519700e-03
6.040009915024155884e-04
1.009682460170288794e-02
3.915721383492869884e-03
-9.354150968751819093e-04
1.008289723911138906e-02
1.972414653394695579e-03
-2.442370271967470377e-03
1.007473527836161460e-02
2.216726471594236345e-03
1.900004501288434650e-03
1.009934094298059470e-02
-8.108685599939994843e-04
-3.900614855018926918e-03
1.004618415732473971e-02
-4.938722212166604588e-04
1.980992355806909539e-03
1.010654510980892387e-02
3.846492421759926863e-03
3.483301078553842096e-03
1.009835102507746114e-02
-3.801007461965559033e-03
-3.807456618334746981e-03
1.004143758365411664e-02
-3.863339167158349151e-03
3.471975381712383030e-03
1.010158280635755149e-02
3.805304085781535325e-03
-3.803916043651061566e-03
1.004466023194971504e-02
-3.533992701552309858e-03
-3.923131181416216959e-03
4.843795197901113597e-03
-3.332615500458705162e-06
-1.333922087343226591e-04
4.997741667942699403e-03
-1.797060889284242445e-03
-1.828454381085350099e-03
6.123388038428629644e-03
-2.539153976250892349e-03
-2.561614942622536268e-03
2.479639757240765813e-03
1.872052658533438201e-03
-1.887043795318460102e-03
3.113399881877206878e-03
1.868466768962921383e-03
-1.890277844309852387e-03
6.886284359845675287e-03
1.187273689346185794e-03
1.819539627188806975e-03
2.980438208028686475e-03
-1.613462791357531340e-03
1.821892172635000782e-03
6.624206349469362841e-03
1.617511627462169975e-03
1.356514717288376552e-03
7.115437468776194575e-03
-2.070971309593477166e-03
9.794816955955392129e-04
2.944207324547621751e-03
2.633560748194616139e-03
4.289941703025891486e-05
5.033904818586656428e-03
-3.296332019528710588e-04
-2.671336007392770273e-03
4.182805533961492586e-03
-1.677825127140004067e-04
-4.927695109285319024e-04
7.580585841145221111e-03
-3.673428600288618684e-04
-8.122158015290461804e-04
2.478465983967699862e-03
2.689689891126190082e-03
1.316668497367755547e-04
2.184903209209190528e-03
-2.649455307077388903e-03
-1.054597502573783669e-04
7.624341219776406900e-03
-2.823662887478548770e-03
2.683862122652095884e-05
5.062103653284404092e-03
-2.206062796063077065e-04
-2.804304913273960448e-03
7.667830544382745091e-03
1.536287723105858182e-04
2.511780519000878214e-03
5.082225054648227894e-03
2.632432549227207638e-03
2.378094459238579757e-03
5.125756457856042551e-03
-2.875614087369953581e-03
-2.897819796533121842e-03
7.867409179067814951e-03
-2.979148552458450120e-03
-2.575069152460932043e-03
4.548546007988945108e-03
2.536103105805681871e-04
-2.959758573341579341e-03
2.051812918689267535e-03
8.403176157683464194e-06
2.662989562581663267e-03
7.985803605639678684e-03
3.011162193283632542e-03
-2.026165321472709908e-03
4.997639884883877011e-03
-3.012345296161653835e-03
2.695579075467224080e-03
2.012221618150166706e-03
2.989581196680065299e-03
2.682775755343687427e-03
2.007285298909805039e-03
-2.804677968080198681e-03
2.436796814468204439e-03
4.629954871271989812e-03
2.972203492006115187e-03
-2.338349113647700392e-04
7.875551091708069690e-03
-7.561757512152208777e-04
2.510012790819405454e-03
2.076616422107057953e-03
3.033779011179275290e-03
2.722252518339321643e-03
7.990541922610413725e-03
-3.042449141317055735e-03
2.708510173066202339e-03
8.024331203127812312e-03
3.081737922798212601e-03
-3.089264545887692674e-03
8.074142307497015128e-03
-2.977406855196917772e-03
-6.191002988927605090e-04
1.936475892091676140e-03
1.311190545597894393e-03
-3.137420538665906290e-03
5.359911640464736990e-03
3.083971173080133146e-03
-3.089178373569977185e-03
1.910983877904093818e-03
-1.655433515378577263e-03
-1.200740310885108292e-03
4.005736133945389695e-03
1.209039598710325318e-03
-1.599637775528698822e-04
3.444357969279448692e-03
2.147614138046171988e-04
7.877238439302805236e-04
1.652030125063412395e-03
1.510308664049588132e-04
-1.743953530914536636e-03
5.960570813182077335e-03
-1.181629552194954705e-03
9.286224386473704209e-04
8.256825976033685052e-03
1.300505447828841045e-03
-9.676621853283245110e-04
1.563099460615324614e-03
3.280010993790393597e-03
1.258773592630795055e-03
3.664516789042519297e-03
-1.342333748919295961e-03
1.199757080331519728e-03
4.776769745297135793e-03
-1.612708230886089568e-03
-1.546212993623724682e-03
8.235652237793754729e-03
-8.242109266359263272e-04
-3.359800995881000087e-03
5.843874476404827684e-03
3.373007080486537489e-03
1.162855397777349869e-03
6.353115744254304344e-03
1.281906018345801632e-03
-2.594253666935209023e-04
6.386394791551627294e-03
-2.629470620546765520e-03
-3.405666681197354502e-03
6.129321314000478471e-03
-1.356428367147638914e-03
1.347956915403512141e-04
6.274775080857746511e-03
3.267313802313935762e-03
-8.441523198971417940e-04
3.588643682651859387e-03
1.215790776339433724e-03
3.067300140158863916e-03
6.563992644693843713e-03
1.230695581805128346e-03
1.133153278482237729e-03
4.685843162715184508e-03
-3.432634901486523397e-03
1.083828767150334582e-03
6.454795615752885463e-03
2.481993361259612115e-03
-3.432966878727801430e-03
3.910143707996387684e-03
-3.582494373786732772e-03
-3.468538831090965321e-03
3.340697059307052002e-03
-1.183447732852066807e-03
2.960556150848601877e-03
3.847580013149977819e-03
-3.402729966350352773e-03
-1.519830409575737267e-03
6.908286022200478896e-03
1.392833231980818891e-03
-2.678666483424718345e-03
8.396466548136667998e-03
7.627638943415270120e-04
6.576677418730226665e-04
8.517257781505600117e-03
1.252448256858674060e-03
-9.770102360639779885e-04
8.549987374895746603e-03
3.321215919618893814e-03
-1.391611095583293297e-03
1.582590449673516560e-03
2.930181260123712952e-03
-3.363116164705230553e-03
6.239084802270847621e-03
1.392851985414997502e-03
-1.328643919751021450e-03
4.737557586085831655e-03
7.898069755859924096e-05
1.158103210907251469e-03
6.179543808719861059e-03
-2.714858837480113151e-03
3.155879164295815990e-03
6.290483142454959646e-03
-3.412379402169444988e-03
-1.078404725198601512e-03
3.873034472167793171e-03
-2.380920127302239896e-04
8.511127245205216000e-04
3.394891564665094338e-03
