-5.105581076578651935e-03
-5.093463839316730163e-03
9.650282372941366635e-03
-5.007825963944475926e-03
-5.007980874264120717e-03
-9.737681078615724483e-06
-5.110866787277005240e-03
5.101096394318615362e-03
9.637567456094469145e-03
-5.007402514219393835e-03
5.007200805122219607e-03
-9.324026722786626112e-06
5.092109411960120575e-03
-5.091287957947544102e-03
9.659900774484348959e-03
5.006935877589850301e-03
-5.007109939772277397e-03
-8.974233244223340863e-06
5.088583089143787659e-03
5.103403823571743200e-03
9.653446528657808057e-03
5.006929710986431428e-03
5.006276140318423155e-03
-8.546073802709048582e-06
-5.053195953487670672e-03
-5.055132629312541689e-03
1.599953984414879569e-03
-5.076413130277227480e-03
-5.078529069331286401e-03
3.214347137591303579e-03
-5.092713476117567695e-03
-5.095972435015022964e-03
4.835109862752736201e-03
-5.099117004285908666e-03
-5.099505328291025277e-03
6.444769544110178286e-03
-5.102749065159314749e-03
-5.096005014568920528e-03
8.047465784562592150e-03
-5.106757637501546307e-03
-3.394165531427417899e-03
9.650323392328038694e-03
-5.105133553944877361e-03
-1.693667067642211973e-03
9.647358942889261435e-03
-5.107334789935481442e-03
6.779312956103392684e-06
9.644858907292273506e-03
-5.108212888020636187e-03
1.704022228057316436e-03
9.640011390618688850e-03
-5.109720597115337097e-03
3.401600135057577384e-03
9.638870316652189615e-03
-5.051324448791475602e-03
5.053510430939597148e-03
1.598864046094385007e-03
-5.082665108136982975e-03
5.080727244159458436e-03
3.209668250887642415e-03
-5.098889497363146006e-03
5.096526729620649149e-03
4.824436370130001824e-03
-5.105890890625098058e-03
5.101817801566221194e-03
6.434706224372338523e-03
-5.107598009673395417e-03
5.100580455039927137e-03
8.036412671792296861e-03
-5.008792470684518897e-03
-3.334333244417982036e-03
-1.143008113924265750e-05
-5.012601348912476378e-03
-1.666862715357066193e-03
-1.429379488286285310e-05
-5.012238301819218513e-03
-6.209848543305494971e-07
-1.321251518456260113e-05
-5.012145130635343657e-03
1.667372928252485592e-03
-1.519741563676645125e-05
-5.009680947681158236e-03
3.334585230778472006e-03
-1.193390941463148493e-05
5.051871102269246336e-03
-5.051793481315774298e-03
1.604572563288692239e-03
5.078225506157940661e-03
-5.075688295926189010e-03
3.223940375338332255e-03
5.088297745391893480e-03
-5.087996063865492767e-03
4.839989087494036592e-03
5.091425938197269990e-03
-5.091482364541640403e-03
6.451342866869456093e-03
5.092565589539807015e-03
-5.092424780355761689e-03
8.056476782666223413e-03
5.091111587046654070e-03
-3.393618186441492175e-03
9.661612419103526167e-03
5.088976779558283640e-03
-1.695239759735478382e-03
9.663165224338261111e-03
5.088665355176030108e-03
5.069094231821389262e-06
9.664016007701677069e-03
5.089211344695234764e-03
1.705776713306796869e-03
9.662109776724324070e-03
5.088761481497556041e-03
3.404449438614628055e-03
9.658287507606879915e-03
5.053420307252337595e-03
5.051607018642616589e-03
1.602857665429346891e-03
5.078386134724571614e-03
5.080036287629616752e-03
3.220231396546396462e-03
5.089514744621527476e-03
5.091030117339420159e-03
4.833516916008458696e-03
5.093220988097582787e-03
5.097785459765654878e-03
6.446399163020538267e-03
5.091452698372502840e-03
5.100641253689805650e-03
8.050313645662107026e-03
5.008856316257642369e-03
-3.335195904449054713e-03
-1.171529136596992578e-05
5.010955638037477115e-03
-1.665353633485036188e-03
-8.382327050345261493e-06
5.013181403944606297e-03
-1.012413761185136715e-06
-1.331867332063142479e-05
5.012428068336386225e-03
1.667861422119108848e-03
-1.588627169840802793e-05
5.009898420417257907e-03
3.335373450336263489e-03
-1.223589506769718438e-05
-3.334021702621117484e-03
-5.009188452947369204e-03
-1.225961027761897125e-05
-1.668454351879073393e-03
-5.014533307128390266e-03
-1.430506812262260546e-05
5.361609477733832725e-07
-5.011148603167636488e-03
-1.175075112105420698e-05
1.667891769679405401e-03
-5.010928835093206822e-03
-1.406508399798465261e-05
3.334256230049704398e-03
-5.009042531538214493e-03
-1.096510158642298696e-05
-3.407587264910372400e-03
-5.092657296851602761e-03
9.654840164093089414e-03
-1.709417992670641834e-03
-5.091239856473550943e-03
9.659639171478755920e-03
-8.254954893898836966e-06
-5.089943214614527089e-03
9.661250048795652981e-03
1.693165222368152485e-03
-5.091582532584021034e-03
9.662214043357342588e-03
3.392474556998041797e-03
-5.092705075222401546e-03
9.661944070414317173e-03
-3.334162026618554039e-03
5.008864466373079069e-03
-1.114052973911240708e-05
-1.666948240105158323e-03
5.011575195813606533e-03
-1.350574075182010603e-05
-1.007364349416724370e-06
5.012179545523071447e-03
-1.417030031383130297e-05
1.667541537190706880e-03
5.011462494833708245e-03
-1.550221860314443461e-05
3.334173706975415881e-03
5.009768816549536700e-03
-1.177817554800946641e-05
-3.411607175555587523e-03
5.101644154593526145e-03
9.643545295805723561e-03
-1.712636575507492809e-03
5.101293444341875594e-03
9.648092423903834383e-03
-1.054322840683465021e-05
5.101362114606645265e-03
9.652490066850746842e-03
1.690133494947609069e-03
5.102291110071902232e-03
9.655216838591050219e-03
3.389416056067922137e-03
5.102947867070536936e-03
9.653198616996660347e-03
-5.099057585243106303e-03
-3.564544963594927160e-03
5.626687433541632290e-03
-5.104649990962288088e-03
1.013478110958058011e-03
8.196685722570594065e-03
-5.041296421225654849e-03
9.847560747757856496e-04
1.456042299057519690e-03
-5.106145040581220110e-03
3.639398962974558886e-03
5.623857036041180792e-03
-5.042323739118067562e-03
-2.551346304708063378e-03
1.324923438636958339e-03
-5.104879466576550499e-03
-2.570941693759852282e-03
8.315808703433671609e-03
-5.069527244511503813e-03
3.633069321442887120e-03
2.431575316761585333e-03
-5.095027481443475600e-03
3.628686674129623542e-03
4.030430903239493393e-03
-5.103774414966540454e-03
2.159871941721985822e-03
4.836459261661854928e-03
-5.102338395323702258e-03
2.035218598259452925e-03
6.664544082709921921e-03
-5.101630130497616412e-03
6.831786987886812133e-04
5.640472851193977823e-03
-5.099197439503112481e-03
6.510581901558302499e-04
4.089176532604823014e-03
-5.097813611320528571e-03
-7.678741214747754297e-04
4.853279552877334466e-03
-5.102258279654566138e-03
-7.896343625868376117e-04
6.445674701227771357e-03
-5.086793928236444350e-03
-8.004370328136557440e-04
3.302721362321884516e-03
-5.096584320248312601e-03
-2.209130878077480205e-03
4.271401683248231620e-03
-5.090806971890765587e-03
1.998202143311126992e-03
2.992822604406100706e-03
-5.049683592724933494e-03
-8.025840875744719377e-04
1.652111724248954156e-03
-5.104512532488425167e-03
-8.011959563502459459e-04
8.030122886016488257e-03
-5.106041202153695224e-03
2.574078822520588141e-03
8.267364904593876504e-03
-5.106346260401050004e-03
3.706326570160248680e-03
7.223554526547412528e-03
-5.048803848386240745e-03
2.527110710811800425e-03
1.352946474606707720e-03
-5.102577060116404543e-03
-3.702385056346586996e-03
7.274623644293243784e-03
-5.062176070634524967e-03
-3.734076534178936996e-03
2.339236840366594634e-03
-5.099284983828300012e-03
-1.885581636789871807e-03
5.636890610420498306e-03
-5.089284525675403723e-03
-3.717379775718875241e-03
3.932163108808862766e-03
-5.081699977406658499e-03
-2.204221357209823050e-03
2.758701940213129696e-03
-5.101958970514700042e-03
-2.219250315112302439e-03
6.888581190602813438e-03
-5.078334781889658374e-03
4.094361519678661352e-04
2.700482674742657723e-03
-5.104088617279411294e-03
5.145285370586535076e-04
6.961593431938567673e-03
-5.106880672295172931e-03
3.856693967951628152e-03
8.466357150797498496e-03
-5.104631298884779005e-03
-3.852070609070486727e-03
8.477393498811368680e-03
-5.040134292343851317e-03
3.802492561701090786e-03
1.186707825012759884e-03
-5.036946235905931553e-03
-3.811943278582968254e-03
1.176262364054228137e-03
5.092604643410170336e-03
1.014650413369146175e-03
8.219852615866706305e-03
5.049293241975202733e-03
9.861339314619181617e-04
1.455707005791381358e-03
5.090779093547558726e-03
-3.555961060285957494e-03
5.632659477453621708e-03
5.094616151037617037e-03
3.634830734005384603e-03
5.635236200327822104e-03
5.068322594930728918e-03
-3.531876226768254981e-03
2.552150482801764705e-03
5.091862396000099850e-03
-2.568751145240332108e-03
8.328446071755965519e-03
5.070366589822586367e-03
3.635227143348386970e-03
2.438525787837500947e-03
5.083470118450685547e-03
3.626212530586041000e-03
4.037711146940368978e-03
5.092232674837999205e-03
2.157465029065658204e-03
4.848885538687798188e-03
5.094019283352933976e-03
2.035796161131397594e-03
6.685800762069078404e-03
5.095136892674828263e-03
6.858771725700730246e-04
5.656821552845895176e-03
5.095166276676981604e-03
6.536209928341880655e-04
4.099808809898973332e-03
5.091400761825641032e-03
-7.625794413943962850e-04
4.863146357426791772e-03
5.082256568320233162e-03
-7.971546685992004231e-04
3.308910899004992821e-03
5.092916380465133640e-03
-7.857486450415367444e-04
6.459367087590800645e-03
5.087140160581278721e-03
-2.317109689142922337e-03
4.078367449676096983e-03
5.081137340941343193e-03
2.001879045122000565e-03
2.995899021520370773e-03
5.092426551184362632e-03
-8.009336807184602074e-04
8.045903133911135735e-03
5.091307925952125515e-03
2.575881795033689407e-03
8.288826511819313500e-03
5.051551073534171418e-03
-7.815352363127430054e-04
1.654802451697132311e-03
5.091704895730899023e-03
3.705846325938242595e-03
7.239394605261289563e-03
5.048736949579048922e-03
2.531669826524242124e-03
1.351987254435082835e-03
5.092524442263200203e-03
-3.698005874412320197e-03
7.284102839297228703e-03
5.040153917198019265e-03
-2.456183733076615708e-03
1.357973627076138144e-03
5.090907399667907694e-03
-1.903259324871153660e-03
5.608376755983324538e-03
5.084796070156548040e-03
-3.916295956745544093e-03
4.066701875293773048e-03
5.070894662722328673e-03
-1.977556977481996926e-03
2.593988670231039267e-03
5.092744200199906743e-03
-2.218398224837987535e-03
6.895191407165017147e-03
5.071880371204815982e-03
4.139684352590959821e-04
2.707374577477912950e-03
5.092901999219325709e-03
5.155064707516670251e-04
6.981555736127939386e-03
5.091121079942066523e-03
3.858573098322780597e-03
8.484361109376429080e-03
5.092072620866788107e-03
-3.849434385874006027e-03
8.487347045260936612e-03
5.040643849760263057e-03
-3.803618620821002608e-03
1.187813176694038761e-03
5.038329137060858567e-03
3.801882350902759024e-03
1.190518197144207427e-03
3.630937594797099474e-03
-5.090645762650175196e-03
5.637452307709201263e-03
-3.561809109666463392e-03
-5.096642289550733403e-03
5.626905657794689999e-03
9.876077519052422170e-04
-5.042103978448201837e-03
1.461288321911816254e-03
1.005413049775335035e-03
-5.093090173135646215e-03
8.219116972130416365e-03
-2.552034297331542100e-03
-5.049327083682611343e-03
1.325603151018304917e-03
-2.579256633886934519e-03
-5.094796909762817558e-03
8.322683534461508895e-03
3.635997829794966000e-03
-5.067857495884710295e-03
2.438419842669085381e-03
3.624239141972807662e-03
-5.084501091320009665e-03
4.041240718529070207e-03
2.156505057283956625e-03
-5.091080472013760974e-03
4.851439282030420644e-03
2.029696222776743771e-03
-5.094155944385172011e-03
6.688373850870393302e-03
6.798613837793829762e-04
-5.092555173052164090e-03
5.655857581679168619e-03
6.546599017824632997e-04
-5.090182401495256699e-03
4.097452084079329995e-03
-7.650446656834834769e-04
-5.094287281370572101e-03
4.861706147001056653e-03
-7.924378420058066606e-04
-5.094988374061870835e-03
6.458725744635617286e-03
-7.934685524702745794e-04
-5.085892198084212938e-03
3.310059991243295089e-03
-2.203975194958169778e-03
-5.092517888962328626e-03
4.273850021494420004e-03
-8.026418367586314476e-04
-5.049372847711772194e-03
1.647560860617063678e-03
2.002659602815834525e-03
-5.081462826888757250e-03
3.004598028968991086e-03
-8.109007917024940683e-04
-5.094129933834176845e-03
8.044484360455060948e-03
2.566895554296622084e-03
-5.093150898869408874e-03
8.291199719506566271e-03
3.699349707319262402e-03
-5.094003796331981852e-03
7.244397862741914010e-03
-3.706538327327827710e-03
-5.097069662765854429e-03
7.277934049804743455e-03
2.528849226074335581e-03
-5.048763470675647277e-03
1.358455818247814289e-03
-3.729323310005771153e-03
-5.071492244663596168e-03
2.339468705927660874e-03
-1.883962284972715007e-03
-5.093163937800263170e-03
5.644001471830127105e-03
-3.713404582885811243e-03
-5.092519155984192789e-03
3.930645289060191554e-03
-2.193540825593905206e-03
-5.078091256495871272e-03
2.759272865072440444e-03
-2.223351370332790622e-03
-5.095447546153654764e-03
6.895802687178077817e-03
5.078835180271156586e-04
-5.094382934136490113e-03
6.981816390844264135e-03
4.091426087988916504e-04
-5.074200528548080368e-03
2.706629928149695014e-03
3.849204925650172998e-03
-5.093031776249519992e-03
8.488459749563588563e-03
3.803081035593227407e-03
-5.039324190559336079e-03
1.188254531098350761e-03
-3.860349822958744886e-03
-5.094828907482982019e-03
8.480427019742648939e-03
-3.810182451089380758e-03
-5.043965291749480558e-03
1.177155853981551965e-03
3.632655654047974893e-03
5.098559809257412721e-03
5.631806544618379526e-03
-3.568225682056256915e-03
5.104541076358729002e-03
5.619912406444559777e-03
9.828809170806991364e-04
5.043578685111756339e-03
1.457311593879018858e-03
1.003194672726320184e-03
5.102362973422497165e-03
8.211051890307312709e-03
-2.551008011572859432e-03
5.038399577298199525e-03
1.325847962419350384e-03
-2.582975884444892265e-03
5.101037133168859726e-03
8.312105463138614453e-03
3.635405298870695093e-03
5.068902102151211231e-03
2.434188281268878304e-03
3.623377298586639029e-03
5.088536981038158970e-03
4.035750124579375736e-03
2.157516341778609268e-03
5.099820994804283789e-03
4.844454296667827231e-03
2.031002534736581471e-03
5.100350062529244825e-03
6.679480446189902526e-03
6.827359997122532621e-04
5.102027198656057180e-03
5.651650447376328074e-03
6.551892654128522097e-04
5.095641295873395808e-03
4.094266272331809932e-03
-7.629440717764168333e-04
5.104388019836415998e-03
4.860963886402059654e-03
-7.944280344849423718e-04
5.104861484141500795e-03
6.452715572133334992e-03
-7.962995200272352360e-04
5.090332576556041988e-03
3.309656543378609265e-03
-2.208330992889330317e-03
5.101209690416815511e-03
4.272969785139426289e-03
-8.038201169029857845e-04
5.052740976671028783e-03
1.654989764759184087e-03
2.000498906296516860e-03
5.087384950946750514e-03
2.997224734522590910e-03
-8.126334292408659383e-04
5.101407942056916493e-03
8.034543646310250004e-03
2.564460304874826516e-03
5.101981048072421268e-03
8.283141353983175179e-03
3.698931638661992136e-03
5.099674279479449353e-03
7.236253519106418224e-03
-3.711859879189954425e-03
5.102936355434206130e-03
7.267149550846886859e-03
2.527532146147920024e-03
5.048186584290267724e-03
1.355019197550749255e-03
-3.732337266901732554e-03
5.067350858624986194e-03
2.344639078422855807e-03
-1.887726461696289000e-03
5.103465682299579420e-03
5.638829244756819563e-03
-3.717703959344088264e-03
5.090782422441889922e-03
3.927037202750316945e-03
-2.198200548177148186e-03
5.082711361698632156e-03
2.760539706215857716e-03
-2.227258339871467530e-03
5.103771577918594926e-03
6.888084052366178281e-03
5.083121750061866473e-04
5.102772064881108509e-03
6.974312558513553854e-03
4.095528971705873181e-04
5.077712262252073207e-03
2.702839458695823795e-03
3.847262419849577578e-03
5.102594247833233329e-03
8.480459868854877889e-03
3.803386639470944259e-03
5.040467424706387978e-03
1.187394726023292954e-03
-3.864396154313225803e-03
5.101577665754230759e-03
8.468863792575902563e-03
-3.808614146684700073e-03
5.036351476005535011e-03
1.177973909864701288e-03
7.948815056484947496e-04
3.332467851347011532e-03
-4.744690405568001975e-06
7.754401702179409411e-04
-3.419215231657055706e-03
-1.132998955884157591e-05
-3.569771481685514187e-03
8.188091944011407879e-04
-2.874779047487378842e-06
3.517242059719875597e-03
8.207276426770596187e-04
-4.278190586429019982e-06
-3.603103204335894420e-03
-2.435461723037453570e-03
-8.358705841436812797e-06
3.491330086500947418e-03
-2.375086286041490618e-03
-1.238639360009172454e-05
-2.555893823253822372e-03
3.577513411177562098e-03
-9.191636517892327632e-06
-3.569354682844180782e-03
-8.244437245285018718e-04
-1.002665439669716002e-05
-2.117075109055425661e-03
-7.784016977643078420e-07
-1.301739220599829744e-05
-1.978794626181535309e-03
1.917920591017758863e-03
-9.819378690272030505e-06
-6.684550552612825115e-04
8.330306492933381825e-04
-1.283269188755130736e-05
-6.682536703250573432e-04
-8.322901910998834916e-04
-1.615774116442430944e-05
7.453017569737164279e-04
2.852795079114402882e-06
-1.313262503698458605e-05
7.693802300190647316e-04
1.666089459635040470e-03
-1.071174304267400988e-05
7.461946080912037387e-04
-1.636543360649362006e-03
-1.342598713905992918e-05
2.259706757112198237e-03
-8.150251597628937073e-04
-1.414174851569659944e-05
-7.016159190222508212e-04
-2.462046839740101092e-03
-7.506724222777946866e-06
3.613415776434598069e-03
2.554458118145653753e-03
-8.447599540518253554e-06
-9.830476229874532054e-04
3.509927867583816780e-03
-1.043078190327037995e-05
-2.130002080691272871e-03
-1.646713859393817998e-03
-1.100239168858111142e-05
-2.294693158667576033e-03
-3.465389551401392137e-03
-1.397066881081777141e-05
2.508475083023146111e-03
3.644089222688671852e-03
-1.080033386142875756e-05
2.492687324066253374e-03
-3.633507824645583820e-03
-1.160260944314712215e-05
-3.640312906299604957e-03
2.489783140987764619e-03
-1.139884727680308295e-05
1.866130889015933702e-03
7.841926907840979623e-04
-6.752477919520395219e-06
3.853989707200751024e-03
-8.065781203697889668e-04
-1.184025038179095879e-05
1.954773461483501514e-03
-2.373499138905882291e-03
-2.874718397488430443e-06
2.179317566519150661e-03
2.132876809130648029e-03
-9.501495460923401910e-06
-8.045504132296387801e-04
-3.883141033899637114e-03
-3.297607257350808808e-06
-4.783662452984563862e-04
2.218916519066043216e-03
-1.078322122110654081e-05
3.783927573913960490e-03
3.785230339526916236e-03
-2.931864833027112736e-06
-3.783635814207965842e-03
-3.785030301638682773e-03
-1.932169390361651338e-06
-3.783847183933677222e-03
3.783727941583130659e-03
-1.827971065812487425e-06
3.784273964397118044e-03
-3.784072551439579633e-03
-3.037150017095155857e-06
-3.644106565422446532e-03
8.423385090370363567e-04
9.642964648787289914e-03
8.028911136369885123e-04
3.396434896417305227e-03
9.652465051780131228e-03
7.814087192594992197e-04
-3.474203018055204827e-03
9.663797398841095579e-03
3.569804087584395672e-03
8.464317434794927340e-04
9.662884158113782540e-03
-3.673941514812585803e-03
-2.477798860803503804e-03
9.651672297897571223e-03
3.547663427226683663e-03
-2.418170972566628663e-03
9.663567852335385941e-03
-2.617272172103259943e-03
3.644281833716470076e-03
9.645039715148830128e-03
-3.642275750764883795e-03
-8.337666009886925134e-04
9.647758484516344782e-03
-2.167250140489606399e-03
7.751886177453046154e-06
9.647158769940844883e-03
-2.027818873683226702e-03
1.958168727268151232e-03
9.643099707390280495e-03
-6.939018654958145800e-04
8.568961654348409597e-04
9.648055132524877356e-03
-6.937292350659150005e-04
-8.412625668587555292e-04
9.654856351382884450e-03
7.487479176915267385e-04
6.952735746104933208e-06
9.658889336465491249e-03
7.799309183718958595e-04
1.705508735498194144e-03
9.656058874604347628e-03
7.473825312203045013e-04
-1.660987427469987412e-03
9.660249948311230850e-03
2.293840838832401224e-03
-8.228623400492224467e-04
9.660849171729928020e-03
-7.260975894350312583e-04
-2.502430008818945506e-03
9.660773092618387889e-03
3.669298248908785601e-03
2.609188909499655408e-03
9.660497427575548413e-03
-1.014805984368596535e-03
3.577662229616225455e-03
9.649074669924177436e-03
-2.179099109296764227e-03
-1.673791156297977593e-03
9.654684991326697996e-03
-2.345831267184829427e-03
-3.520680953361612735e-03
9.656922117853785834e-03
2.546260077910509918e-03
3.713781780906644670e-03
9.657130111004174483e-03
2.531233907397538539e-03
-3.691922795182153022e-03
9.663796350271730562e-03
-3.716799078517849138e-03
2.541350491901693369e-03
9.642817490918095813e-03
1.896232368328221521e-03
8.049627928030449967e-04
9.658665677462268881e-03
3.918421038747640570e-03
-8.168856281755007076e-04
9.664753851962542067e-03
1.981063208514243119e-03
-2.413657596475091583e-03
9.662570138428827962e-03
2.210784290405332954e-03
2.180005710447177700e-03
9.658126771063006363e-03
-8.308049860048535937e-04
-3.944267932390513320e-03
9.661923908430363264e-03
-4.992601609838013361e-04
2.269017403384840630e-03
9.648349156538931631e-03
3.845346262962572211e-03
3.860172510081800405e-03
9.656916443927804003e-03
-3.863611505745503071e-03
-3.849306860070446975e-03
9.653823693027689667e-03
-3.866530671128793999e-03
3.858630810770807308e-03
9.642034872641870938e-03
3.848022635772854923e-03
-3.849755323748405532e-03
9.663212837300948210e-03
-3.573808335087499347e-03
-3.977137620427915153e-03
4.689299705981226675e-03
5.062989588641469893e-07
-2.441912123372968835e-06
4.862475084811954985e-03
-1.808527113804948849e-03
-1.805055824707589617e-03
5.923285410956017835e-03
-2.535202279868760400e-03
-2.537531873531564345e-03
2.453572281573342118e-03
1.875490044689706636e-03
-1.835882110501199605e-03
3.069248027545774804e-03
1.877087177871878407e-03
-1.849507783272717103e-03
6.652709995215572852e-03
1.182805379140968284e-03
2.068299644647092657e-03
2.953625712218306120e-03
-1.613300142377861908e-03
2.112800427922515746e-03
6.366139789818640003e-03
1.618706085010054472e-03
1.591923489984393850e-03
6.849612971156712055e-03
-2.049585478248540198e-03
1.187361949070394598e-03
2.942745242167346589e-03
2.634462005085231023e-03
1.925297403448394289e-04
4.893765845472666277e-03
-3.270664148115463203e-04
-2.676885522198534789e-03
4.086913905169708462e-03
-1.721277735994247000e-04
-3.700118366583387522e-04
7.285275672929010168e-03
-3.642267640686642875e-04
-7.050708953484590260e-04
2.480116837875769725e-03
2.669417039322677810e-03
2.940905002399428372e-04
2.190866605108631252e-03
-2.656322304930559992e-03
4.678274661464758218e-05
7.309333242445334097e-03
-2.822185655333147615e-03
1.745690337867436548e-04
4.904333568056760788e-03
-2.255813824082476262e-04
-2.809230012823049280e-03
7.396295947960224854e-03
1.667446047212920042e-04
2.833386053879396842e-03
4.932085495458919666e-03
2.637619782306053606e-03
2.670352611115478503e-03
4.973709848804811796e-03
-2.911991533860425977e-03
-2.903967031412082490e-03
7.577576139395907941e-03
-3.004059680113759911e-03
-2.574809718355174776e-03
4.421948739685693970e-03
2.552272438065797573e-04
-2.939556964877449059e-03
2.039791500491190592e-03
9.652048353942716796e-06
2.984468644642002642e-03
7.655769705878722430e-03
3.022849544435715023e-03
-1.994095693185505072e-03
4.861208443365122069e-03
-2.970852943342344732e-03
2.988972008330268663e-03
2.028829125088121074e-03
2.967289995259083171e-03
2.969361097381118149e-03
2.021067632311111546e-03
-2.799479627923466378e-03
2.776457626784143654e-03
4.495243598024671779e-03
2.974524020499132431e-03
-9.079758231441938587e-05
7.575236991080814587e-03
-7.438032351378592909e-04
2.791741193453952871e-03
2.098171311144704856e-03
3.035322784431021461e-03
3.044293456520299427e-03
7.671683654899302644e-03
-3.042713857274921031e-03
3.045112319645751700e-03
7.683147532830302863e-03
3.111578841604287823e-03
-3.104730966408187406e-03
7.782393499136217030e-03
-2.941299689618326937e-03
-4.844338876344717179e-04
1.963848434771511570e-03
1.325142956910446571e-03
-3.165534537771503773e-03
5.204438349810521294e-03
3.085869895713292798e-03
-3.077213457074716267e-03
1.900447623118529201e-03
-1.653117267364661832e-03
-1.138155371535056045e-03
3.930656562476944615e-03
1.210539449560059811e-03
-2.393237117040961074e-05
3.397044136877519840e-03
2.095514458390437568e-04
9.742742805899523312e-04
1.697393953893610967e-03
1.534592498112794055e-04
-1.708394231762127300e-03
5.774778373281243965e-03
-1.186125354219847577e-03
1.147070776232717460e-03
7.898044526922304298e-03
1.288700671978295536e-03
-8.599312721048947995e-04
1.591849688102019806e-03
3.282093673713739126e-03
1.477652048264351155e-03
3.597399328194157003e-03
-1.343466890125105976e-03
1.442048791758958554e-03
4.659047421482011113e-03
-1.628199181026283469e-03
-1.481086701304971942e-03
7.907892925221626443e-03
-8.330923024580506962e-04
-3.403674908397983766e-03
5.664462095642324238e-03
3.374915014418549287e-03
1.384286616670343893e-03
6.133904449759554171e-03
1.282211602689993079e-03
-1.259203727912332270e-04
6.168310957567176359e-03
-2.661955757624222176e-03
-3.444966718313605038e-03
5.926569075669696658e-03
-1.358049916793943124e-03
2.772937881726302597e-04
6.047849580336154239e-03
3.266361132280836202e-03
-7.407209482971472379e-04
3.524871841692915186e-03
1.224575559370229272e-03
3.413127741336407367e-03
6.324067120671540525e-03
1.234220812836582396e-03
1.350477520310792382e-03
4.563790889651856385e-03
-3.421731569923324150e-03
1.319520689717958769e-03
6.201840207014681569e-03
2.501789979006088793e-03
-3.455996913928979612e-03
3.814353930711100998e-03
-3.601753795054194428e-03
-3.502519539528744976e-03
3.256083186121940237e-03
-1.170218657728761859e-03
3.320052010560398895e-03
3.770780700801275136e-03
-3.419954458419152254e-03
-1.454480139663593373e-03
6.650218736848964932e-03
1.402672869134973617e-03
-2.667260423578645106e-03
8.085867271334794965e-03
7.583393567016921818e-04
8.545294924613607837e-04
8.165105085681897967e-03
1.251526663228837502e-03
-8.763223759471533078e-04
8.210486566716886439e-03
3.300460098843091116e-03
-1.294437858452633259e-03
1.607069158511809396e-03
2.963278642982481240e-03
-3.393519241288162416e-03
6.038899744150603467e-03
1.397250041043153305e-03
-1.266265835461918106e-03
4.619706649734574636e-03
8.022357333764954023e-05
1.384752230166786400e-03
5.960328734029573215e-03
-2.712988330359724330e-03
3.536993806285000565e-03
6.055343926985668271e-03
-3.411751270342329011e-03
-9.939007516563437561e-04
3.788133525240608337e-03
-2.325228916761688358e-04
1.053201467114596706e-03
3.367272755445134547e-03
