-5.003641429914620908e-03
-5.003767322487358976e-03
1.000481428511638959e-02
-5.051512850928079924e-03
-5.049232815062563301e-03
1.786329995686956299e-04
-5.003706024642025525e-03
5.003608034163117314e-03
1.000467722273728176e-02
-5.053770044905466462e-03
5.050303632942303514e-03
1.836967370517493157e-04
5.003594856916344404e-03
-5.003745517721505838e-03
1.000472012461935123e-02
5.046030328401413662e-03
-5.048340677971933053e-03
1.752654173420332701e-04
5.003037322307335444e-03
5.003012669931938307e-03
1.000380427708530938e-02
5.045176916190555888e-03
5.049604832791038458e-03
1.749468259612268106e-04
-5.050324315027932692e-03
-5.049942986568071134e-03
1.812294637602351877e-03
-5.048836135293899470e-03
-5.050072148581036431e-03
3.447061441366632006e-03
-5.046165941231194572e-03
-5.048392442866644035e-03
5.084300767314035158e-03
-5.041519353809888020e-03
-5.043070396633383447e-03
6.723225313617792534e-03
-5.028216864135345160e-03
-5.029607517418746912e-03
8.365445168106343948e-03
-5.004276806251345411e-03
-3.333875914297658016e-03
1.000523746974111075e-02
-5.005438205064133284e-03
-1.668066437019185980e-03
1.000594134380851548e-02
-5.006351275212319978e-03
2.268994585207300938e-07
1.000695473703260181e-02
-5.006283392849910849e-03
1.667243714127035394e-03
1.000759918611503207e-02
-5.004841027468033381e-03
3.333784041504699643e-03
1.000592388739475827e-02
-5.052092793981549125e-03
5.049268668488706216e-03
1.817388656369442815e-03
-5.051305128506104920e-03
5.049062333355915783e-03
3.449928874138153464e-03
-5.049748572274826222e-03
5.047605468644964129e-03
5.085823562610671325e-03
-5.042543718675101226e-03
5.039742847570445085e-03
6.725813722423651907e-03
-5.030189132826137256e-03
5.026570597591626527e-03
8.367251270965861756e-03
-5.051834986574850299e-03
-3.365558376157650865e-03
1.779127394806423153e-04
-5.052503990732790801e-03
-1.682218465999095946e-03
1.792496332252194700e-04
-5.052237390020679168e-03
1.903401082337991099e-06
1.809575311421340546e-04
-5.052285764351970715e-03
1.684202301564193850e-03
1.808702080085569067e-04
-5.053421438069599474e-03
3.368135519228326533e-03
1.813898777303152765e-04
5.046599808147275365e-03
-5.047998183308193866e-03
1.809681004562772953e-03
5.046820579210475194e-03
-5.046761157362619765e-03
3.444102870449394956e-03
5.045450176266861285e-03
-5.044035923605921443e-03
5.081568627959803797e-03
5.038347449326817384e-03
-5.039528248984411797e-03
6.722278225379869215e-03
5.027140873814775132e-03
-5.028363053779460155e-03
8.364628803197531742e-03
5.004557255952290368e-03
-3.333816076808652183e-03
1.000573307569395561e-02
5.006108976698125587e-03
-1.667839859022274707e-03
1.000615567425850935e-02
5.005834673333752274e-03
2.783325613727257351e-07
1.000585206567959975e-02
5.005993524012959141e-03
1.667362079849343207e-03
1.000726754407328840e-02
5.004859069101560802e-03
3.334358077704520276e-03
1.000568196455663486e-02
5.045982280348523981e-03
5.048905003283827436e-03
1.809836957690582867e-03
5.046791105644966857e-03
5.047941558362178775e-03
3.444221852138258742e-03
5.043719296958820708e-03
5.045002421672735611e-03
5.083512304784322013e-03
5.038775040298770075e-03
5.039125654799411075e-03
6.722635795073864627e-03
5.025191085226994765e-03
5.027478377345926362e-03
8.363524402982096262e-03
5.046144189617643439e-03
-3.365240047812760506e-03
1.738289179204105560e-04
5.045684751875017908e-03
-1.683230719595623509e-03
1.722906177508495167e-04
5.044916336157470767e-03
6.389729320026790644e-07
1.714656693066551689e-04
5.045223745986801567e-03
1.684789692914489580e-03
1.715254133189314165e-04
5.044901034808023724e-03
3.367129457943993012e-03
1.736779239606401867e-04
-3.368271051566216080e-03
-5.048622871935318224e-03
1.767653071633425101e-04
-1.685891491389573038e-03
-5.047663559858693236e-03
1.754960481682217186e-04
-2.856642516924636792e-06
-5.047322779207691346e-03
1.746117780758120041e-04
1.680535920735966565e-03
-5.047803078723711590e-03
1.742359011217188981e-04
3.363382475178553887e-03
-5.048546149411321966e-03
1.742608431781922807e-04
-3.333674564607907748e-03
-5.004351975576740684e-03
1.000582298591323055e-02
-1.667797777489852607e-03
-5.006713063632151940e-03
1.000666950201662547e-02
-2.438832585072172490e-07
-5.005600619806605152e-03
1.000570870516060036e-02
1.666970591274383661e-03
-5.005458942124057543e-03
1.000678382465614892e-02
3.334195913462153008e-03
-5.004824461806767037e-03
1.000603156141157898e-02
-3.370264512229294990e-03
5.050945904902134388e-03
1.813150203230031083e-04
-1.687838174402885461e-03
5.050269570939530488e-03
1.802890263960171618e-04
-5.039227353407117472e-06
5.049920955507450349e-03
1.785590536479088515e-04
1.678918165909916828e-03
5.049658363155051441e-03
1.757647390064606468e-04
3.361987561467166905e-03
5.049771648804457849e-03
1.743862403894014257e-04
-3.333687745096393113e-03
5.004390853900463412e-03
1.000522683317261151e-02
-1.667747813645440108e-03
5.005674030466436553e-03
1.000614893352799392e-02
1.083013826598467069e-07
5.006851874503055570e-03
1.000804074764679447e-02
1.667106008878473057e-03
5.005998455326117307e-03
1.000778078110165295e-02
3.334130066019003885e-03
5.005101014869037940e-03
1.000607404368851830e-02
-5.045306685329931096e-03
-3.525489603497611833e-03
5.880504078751728168e-03
-5.023522365141697144e-03
9.944749762048911944e-04
8.516886403229034785e-03
-5.050047760852926886e-03
9.890664941418388090e-04
1.646019203375352668e-03
-5.047735253460491553e-03
3.597305183516978817e-03
5.888212034345887552e-03
-5.051517251740311049e-03
-2.566243604069739278e-03
1.507208284130782602e-03
-5.024152381825176990e-03
-2.534450636175669160e-03
8.625537145716229842e-03
-5.051339887963903971e-03
3.624098832394821983e-03
2.640032014596735768e-03
-5.051740369232410148e-03
3.598116614385023920e-03
4.266043387464672071e-03
-5.051944985176978244e-03
2.136827853239800425e-03
5.077723606401168127e-03
-5.040191261780038907e-03
2.006559727748792859e-03
6.947823178040224597e-03
-5.049154138838961303e-03
6.742912223109822712e-04
5.893762894546507487e-03
-5.056546610016425698e-03
6.471160657534146378e-04
4.309078955894892794e-03
-5.049889857729644368e-03
-7.588078286479084432e-04
5.087599638366171496e-03
-5.043889069972161930e-03
-7.808545837753931400e-04
6.716153255763198694e-03
-5.054087986186547865e-03
-7.949138215120905154e-04
3.508727014955151813e-03
-5.051075464796528011e-03
-2.187411008694964670e-03
4.494721277888214309e-03
-5.054168955661048936e-03
1.992695959854294194e-03
3.198814339598278229e-03
-5.050681202318732521e-03
-8.031548018001038926e-04
1.834242028600599353e-03
-5.025480552048587103e-03
-7.932360279735555528e-04
8.338642027029217682e-03
-5.025470543563937548e-03
2.529021333715528522e-03
8.590444998852669878e-03
-5.036198751833066700e-03
3.654538468522435836e-03
7.524126351006020161e-03
-5.052321615574737260e-03
2.540635430827657693e-03
1.539548961080162027e-03
-5.036731964644582983e-03
-3.658083894020272217e-03
7.563953966782875106e-03
-5.050468491904619266e-03
-3.724997270314786470e-03
2.547610376612658226e-03
-5.045439122169335065e-03
-1.864361512932426277e-03
5.888603605985134534e-03
-5.048453267294641771e-03
-3.685482264911403918e-03
4.158399032098447287e-03
-5.053265716036553327e-03
-2.191262182323938310e-03
2.952792486816281387e-03
-5.041499546098828118e-03
-2.192461057271423430e-03
7.166770440816553657e-03
-5.052168089666232015e-03
4.066688584506027615e-04
2.900014076448400365e-03
-5.038834888487179510e-03
5.067984138086836440e-04
7.247108714313170615e-03
-5.021579983875485396e-03
3.791263996401097493e-03
8.797610522554974097e-03
-5.020064289366228324e-03
-3.795362124298422724e-03
8.796163710302586786e-03
-5.052286682789222313e-03
3.817764497268415214e-03
1.378571754542472000e-03
-5.051236176686112536e-03
-3.825672093991841667e-03
1.365838958095987174e-03
5.023720254111303796e-03
9.973502712358468629e-04
8.514387399331533116e-03
5.047335428474045323e-03
9.884979420499481056e-04
1.635464077334986607e-03
5.042782029023563060e-03
-3.522584914170794231e-03
5.878269729392844936e-03
5.041308752644720406e-03
3.594074740883450129e-03
5.884392392096074800e-03
5.046772827261494267e-03
-3.520434510187519638e-03
2.746605741482960154e-03
5.024657321768469589e-03
-2.531831490435888961e-03
8.626931021849734704e-03
5.046295019728601686e-03
3.624175406807630864e-03
2.632386549567332194e-03
5.047177037436934542e-03
3.597459046478508875e-03
4.260080554513901233e-03
5.046493422432549864e-03
2.134766765940194697e-03
5.073281417694301687e-03
5.040955758944694158e-03
2.007667772373535227e-03
6.946278058702314885e-03
5.045939744271477068e-03
6.743949636558770272e-04
5.891724071347275403e-03
5.048719200264509092e-03
6.476958874872538238e-04
4.303234344128596678e-03
5.047115135611803492e-03
-7.559345317641576537e-04
5.084317226769045905e-03
5.048097423017585891e-03
-7.938093817029877146e-04
3.503290480448951940e-03
5.039155039773640134e-03
-7.800084615497607623e-04
6.714554892841630672e-03
5.047736872841945138e-03
-2.298407515966855320e-03
4.289495788241183202e-03
5.048442188972544417e-03
1.993291304751990903e-03
3.192200626573787284e-03
5.025313085988451604e-03
-7.907400231930866198e-04
8.339493849539480336e-03
5.023980222554096618e-03
2.531887051915402993e-03
8.590184074277777346e-03
5.046953855321193068e-03
-7.862138743467062723e-04
1.830012224077780421e-03
5.033565169378547040e-03
3.654996365547182567e-03
7.520205297443923950e-03
5.046374997061018122e-03
2.540522250291804562e-03
1.531770522953425362e-03
5.033945753826775914e-03
-3.656747621763697942e-03
7.564173155137968001e-03
5.046471766265961563e-03
-2.467494743951173866e-03
1.538495186598183920e-03
5.043683392209580979e-03
-1.885163227678188398e-03
5.846537024127389064e-03
5.045845493585888498e-03
-3.886365177903316776e-03
4.287776243407462676e-03
5.047205209004041425e-03
-1.973566052567261690e-03
2.781044766525345678e-03
5.039225595024134606e-03
-2.196163125439161770e-03
7.159684303931880024e-03
5.048934862887518096e-03
4.097181732376260635e-04
2.891879441880266296e-03
5.037050331898941004e-03
5.068649572606264428e-04
7.245915444926588969e-03
5.019048876935730541e-03
3.792707688562037445e-03
8.792988079413246658e-03
5.020182951323424320e-03
-3.793362544019826359e-03
8.796442676331624189e-03
5.046454355510684824e-03
-3.816476422100133128e-03
1.370263297081845055e-03
5.046115931424991277e-03
3.817836259569257380e-03
1.370302682344461424e-03
3.594967620110007308e-03
-5.042752813516334330e-03
5.883867581940626854e-03
-3.523455522430935308e-03
-5.045512189379403913e-03
5.881851584037912223e-03
9.854950702334048900e-04
-5.047828420938332665e-03
1.638726183237551723e-03
9.929189958349817196e-04
-5.026053538346347480e-03
8.513927784343547703e-03
-2.567587609231559379e-03
-5.048959674566797819e-03
1.505172196243335318e-03
-2.530960841116273920e-03
-5.025509767195101771e-03
8.627888933735443355e-03
3.622464383443990688e-03
-5.047985837265028634e-03
2.632785519104733924e-03
3.596652794597913604e-03
-5.046777705430426433e-03
4.260378258940617641e-03
2.136076850228221368e-03
-5.048520871757179382e-03
5.073015771002551896e-03
2.008362944954113303e-03
-5.041675361210096358e-03
6.945030902570403439e-03
6.760497377274968939e-04
-5.046687666376517556e-03
5.892765223699828088e-03
6.479190681322470786e-04
-5.049265943743666378e-03
4.305942550914327281e-03
-7.560130795000308398e-04
-5.046910860207541420e-03
5.086025472729805916e-03
-7.802601619802719286e-04
-5.044599355890942022e-03
6.713641008586042694e-03
-7.939598652997204454e-04
-5.049634233250996536e-03
3.507181474730397628e-03
-2.185384893446011903e-03
-5.048869259878361118e-03
4.494162903741201996e-03
-8.055283463608321759e-04
-5.048248156092105358e-03
1.829888382831588913e-03
1.991337131141183124e-03
-5.047292742155940100e-03
3.193601087675086714e-03
-7.942931052115140408e-04
-5.025432834565349803e-03
8.338262575548652938e-03
2.531604268052574293e-03
-5.023623327210148364e-03
8.591604638983845951e-03
3.654941462033600274e-03
-5.034829572063557329e-03
7.522122515766022782e-03
-3.656664169591612463e-03
-5.037981860286794462e-03
7.565632559314476764e-03
2.537840156169251116e-03
-5.048201861617684742e-03
1.533361285913571476e-03
-3.724421312545632065e-03
-5.050179381652460629e-03
2.547270139862245399e-03
-1.862212704672468406e-03
-5.046287044390038515e-03
5.887671203937796909e-03
-3.683901480722031035e-03
-5.049819832526560373e-03
4.158491353963170677e-03
-2.189651579121964717e-03
-5.048712979452753616e-03
2.952374129739249956e-03
-2.193541014023099762e-03
-5.044194569049005074e-03
7.165219582189518398e-03
5.052695895110075313e-04
-5.041253394501220633e-03
7.243642293289696138e-03
4.047093933931203836e-04
-5.048101024372482482e-03
2.894726940814548038e-03
3.793074244418587811e-03
-5.021587543312117617e-03
8.796935083798005511e-03
3.814829821498433998e-03
-5.048285743235173505e-03
1.370967696561668000e-03
-3.792503569950387687e-03
-5.022353134099533795e-03
8.796521230222153695e-03
-3.826901961326778338e-03
-5.049364295070464352e-03
1.365097003597189615e-03
3.593817338300034706e-03
5.041496163802339225e-03
5.885350027668658293e-03
-3.525640709753663851e-03
5.046747167900055703e-03
5.880499741376611980e-03
9.844497481941159086e-04
5.050012910901814471e-03
1.640792234001649946e-03
9.943539299024993072e-04
5.022191082386102783e-03
8.516099120872734629e-03
-2.569419046332119868e-03
5.049810667377666214e-03
1.509801243315222205e-03
-2.531871724158068788e-03
5.024218846089728227e-03
8.626108441535182067e-03
3.622410909615657489e-03
5.049152227538758128e-03
2.632457533941610917e-03
3.596905133823196949e-03
5.048451250151067202e-03
4.259651227229920359e-03
2.136654454298572269e-03
5.048562694867798212e-03
5.074077675968837950e-03
2.007016384295694580e-03
5.040012633800120857e-03
6.947365338195714973e-03
6.752542485398733843e-04
5.047525309513193476e-03
5.892620454307657789e-03
6.485677412006578832e-04
5.051467087612821101e-03
4.306478196823372573e-03
-7.551642088756120195e-04
5.050824295792496164e-03
5.088144089311888787e-03
-7.807076432503286039e-04
5.041677268733105698e-03
6.716369896008745309e-03
-7.947234718171849316e-04
5.051917976845602190e-03
3.509972449955967109e-03
-2.186725401430379863e-03
5.050594322388388818e-03
4.496274475036611366e-03
-8.068855707278104134e-04
5.049108716951945797e-03
1.834414427176982079e-03
1.991815700039088841e-03
5.049967087486392087e-03
3.194600512860688944e-03
-7.911268506247251314e-04
5.023724660725994128e-03
8.337613001538225072e-03
2.529566495812549023e-03
5.023624207084543929e-03
8.590499172364049821e-03
3.654781478080107796e-03
5.034471295352311616e-03
7.520742283631830227e-03
-3.659249955363895902e-03
5.035989257985633988e-03
7.564911690418130337e-03
2.536997111710371892e-03
5.049625757335938180e-03
1.533869442569784844e-03
-3.725939916362289595e-03
5.048902795656996095e-03
2.551531686201167180e-03
-1.863052347986618494e-03
5.046022966812110239e-03
5.889436099567928184e-03
-3.686255701955303173e-03
5.049962787669524944e-03
4.160856597551460673e-03
-2.191765458045754570e-03
5.052321764298430343e-03
2.955351142420091504e-03
-2.196017557120209535e-03
5.042413931835057830e-03
7.165542282493195941e-03
5.071347302213880361e-04
5.038409293570562594e-03
7.245950300336405185e-03
4.047474301581290663e-04
5.051007210505186786e-03
2.896740197817883680e-03
3.790349708802996480e-03
5.018238236637789611e-03
8.794513505596825154e-03
3.814269883112793736e-03
5.049652085183656096e-03
1.370478628782234891e-03
-3.793811232325826344e-03
5.019735928045314204e-03
8.796313434428690986e-03
-3.828575729023017595e-03
5.049873866649583556e-03
1.369915547529673054e-03
7.998843762103013564e-04
3.359918927272661365e-03
1.760093731820090864e-04
7.784262149817621325e-04
-3.445369775440174955e-03
1.740709238439812877e-04
-3.602384587172799239e-03
8.297394408882949671e-04
1.814531177855098465e-04
3.540077969381151719e-03
8.333877653759088049e-04
1.710275193747780222e-04
-3.633189219937541046e-03
-2.458712905489899257e-03
1.780444538876448676e-04
3.518094022616367368e-03
-2.399168153580280138e-03
1.723403323481953171e-04
-2.584764246624791147e-03
3.606941186047275903e-03
1.798875339060161259e-04
-3.602985932758351415e-03
-8.318637995310946111e-04
1.798381818773259254e-04
-2.141710875155909341e-03
1.168767251639734164e-06
1.797325646834549906e-04
-2.001829879153015686e-03
1.934792120825312278e-03
1.826662099557470722e-04
-6.828593705301380006e-04
8.426543283035863290e-04
1.793381407716207021e-04
-6.810051784852063674e-04
-8.400146191664862412e-04
1.754672274714189854e-04
7.459714030096622128e-04
1.723670858181751530e-06
1.756631466241500791e-04
7.755131646603169839e-04
1.683837180848664046e-03
1.779803099682279515e-04
7.469782120779732684e-04
-1.651176248630390874e-03
1.728892430801437323e-04
2.277476069204038400e-03
-8.189224573307066473e-04
1.720417185171297476e-04
-7.125014983708381289e-04
-2.483748992712117836e-03
1.747498773095442425e-04
3.638405625037193815e-03
2.579312023310346980e-03
1.719333967269484479e-04
-9.983904754882586170e-04
3.539844430526465930e-03
1.790737051186570914e-04
-2.152297243800524972e-03
-1.662195123204530337e-03
1.781332828605974904e-04
-2.316854182845632000e-03
-3.491234980722446573e-03
1.750682677566055821e-04
2.526243386033740629e-03
3.673629568297721686e-03
1.738733013676870248e-04
2.510539834613626474e-03
-3.661036149332664615e-03
1.733620292865323308e-04
-3.674075669564185517e-03
2.513461032395271182e-03
1.793502329342527466e-04
1.881793565888601480e-03
7.927257316889947496e-04
1.753348039914839830e-04
3.885386142385148164e-03
-8.132947153828380335e-04
1.715867913952985710e-04
1.966874466632533795e-03
-2.395552455959328465e-03
1.732012995993949321e-04
2.193868620756540648e-03
2.153828652716301140e-03
1.738198810378220951e-04
-8.160690395842269511e-04
-3.911744152553348411e-03
1.746720268875447460e-04
-4.888754402001635902e-04
2.243055587711525588e-03
1.789406590727024105e-04
3.813307538705333101e-03
3.818206965377537229e-03
1.733018004740446603e-04
-3.820211653110905207e-03
-3.817026097760121018e-03
1.766025902114211463e-04
-3.821668023272298438e-03
3.819288205330788073e-03
1.809384353524937008e-04
3.814544453925241586e-03
-3.816932237899029346e-03
1.733030514077389369e-04
-3.566972564185812069e-03
8.205756942639147325e-04
1.000104205513453574e-02
7.961617205732474285e-04
3.329556036345023787e-03
1.000265100646951372e-02
7.755511583890633415e-04
-3.416455552461851973e-03
1.000623385965566936e-02
3.513556498678850962e-03
8.238244260117876059e-04
1.000501478863394418e-02
-3.597822274707777879e-03
-2.436793913779516495e-03
1.000720139955356587e-02
3.490338190275141944e-03
-2.376017577809615058e-03
1.000824699058610288e-02
-2.555404269902476939e-03
3.573275620193327572e-03
1.000718137764577617e-02
-3.566192039656130523e-03
-8.269357455000718275e-04
1.000316320944694137e-02
-2.116109057541267022e-03
-1.409493283035935692e-06
1.000585295249063061e-02
-1.979214023460101456e-03
1.914611274215683888e-03
1.000521248242468818e-02
-6.703297713720346050e-04
8.340751296152058153e-04
1.000693729115581868e-02
-6.697335943763768314e-04
-8.333012784799302469e-04
1.000486633329349985e-02
7.450120515868005611e-04
-1.748850099513263937e-07
1.000721172872857424e-02
7.744556351017100031e-04
1.666686584567994393e-03
1.000724916001699549e-02
7.428905978434051632e-04
-1.636434330497773659e-03
1.000406696254272851e-02
2.258277856996161476e-03
-8.131007606247690929e-04
1.000570040926781167e-02
-7.033142489429248904e-04
-2.461650161503293067e-03
1.000712353464890299e-02
3.610557029053847785e-03
2.553949386155679718e-03
1.000492926217726175e-02
-9.855611624333393810e-04
3.506708469679380331e-03
1.000245966798492779e-02
-2.127445135549150407e-03
-1.647446062138201378e-03
1.000800274378482561e-02
-2.291789418954990731e-03
-3.459906836275876245e-03
1.000538341186005785e-02
2.507118727285243768e-03
3.640826048248375999e-03
1.000517091254659284e-02
2.489216554358915368e-03
-3.628550869964986252e-03
1.000276541571043336e-02
-3.636954772134060650e-03
2.488784592987578707e-03
1.000563187173458130e-02
1.868675734422331957e-03
7.826921138124411136e-04
1.000311942247571889e-02
3.854008697557031581e-03
-8.081513479753180563e-04
1.000170543587481330e-02
1.950817810758091828e-03
-2.374372666181225229e-03
1.000454765286833136e-02
2.176673099303231499e-03
2.133174867398535211e-03
1.000354405027607980e-02
-8.049466930830720141e-04
-3.877081794658842739e-03
1.000232511638397305e-02
-4.788968945844964634e-04
2.220218293677779075e-03
1.000414503794699699e-02
3.782960442141991998e-03
3.782449332454547626e-03
1.000277288168064348e-02
-3.781810476355546187e-03
-3.781626619290595105e-03
1.000142415573763814e-02
-3.781001442619565545e-03
3.782031796481484867e-03
1.000108876952685889e-02
3.782419421695506611e-03
-3.780859658736585808e-03
1.000137787352648432e-02
-3.538768208213194377e-03
-3.938850366147671027e-03
4.920897421457917642e-03
-1.049412168605080899e-06
-2.386553399624281693e-06
5.069380953280157136e-03
-1.785909454860479381e-03
-1.782007127310892896e-03
6.155448966733575132e-03
-2.533870880649210372e-03
-2.532460192490136944e-03
2.635555436876466356e-03
1.866500115382453912e-03
-1.831010005757997697e-03
3.247704103624785531e-03
1.856210528760931589e-03
-1.828587482740275496e-03
6.899407654735330818e-03
1.179298908197502728e-03
2.058282643174872990e-03
3.133868842291479776e-03
-1.591413652804013609e-03
2.079399973831370148e-03
6.623893079259585495e-03
1.599506187503855863e-03
1.566854780128988872e-03
7.103946239374605946e-03
-2.044893853610556689e-03
1.187034225178861240e-03
3.118784062003411399e-03
2.610132235108311542e-03
1.886577173531224126e-04
5.101509039039085931e-03
-3.265942109536727539e-04
-2.653312068038309480e-03
4.284449201186598701e-03
-1.657073616420557023e-04
-3.688130873428891138e-04
7.554619744263076780e-03
-3.640298034364177447e-04
-7.049400649789273323e-04
2.649611254361318533e-03
2.669112959489632238e-03
2.907033776903981742e-04
2.362440598504114697e-03
-2.616291990600923961e-03
4.226096737408610127e-05
7.593337268497708792e-03
-2.796154043077352797e-03
1.725549043007076140e-04
5.128804866252247713e-03
-2.181176831092666477e-04
-2.775192952973710905e-03
7.662612296177599876e-03
1.614430630889358419e-04
2.801213578333352442e-03
5.148119222338680065e-03
2.611005136953974213e-03
2.641470973252919158e-03
5.193503445586222789e-03
-2.864677403385229668e-03
-2.866275319855467359e-03
7.860733023143081158e-03
-2.977276592323359252e-03
-2.549421134713160831e-03
4.639019708868209226e-03
2.540734673172354778e-04
-2.939086080979449751e-03
2.216363250905314160e-03
1.445496353264643008e-05
2.937104986799353879e-03
7.940254019010833594e-03
2.997260760721654361e-03
-1.973372395219660097e-03
5.073967123242685562e-03
-2.974062307214853356e-03
2.994803871764785234e-03
2.210759097363946841e-03
2.966277634529441379e-03
2.968966925669626420e-03
2.196946693709420605e-03
-2.770254699283078697e-03
2.746205510267933636e-03
4.717313432251926848e-03
2.935875082330871404e-03
-9.190640034509066694e-05
7.847609718366659742e-03
-7.426545604642762616e-04
2.792749952444710526e-03
2.273331916183446346e-03
2.993950314666959153e-03
2.994555341074210415e-03
7.954730100044346205e-03
-2.991194337045408914e-03
2.997888952211226737e-03
7.982049101023456703e-03
3.071519985508618274e-03
-3.062644676197586423e-03
8.062602925037848714e-03
-2.948833259112410878e-03
-4.847689706710818741e-04
2.139180411724060302e-03
1.313461350260309614e-03
-3.134202574321951970e-03
5.423491839526587040e-03
3.084295394409488928e-03
-3.077538040944645132e-03
2.076651523154245289e-03
-1.644494691213199558e-03
-1.125898481546322091e-03
4.115169471301229065e-03
1.200308588659361898e-03
-2.588157416988392493e-05
3.575373893023842120e-03
2.124867812432808538e-04
9.770532068609969444e-04
1.863431830739004091e-03
1.525039620637355208e-04
-1.688706479332514757e-03
6.000189826930528783e-03
-1.162662695237766299e-03
1.124190565805348492e-03
8.199449342502549906e-03
1.293471025432524823e-03
-8.630248953879196203e-04
1.762435871449909760e-03
3.253797377054702244e-03
1.468886739448176711e-03
3.787128605433968433e-03
-1.325577933255119543e-03
1.427647863400847983e-03
4.861316495430590724e-03
-1.597284522458434618e-03
-1.463285874835559830e-03
8.194941995173126922e-03
-8.213292182848140350e-04
-3.368880026181407181e-03
5.897564445777362177e-03
3.340990414529203343e-03
1.364324798523538617e-03
6.372050919755073081e-03
1.267609137900407293e-03
-1.273709652731872498e-04
6.403436907120609728e-03
-2.628731065224476030e-03
-3.408277537294377747e-03
6.174303932968593783e-03
-1.340854178176154651e-03
2.724375537492611200e-04
6.291880578355223651e-03
3.242584730138369647e-03
-7.371014390280033936e-04
3.711039534106272408e-03
1.209527746587410121e-03
3.371053257198610223e-03
6.571476103365289125e-03
1.221051480484283344e-03
1.334581120526289735e-03
4.767402204685199790e-03
-3.382122500334482171e-03
1.300635135290868858e-03
6.462194877827557270e-03
2.487784873311184048e-03
-3.432177455917426873e-03
4.014921395528847810e-03
-3.583127316738272516e-03
-3.478008200087072226e-03
3.457994164685049710e-03
-1.162499611828337340e-03
3.288102693935231538e-03
3.968242179458100587e-03
-3.375905146667924558e-03
-1.437213954929270759e-03
6.914568491651037867e-03
1.385968087600675204e-03
-2.633172531596561939e-03
8.371702733657311948e-03
7.514296444706401214e-04
8.361268566211652476e-04
8.460738724015879134e-03
1.237797178947965286e-03
-8.689078550696183352e-04
8.503330734925918649e-03
3.304409755805758596e-03
-1.299959322742437863e-03
1.774355456224240056e-03
2.931016341465857589e-03
-3.357390677055399619e-03
6.279256057625809059e-03
1.385831294453539588e-03
-1.255515729766615426e-03
4.818938651848289796e-03
7.888087329032258748e-05
1.364872062866875598e-03
6.196611841076391132e-03
-2.677134850109836543e-03
3.491808082489716338e-03
6.314149780565902516e-03
-3.387476885238555578e-03
-9.849314187238150404e-04
3.992334012295706280e-03
-2.315119068467628028e-04
1.044590930181189424e-03
3.542829831575606495e-03
