-5.007220157021509237e-03
-5.007473020908352439e-03
1.000984944819884905e-02
-5.103236366874852256e-03
-5.098002861827512049e-03
3.517413744808343956e-04
-5.007356990237238695e-03
5.007172615462666780e-03
1.000958800402711527e-02
-5.107931458937017312e-03
5.100525667696076230e-03
3.621115372637954944e-04
5.007113601386414294e-03
-5.007404956554159688e-03
1.000962193296895016e-02
5.091248260406616884e-03
-5.096195496607928803e-03
3.447253241273156351e-04
5.006027990511932591e-03
5.005974331045511157e-03
1.000774524968554846e-02
5.089365688927148176e-03
5.099120319909254857e-03
3.440846166516461219e-04
-5.100578851781803653e-03
-5.099374743989346960e-03
1.953349596097849524e-03
-5.097375132744550938e-03
-5.099564282354802740e-03
3.558141066333160660e-03
-5.091908325389150544e-03
-5.096156446121366534e-03
5.166891457989317323e-03
-5.082480775662474685e-03
-5.085553408255133294e-03
6.778833802926318916e-03
-5.055961078158351628e-03
-5.058846374763068324e-03
8.397890004795356689e-03
-5.008492365660923221e-03
-3.334774091030165161e-03
1.001060222874836092e-02
-5.010800229526796157e-03
-1.669082766013862918e-03
1.001200936424594297e-02
-5.012534078440056447e-03
4.580382497569878310e-07
1.001402697863437025e-02
-5.012422564406679264e-03
1.667447727526856971e-03
1.001534669310897088e-02
-5.009586364087085901e-03
3.334574658339158667e-03
1.001199341235462295e-02
-5.104270299753735016e-03
5.098276814147211997e-03
1.963733949820109775e-03
-5.102471773761330098e-03
5.097777061808979326e-03
3.564128532358693761e-03
-5.099152221945683211e-03
5.094747179828334679e-03
5.170272870695941624e-03
-5.084668198283682529e-03
5.079032108407544911e-03
6.784116098703982245e-03
-5.059956018712319023e-03
5.052822745976601887e-03
8.401529110327579999e-03
-5.103881906634495126e-03
-3.397800948671435978e-03
3.501495533861882846e-04
-5.105207680583309822e-03
-1.697199319424475298e-03
3.527333129064429834e-04
-5.104721198831163771e-03
3.998623537649103655e-06
3.561127761259539866e-04
-5.104855444437198138e-03
1.701485678622024654e-03
3.560248811459775582e-04
-5.107183983743163701e-03
3.403337668224168909e-03
3.571821988723240414e-04
5.092368900750449817e-03
-5.095359870493892940e-03
1.947801646765716811e-03
5.092860281194000645e-03
-5.092761049957592219e-03
3.551895501493661927e-03
5.090125135649404935e-03
-5.087276223802341193e-03
5.161114194672126142e-03
5.076016292177625878e-03
-5.078283071548055951e-03
6.776619097223961739e-03
5.053813303344729425e-03
-5.056152592443079359e-03
8.396053508623132003e-03
5.009001135989928424e-03
-3.334651357421530848e-03
1.001153852341791009e-02
5.012066599454065297e-03
-1.668617731907868140e-03
1.001239281697029714e-02
5.011497403248512013e-03
5.304942452962926816e-07
1.001176521101499600e-02
5.011827762716101163e-03
1.667712654415284563e-03
1.001459794064577316e-02
5.009630024420312286e-03
3.335699679743063615e-03
1.001147981351210511e-02
5.091019860717438741e-03
5.097491913306039304e-03
1.948126324469264719e-03
5.092734823947793477e-03
5.095409276863193358e-03
3.552187665007421578e-03
5.086707154969407306e-03
5.089422006558031591e-03
5.164964551826673085e-03
5.076891517988916559e-03
5.077622290005186050e-03
6.777361334523159149e-03
5.049877587026669820e-03
5.054382455248922386e-03
8.393930161379542509e-03
5.091440202428207037e-03
-3.397136808365567879e-03
3.416188120517925299e-04
5.090414692616587050e-03
-1.699260399899225459e-03
3.383392076258985711e-04
5.088790983000197887e-03
1.442604189632022331e-06
3.366109801443284834e-04
5.089410876036096903e-03
1.702723629045239679e-03
3.367919997687222585e-04
5.088802454308817037e-03
3.401305177765276758e-03
3.412569975732716149e-04
-3.403880143200101703e-03
-5.096768563076036970e-03
3.477145424649275224e-04
-1.705183959988331756e-03
-5.094778492816020958e-03
3.450192298750470146e-04
-6.217855852794813102e-06
-5.094112550417760447e-03
3.431921444543201724e-04
1.693482051228936518e-03
-5.095108343824500223e-03
3.424467134943479617e-04
3.393097973438836349e-03
-5.096636886241056111e-03
3.425539391258379117e-04
-3.334352051469151920e-03
-5.008611505946815312e-03
1.001175969029162102e-02
-1.668544703032231926e-03
-5.013268846567235128e-03
1.001348919012240088e-02
-5.066912191603991031e-07
-5.011056470374808391e-03
1.001150060310704304e-02
1.666969623867142324e-03
-5.010797750967264062e-03
1.001364120100503748e-02
3.335375511924601900e-03
-5.009506293028822069e-03
1.001216167758670235e-02
-3.408046799603345420e-03
5.101802838265386691e-03
3.569448922254138748e-04
-1.709228884862392479e-03
5.100433046615130729e-03
3.547143009587838333e-04
-1.073632405684917683e-05
5.099737541275208702e-03
3.511622615019017535e-04
1.690096295755293826e-03
5.099222158414747075e-03
3.456052267741115016e-04
3.390156034056577075e-03
5.099433225802545502e-03
3.428687448685546106e-04
-3.334402175706338133e-03
5.008719536613256453e-03
1.001058226725723248e-02
-1.668442190037975172e-03
5.011263763360498252e-03
1.001242338943752683e-02
2.164126529335648557e-07
5.013519926791873416e-03
1.001618094829883829e-02
1.667204821183240369e-03
5.011845764657102409e-03
1.001565343797763442e-02
3.335255264308761586e-03
5.010099339141927711e-03
1.001226615931663858e-02
-5.090172342848745500e-03
-3.558529046440131634e-03
5.944614321120757564e-03
-5.046863279420542650e-03
9.979114137474707266e-04
8.535685608702369212e-03
-5.100216647579102619e-03
1.000199719233354741e-03
1.793362864020444985e-03
-5.095099789055967769e-03
3.630235773947052165e-03
5.955178253948240248e-03
-5.103077665050779338e-03
-2.591239333265399607e-03
1.653684199714788861e-03
-5.048087983200486017e-03
-2.545717343711099805e-03
8.639239122834714568e-03
-5.102660141552349017e-03
3.659022009959700655e-03
2.769342730721808740e-03
-5.103290740326136242e-03
3.633030229960282787e-03
4.363656953019944690e-03
-5.103585314453441477e-03
2.157506686303575609e-03
5.155603647890555363e-03
-5.080078671994258006e-03
2.019962752678862092e-03
6.990013154922787922e-03
-5.097922448618012921e-03
6.785497011629973169e-04
5.953326078076340636e-03
-5.112798662765143110e-03
6.522619896495712851e-04
4.400703016446630249e-03
-5.099414264523772708e-03
-7.684488124126105180e-04
5.165163870586950146e-03
-5.087340801734415927e-03
-7.876073009476545561e-04
6.764382826862572543e-03
-5.107994066533878483e-03
-8.046859292080003369e-04
3.615291153483310774e-03
-5.101809446591152632e-03
-2.210546993931839909e-03
4.582992937451928726e-03
-5.108191496007906396e-03
2.012362929741068601e-03
3.313250751222874494e-03
-5.101420210836541541e-03
-8.101477652271149577e-04
1.975909487907690030e-03
-5.050783867431591495e-03
-7.973914483117629801e-04
8.360117669383191480e-03
-5.050828597416258219e-03
2.535895866904496355e-03
8.607926412964487378e-03
-5.072080970336309211e-03
3.676844274152842647e-03
7.561905034164006535e-03
-5.104738980089363991e-03
2.566278726290913657e-03
1.687415014616971964e-03
-5.073033646498276150e-03
-3.684865503336718934e-03
7.598620039992751672e-03
-5.100830211976914094e-03
-3.762620888861846480e-03
2.673422378614459614e-03
-5.090449896452874101e-03
-1.882453642675835804e-03
5.950754726235630600e-03
-5.096617019395264375e-03
-3.722544946224137612e-03
4.254187508143218895e-03
-5.106378029383734120e-03
-2.215279632836724549e-03
3.069987347422050480e-03
-5.082563348489454319e-03
-2.208732159417857530e-03
7.205932528936390309e-03
-5.104235962379721422e-03
4.114175055469784337e-04
3.021356261798864920e-03
-5.077315589560521709e-03
5.115307621537093421e-04
7.283737350180041412e-03
-5.043075254452983151e-03
3.802373414024104448e-03
8.815261387506538593e-03
-5.039938402824736124e-03
-3.810516464912755332e-03
8.812350725078459124e-03
-5.104728024866330566e-03
3.855426986373723056e-03
1.532485809270894318e-03
-5.102518736405483799e-03
-3.862972272456542244e-03
1.514934384587919786e-03
5.047032842130999390e-03
1.003547801549998066e-03
8.530664855902966859e-03
5.093702611901963426e-03
9.990927359145068860e-04
1.771718581343771984e-03
5.084855412527252046e-03
-3.552602599944395135e-03
5.939869645913184448e-03
5.081958916380400516e-03
3.623746722772022092e-03
5.946984044873590732e-03
5.092710969468517042e-03
-3.553332787402102479e-03
2.865142649341876051e-03
5.048971240855099074e-03
-2.540432558131995935e-03
8.641822021385813651e-03
5.091685191388360329e-03
3.659117545905722028e-03
2.753549316244440024e-03
5.093578166452991662e-03
3.631609683045460956e-03
4.351214291474795638e-03
5.092178205468316128e-03
2.153364479922803380e-03
5.146180539767430603e-03
5.081206341190551944e-03
2.022110759080198578e-03
6.986594559218677926e-03
5.091034821711684297e-03
6.788291084625057295e-04
5.948659524976073268e-03
5.096538235267800317e-03
6.534398233965798847e-04
4.388412348049331065e-03
5.093350481896544331e-03
-7.626346702585657614e-04
5.158122644677833914e-03
5.095303245060489074e-03
-8.003670925493143115e-04
3.604883052055034894e-03
5.077655721676686655e-03
-7.858452785052057361e-04
6.760754104403377332e-03
5.094659636317186088e-03
-2.318398323186409218e-03
4.377051546090860758e-03
5.095942737040012362e-03
2.013518629520684444e-03
3.299517775873958905e-03
5.050240912672914785e-03
-7.924127657829970611e-04
8.361485723199888961e-03
5.047609974985512241e-03
2.541505115655275180e-03
8.607251262337543840e-03
5.092982973803268296e-03
-7.932212541898215220e-04
1.962996259154534042e-03
5.066632833707877641e-03
3.677592287051093325e-03
7.553752014063779170e-03
5.091788131085497361e-03
2.566016304394298352e-03
1.671385163569213787e-03
5.067357273200599060e-03
-3.681954428744679386e-03
7.598767423407795131e-03
5.092076641203679629e-03
-2.490634469650524017e-03
1.678888048421334992e-03
5.086640195781676373e-03
-1.900964396029040937e-03
5.907197738075829069e-03
5.090945409507761400e-03
-3.921107283240106781e-03
4.378689902654334803e-03
5.093526145236352588e-03
-1.991770787856767585e-03
2.896927850155952243e-03
5.077803942801177063e-03
-2.212962858703927584e-03
7.197468815466631122e-03
5.096948981956781963e-03
4.145515742464133692e-04
3.003556472773302385e-03
5.073467197095454448e-03
5.116787763425537225e-04
7.280988040191709726e-03
5.037862176887086298e-03
3.805122656490312824e-03
8.805988499567899905e-03
5.040116354268518901e-03
-3.806426098951094621e-03
8.812745955779873949e-03
5.092056606026149589e-03
-3.852480613241175429e-03
1.515434687760829806e-03
5.091281519919528022e-03
3.855553200281377699e-03
1.515448183340447610e-03
3.625420440753081026e-03
-5.084775910692796060e-03
5.946097120278004584e-03
-3.554623934238512317e-03
-5.090429014783428435e-03
5.947130942001514244e-03
9.925087299089703063e-04
-5.095094306684066696e-03
1.778504240062637283e-03
9.948011722177008392e-04
-5.051736296551627252e-03
8.529815044416225525e-03
-2.594395303891933961e-03
-5.097386373941793954e-03
1.649421198292366124e-03
-2.538722392329407877e-03
-5.050832656582350012e-03
8.643777637117707607e-03
3.655278214158601963e-03
-5.095323575542321827e-03
2.754479006664679007e-03
3.629743699775235966e-03
-5.092838366853015553e-03
4.351897273407978953e-03
2.155781192586183823e-03
-5.096311396924560130e-03
5.145829186143294556e-03
2.023502721597183855e-03
-5.082702228195401517e-03
6.984258202960417702e-03
6.819450330522848578e-04
-5.092695081822777234e-03
5.950896942891255315e-03
6.535776100335722889e-04
-5.097916842876129215e-03
4.393998845726735693e-03
-7.630761927730377774e-04
-5.093207153017371112e-03
5.161747904511908465e-03
-7.864389669190986970e-04
-5.088558522249217800e-03
6.759275121782998101e-03
-8.031138704685660901e-04
-5.098676906402268248e-03
3.611889401806343478e-03
-2.206729153276085556e-03
-5.097146054182776637e-03
4.581655095210917725e-03
-8.153814968992896236e-04
-5.095920505859302674e-03
1.967007399203741461e-03
2.009216961904738454e-03
-5.093951089432372306e-03
3.302460100947633617e-03
-7.994552063439147420e-04
-5.050545380514924292e-03
8.359220507452259571e-03
2.540970340397139329e-03
-5.046966771999827732e-03
8.609990303349062540e-03
3.677502396328744157e-03
-5.068996001338774669e-03
7.557623697071540539e-03
-3.681911521569370543e-03
-5.075472656713457195e-03
7.601795499971698324e-03
2.560100075100818409e-03
-5.095831702017923279e-03
1.674724039852016266e-03
-3.761831732038401453e-03
-5.099795675663038388e-03
2.672618426451440436e-03
-1.878284580555488912e-03
-5.091939910084187018e-03
5.948716694948160376e-03
-3.719631383870776898e-03
-5.099062479447088493e-03
4.254283785502636223e-03
-2.212425383593729766e-03
-5.096850882292275689e-03
3.068898937558332644e-03
-2.210814040801657374e-03
-5.087767353245293243e-03
7.202793053024927200e-03
5.085214383274560971e-04
-5.081879436500955256e-03
7.276711541741446784e-03
4.070737988397485113e-04
-5.095608869319829398e-03
3.010462773133599883e-03
3.805905135041299809e-03
-5.042875496908165271e-03
8.813754830300975576e-03
3.848953631505760021e-03
-5.096004223411681848e-03
1.516894258703953844e-03
-3.804771061507041408e-03
-5.044568118813342120e-03
8.813045677540707820e-03
-3.865933016522791598e-03
-5.098210529071274359e-03
1.513340630898601328e-03
3.623152486130924287e-03
5.082521539374509900e-03
5.948969272982782344e-03
-3.559026572566366137e-03
5.093040029051921526e-03
5.944821460467155164e-03
9.903346763015584246e-04
5.099785836381640070e-03
1.782727223144253519e-03
9.976825936219419193e-04
5.044066620294752022e-03
8.534102027256303125e-03
-2.598197515447001494e-03
5.099440278800377105e-03
1.658768953661200925e-03
-2.540583620548481428e-03
5.048231617056034987e-03
8.640382449754438823e-03
3.655106484355729116e-03
5.097923366177235967e-03
2.753902949146530815e-03
3.630222744511893765e-03
5.096410907225446679e-03
4.350565562054016858e-03
2.156934318762098422e-03
5.096625506180093960e-03
5.148012745741237413e-03
2.020799263446403787e-03
5.079461398155825542e-03
6.988856691329645328e-03
6.803701171400326113e-04
5.094503537233472344e-03
5.950781039276491387e-03
6.548452786923025619e-04
5.102466752654390147e-03
4.395240752545715758e-03
-7.614050619897466069e-04
5.101101235689259154e-03
5.166069234773723595e-03
-7.873720683093382708e-04
5.082916345926493003e-03
6.764640026732896862e-03
-8.047129849950167193e-04
5.103449795407665433e-03
3.617577128389243973e-03
-2.209471786489169975e-03
5.100779910570532767e-03
4.586021460697218242e-03
-8.181763805891281325e-04
5.097980637414602223e-03
1.976109038177778412e-03
2.010143539558514447e-03
5.099521013104445569e-03
3.304582488147263415e-03
-7.931367779782120750e-04
5.047100824659049925e-03
8.358081396972520671e-03
2.536961462533612009e-03
5.046968134028006342e-03
8.607945376672487131e-03
3.677186099849419354e-03
5.068463242005924463e-03
7.554941856366108148e-03
-3.687148729254954068e-03
5.071638753314957997e-03
7.600561812017456349e-03
2.558316310615791050e-03
5.098999082323511615e-03
1.675837454977671106e-03
-3.765009461655183850e-03
5.097526493982327059e-03
2.681261220068984191e-03
-1.880015508011545879e-03
5.091555215286394827e-03
5.952356538114688018e-03
-3.724466112816978043e-03
5.099609502434341267e-03
4.259191114018797721e-03
-2.216742091784604934e-03
5.104321457917250331e-03
3.074981942343242569e-03
-2.215754599804051813e-03
5.084408862541269641e-03
7.203651353595595663e-03
5.121894897972265655e-04
5.076315559443185868e-03
7.281312843199104143e-03
4.071148970922363578e-04
5.101685831955734239e-03
3.014626032916886949e-03
3.800484782212157266e-03
5.036236723602959160e-03
8.809011978534869725e-03
3.847721967185286848e-03
5.099054290555569621e-03
1.515969801925848683e-03
-3.807414225413321973e-03
5.039337780855745151e-03
8.812656759809179424e-03
-3.869426890751774886e-03
5.099558790255795393e-03
1.523120307021053315e-03
8.020589289503094951e-04
3.393884234595341207e-03
3.457665999245406645e-04
7.822802795359883217e-04
-3.477379078128477272e-03
3.419275548777420690e-04
-3.641196444798855490e-03
8.396452538472621956e-04
3.568412081171894374e-04
3.570288622199480760e-03
8.429448880284638995e-04
3.356430029196505764e-04
-3.672716863992612178e-03
-2.481125763663668583e-03
3.501017684144111086e-04
3.548414531487077174e-03
-2.422113933405739463e-03
3.384244211821210648e-04
-2.615054162560917321e-03
3.643925435949744735e-03
3.537393756020361770e-04
-3.642352120777804601e-03
-8.384909773106514639e-04
3.535877471032093091e-04
-2.167917312409316840e-03
3.544486036236012460e-06
3.532066279095767702e-04
-2.026175608728393064e-03
1.954696312130048928e-03
3.590170671475636545e-04
-6.963039666989671904e-04
8.524717068201975766e-04
3.523394447557669533e-04
-6.925801283222389427e-04
-8.468105742164243332e-04
3.445944073493021720e-04
7.472986817974469230e-04
3.643257449964729907e-06
3.449176804432458341e-04
7.763624585395747504e-04
1.700808326627909666e-03
3.495410410691592831e-04
7.503334670575720344e-04
-1.666131061812575406e-03
3.394357054944568183e-04
2.295243395435581611e-03
-8.256544661978863862e-04
3.376950713757852175e-04
-7.235216971482771224e-04
-2.506217589753934744e-03
3.432279132887838856e-04
3.668926054010303479e-03
2.605705274449235300e-03
3.376047860273848652e-04
-1.013393388060378772e-03
3.575725926367290686e-03
3.520072608543283648e-04
-2.178058715324276886e-03
-1.676123739938241170e-03
3.500411861787732361e-04
-2.343103628502146187e-03
-3.524110987471775359e-03
3.440629885561319865e-04
2.545667775062266693e-03
3.710273529260520436e-03
3.416024237897724125e-04
2.531402545724294184e-03
-3.695709754088470200e-03
3.405635266476760427e-04
-3.714571990480966621e-03
2.539985390258870171e-03
3.527469734113518763e-04
1.893863913426526878e-03
8.016014104062745959e-04
3.442433146897600806e-04
3.918928018596656675e-03
-8.203965466720439335e-04
3.368675018650871657e-04
1.982069538607075104e-03
-2.417831987670659728e-03
3.400746702877774819e-04
2.209986832455922059e-03
2.175773264338358697e-03
3.412873193662146402e-04
-8.276164576749670291e-04
-3.948076915312240948e-03
3.431987703094855941e-04
-4.993737512593047698e-04
2.266221556026073829e-03
3.515849268353105398e-04
3.845729518997767493e-03
3.856396619351527746e-03
3.404847216842057239e-04
-3.860725107096689770e-03
-3.853687665868921804e-03
3.473211675179198820e-04
-3.863797781468114156e-03
3.858590305072289329e-03
3.560482473789348587e-04
3.848354368560374505e-03
-3.853522595871639207e-03
3.404968438145919581e-04
-3.569893944426665109e-03
8.211265880929414628e-04
1.000203408972775466e-02
7.953556392261376022e-04
3.333028826904632039e-03
1.000521970353492746e-02
7.770668456817074726e-04
-3.419802162418200848e-03
1.001239153149842062e-02
3.517961174567600397e-03
8.236322277998877088e-04
1.000994352795661971e-02
-3.601527629938692989e-03
-2.437523259468995368e-03
1.001437397990266598e-02
3.493557793160022035e-03
-2.375965297600833581e-03
1.001637567131492997e-02
-2.555743548379886283e-03
3.576433382773685100e-03
1.001432760141888860e-02
-3.568318880635930942e-03
-8.288485170720619015e-04
1.000624921112691114e-02
-2.116193710270576882e-03
-1.796601291725152111e-06
1.001159056395916659e-02
-1.980401099389205322e-03
1.914218413247332270e-03
1.001029128325141813e-02
-6.706346090239107601e-04
8.351234376128647890e-04
1.001374702885877120e-02
-6.694598876351717060e-04
-8.335847913989608568e-04
1.000960069485990096e-02
7.459957819555895287e-04
-3.397886975679018542e-07
1.001427571838536118e-02
7.749066117486768995e-04
1.666378884758133120e-03
1.001434777999248710e-02
7.427655109656063548e-04
-1.636870921264430533e-03
1.000801482757300749e-02
2.257594233298424770e-03
-8.141476015301270155e-04
1.001122443647987914e-02
-7.045978412331698783e-04
-2.462294278166890418e-03
1.001411443111679608e-02
3.614001338664361244e-03
2.554867326992058593e-03
1.000980677705287474e-02
-9.870945425857504101e-04
3.509348952584870167e-03
1.000484044317385968e-02
-2.127865737715739676e-03
-1.646883227424578980e-03
1.001585659006120829e-02
-2.292530524262670691e-03
-3.461761591761917944e-03
1.001067003634989634e-02
2.508198021856151982e-03
3.644517142456420687e-03
1.001027990805350952e-02
2.489426058093478691e-03
-3.631076784413436558e-03
1.000546663462499597e-02
-3.639826082299036595e-03
2.490491235953258293e-03
1.001122361386142835e-02
1.868358633925961939e-03
7.814239883305121055e-04
1.000613021684496756e-02
3.856998815058121192e-03
-8.102834880080010552e-04
1.000336926779715405e-02
1.950650843697456904e-03
-2.375700425988420007e-03
1.000899837738771295e-02
2.176358818141862182e-03
2.134316380404071341e-03
1.000696338852508950e-02
-8.049028622420639073e-04
-3.879138802849994676e-03
1.000458427832081124e-02
-4.787928033661456540e-04
2.220442799298867967e-03
1.000821387270044334e-02
3.785845113228710618e-03
3.784829541159443183e-03
1.000555292488711397e-02
-3.783586162049206326e-03
-3.783242077532344289e-03
1.000281830672045819e-02
-3.781997732959101449e-03
3.784026801797200044e-03
1.000215191551893229e-02
3.784800774324254945e-03
-3.781720052149059510e-03
1.000273518522715524e-02
-3.572340350860930391e-03
-3.977223118499978276e-03
5.000510041230347806e-03
-1.256776920766545871e-06
-4.714719172512555335e-06
5.136281148938045410e-03
-1.803692697102461011e-03
-1.795795220187260989e-03
6.202442763125148861e-03
-2.560889203380080793e-03
-2.557657020185739871e-03
2.755846613285665905e-03
1.883521041697965156e-03
-1.848728983371359606e-03
3.352423200073306221e-03
1.869181559919462282e-03
-1.841909238053913251e-03
6.934632197401660592e-03
1.189143765538278313e-03
2.079528371403591668e-03
3.241674890702260156e-03
-1.605728705125629820e-03
2.093647433010094056e-03
6.660780080852013278e-03
1.609807574487899734e-03
1.576555248335346311e-03
7.133953597092777300e-03
-2.065996650035152506e-03
1.199124792760673927e-03
3.241044096814902232e-03
2.635781423674089970e-03
1.903592134181332073e-04
5.168550590551441136e-03
-3.313705563061145574e-04
-2.681293461630803853e-03
4.371770681957058181e-03
-1.683691673925252698e-04
-3.705211077996208588e-04
7.577568084613400291e-03
-3.694110805277418547e-04
-7.117320462473776402e-04
2.768611173468972942e-03
2.693592875117106246e-03
2.944955270114154428e-04
2.483164281717110088e-03
-2.633288144153990949e-03
4.250542933306218499e-05
7.617086617496515201e-03
-2.827163394626846984e-03
1.750733673216622725e-04
5.194676189948851421e-03
-2.201677708808662021e-04
-2.792970266131746936e-03
7.687527564553014135e-03
1.626758844065058583e-04
2.829151847216388859e-03
5.215944331636827511e-03
2.635581599599525968e-03
2.665714498047729811e-03
5.260683181842178840e-03
-2.880096059262883621e-03
-2.883278802652510398e-03
7.883962046756462852e-03
-3.008425773139542739e-03
-2.575521315096320017e-03
4.720421824334036613e-03
2.537456719296061840e-04
-2.966814890208540039e-03
2.344010639132513511e-03
1.295806167440892396e-05
2.950989535733535441e-03
7.958006048554185086e-03
3.026013757904040015e-03
-1.989437308339662112e-03
5.143468858303698078e-03
-3.006380056503187449e-03
3.023585749671679410e-03
2.343947686158908642e-03
2.992875356754449209e-03
2.998838743740535936e-03
2.323196872016672007e-03
-2.798567592778077127e-03
2.774322587921292885e-03
4.798130309039029019e-03
2.951432041513948456e-03
-9.177869792458239937e-05
7.870486763937024205e-03
-7.536923598622369399e-04
2.820482497054388124e-03
2.404920607854173307e-03
3.006684170970413961e-03
3.007885697737787759e-03
7.977771918777618043e-03
-3.006245753199205100e-03
3.013536958494448560e-03
8.003689259258678357e-03
3.086722461209037618e-03
-3.076970180893882391e-03
8.083712288792151493e-03
-2.979908237674147586e-03
-4.873545993302997540e-04
2.274543108889424351e-03
1.325652053362678722e-03
-3.163976829246299000e-03
5.487799374991253996e-03
3.111951698512861221e-03
-3.106684083329429042e-03
2.205522838368890928e-03
-1.663052628833261654e-03
-1.139635923197021387e-03
4.204063136255502611e-03
1.212191650154343390e-03
-2.667089364476057473e-05
3.672951381168043129e-03
2.095039530330606073e-04
9.872013572065241761e-04
2.002590329722340416e-03
1.528825677639757716e-04
-1.704147697108556250e-03
6.051590382401924283e-03
-1.169192795072572337e-03
1.128339151805381971e-03
8.215505853543950479e-03
1.303398025506138317e-03
-8.708821401484370325e-04
1.896643063879385662e-03
3.285936756030088945e-03
1.483727536872265617e-03
3.879774331821755299e-03
-1.344402353533215690e-03
1.438083776406908322e-03
4.941788352164190080e-03
-1.605444338423264597e-03
-1.469455786966953996e-03
8.210547320652723455e-03
-8.286456488997166530e-04
-3.398351602356757331e-03
5.956259519607994858e-03
3.370476127682233997e-03
1.374541632747790535e-03
6.416659402759059515e-03
1.276998217451693696e-03
-1.286890963175594518e-04
6.445396332368468623e-03
-2.651273898441309628e-03
-3.438164936565045633e-03
6.228066494353664759e-03
-1.353589440110730723e-03
2.758729763708260172e-04
6.331534213717875635e-03
3.273528901605119498e-03
-7.430021021923371516e-04
3.805495291849884856e-03
1.217916173748004576e-03
3.399759307996629530e-03
6.611804542445560463e-03
1.234796315000470180e-03
1.347092307601456930e-03
4.840108766210458879e-03
-3.412000901810875210e-03
1.311146408440581066e-03
6.504456497182047742e-03
2.511100536188303877e-03
-3.463884576500377791e-03
4.106580732542310964e-03
-3.619198533925645569e-03
-3.513631523420376185e-03
3.563619051442493569e-03
-1.176248266069830411e-03
3.323960261913194193e-03
4.065213859407172843e-03
-3.403474612857620204e-03
-1.447251296942854946e-03
6.954147668086120213e-03
1.390827860445332034e-03
-2.647010216105939121e-03
8.387035502009813209e-03
7.528199659001045315e-04
8.392406732940933247e-04
8.475118619993534178e-03
1.240538871229809881e-03
-8.736554174894213803e-04
8.516334609550786985e-03
3.334122960750666650e-03
-1.311695132734932512e-03
1.907581556401348379e-03
2.953639066884399152e-03
-3.384315681825609146e-03
6.329000369898885384e-03
1.399319335173777185e-03
-1.268819234458855565e-03
4.892125361995104671e-03
7.968475161953777249e-05
1.374631849932208237e-03
6.239784259111172578e-03
-2.700099735788616742e-03
3.522344009046054006e-03
6.364147428462171678e-03
-3.425875374177945239e-03
-9.977008025509866238e-04
4.086566028319059581e-03
-2.343331518772890189e-04
1.056199090621004911e-03
3.651469269459446144e-03
