-4.823475714831199253e-03
-5.045349156500788211e-03
1.005178315663695157e-02
-4.824684992773338454e-03
-5.047171942823964336e-03
-4.712601835659987977e-05
-4.817865422789998492e-03
5.055800205308371049e-03
1.005041333332199957e-02
-4.819006725718271746e-03
5.053118430988933450e-03
-5.054649836518382430e-05
5.003759042498110050e-03
-5.002975859243656044e-03
1.000290451784499254e-02
5.004321691655374410e-03
-5.003408634637791091e-03
-3.594332497403403336e-06
5.004934134322278939e-03
5.003699349320211986e-03
1.000375614199580827e-02
5.004337208402192400e-03
5.003545030560326706e-03
-3.148007055561431272e-06
-4.825408610467355267e-03
-5.046611533502241842e-03
1.635270970300258843e-03
-4.827036960194334460e-03
-5.046491456676362695e-03
3.317439986755840817e-03
-4.826972499739992997e-03
-5.045154116485384317e-03
5.000869833477228875e-03
-4.826398046896178753e-03
-5.045063190710688365e-03
6.685617514746829831e-03
-4.825150110799687406e-03
-5.045340374086259086e-03
8.368506138277758549e-03
-4.823387075030176677e-03
-3.362261318430686836e-03
1.005151012044822045e-02
-4.823485943613202952e-03
-1.679670108450269242e-03
1.005115650115148002e-02
-4.822785626496126250e-03
4.543057954630266536e-06
1.005074989304788856e-02
-4.821494063754522448e-03
1.688473273339743865e-03
1.005029859352742777e-02
-4.820258094421157533e-03
3.371607830030989676e-03
1.005091614843816455e-02
-4.821062759580350965e-03
5.053456704771902737e-03
1.632992931078531759e-03
-4.820276461275503112e-03
5.053845542986236221e-03
3.317087677433935150e-03
-4.819937879609254190e-03
5.054533466902397763e-03
5.001161336649526459e-03
-4.820256336934830924e-03
5.053838725001909803e-03
6.685209905151475590e-03
-4.819117218331224993e-03
5.054621505539094554e-03
8.367243518063905913e-03
-4.825639772660606126e-03
-3.363839849589827721e-03
-4.824336729832186255e-05
-4.825471334529350849e-03
-1.681511780185452167e-03
-4.904124827857306843e-05
-4.824168489431622173e-03
2.837384304133856996e-06
-4.982425977379218807e-05
-4.822782672628048162e-03
1.688163704019887430e-03
-5.117161873525513107e-05
-4.820964520281640318e-03
3.370337204714478167e-03
-5.050989894904419833e-05
5.006079670291024158e-03
-5.004784225273782236e-03
1.666167962810540361e-03
5.006259186310774850e-03
-5.005743046147553658e-03
3.333236342389473816e-03
5.005912684769831499e-03
-5.005488671081846988e-03
5.000508056237504100e-03
5.006433493858288702e-03
-5.005300829408995331e-03
6.666879453344275001e-03
5.005701587688870212e-03
-5.004861565489062900e-03
8.333799366344202611e-03
5.005771708613980867e-03
-3.334317794620761822e-03
1.000507307799753873e-02
5.007590107591910339e-03
-1.667205987211758033e-03
1.000576608581388478e-02
5.006683281234027005e-03
-9.142478835644985640e-07
1.000468593898868122e-02
5.006327688108311302e-03
1.667977949599600950e-03
1.000554233951421283e-02
5.005489476751875944e-03
3.333893047590359704e-03
1.000443007174725042e-02
5.006275363616956124e-03
5.005060825621241057e-03
1.665841178293823869e-03
5.007424274728908796e-03
5.006084569169044415e-03
3.332727741642283349e-03
5.006663632057024513e-03
5.005317219295465914e-03
4.999114707965253077e-03
5.006631249939779045e-03
5.005619294542374212e-03
6.668182101183832942e-03
5.005497553724070313e-03
5.004505979263032013e-03
8.333958425342074747e-03
5.005967918649320732e-03
-3.334666640849133761e-03
-5.225865794261549823e-06
5.005324036859752461e-03
-1.665900738856336463e-03
-6.584989077113329335e-06
5.007768861402136368e-03
-2.606469748593032547e-07
-5.695445730190372565e-06
5.005691770030725428e-03
1.667633649154089603e-03
-5.156453528618473468e-06
5.005212849065434483e-03
3.333491931745589162e-03
-4.428866288998699875e-06
-3.190146127065872621e-03
-5.047519352756249869e-03
-4.806298888873802145e-05
-1.555162240313860732e-03
-5.046793287716852018e-03
-4.712191803780698643e-05
8.332645169891899934e-05
-5.043506170410783258e-03
-4.501995334457052015e-05
1.722849488201312314e-03
-5.039478217846043301e-03
-4.009711874164801016e-05
3.363623817177557439e-03
-5.028734175277031586e-03
-2.673265290389857980e-05
-3.188834302901807135e-03
-5.046401442887285711e-03
1.005062687471146646e-02
-1.554371564598210336e-03
-5.046612635568865565e-03
1.004890521945995228e-02
8.297825647916350013e-05
-5.044664855635150325e-03
1.004627021188305575e-02
1.721885350040749680e-03
-5.040356349912798566e-03
1.003926599317812515e-02
3.363962378766725304e-03
-5.027311987404749563e-03
1.002515174096036722e-02
-3.185360801730724705e-03
5.052207469004623731e-03
-5.070642475734141982e-05
-1.550243597266968499e-03
5.049857351112743524e-03
-4.924495484282017922e-05
8.553614108110853568e-05
5.047534597728337534e-03
-4.695987306297638828e-05
1.724596148070890950e-03
5.043186152292678318e-03
-4.089414052112859258e-05
3.365701623493084441e-03
5.030046275658190541e-03
-2.621918739579971828e-05
-3.183243780438816100e-03
5.053607967883621231e-03
1.005047553391193692e-02
-1.549439148945615501e-03
5.052054065375314804e-03
1.004971941341177046e-02
8.765918358108494015e-05
5.049555349450267176e-03
1.004615861629594951e-02
1.724773819612500023e-03
5.043987885859837518e-03
1.004158696322479151e-02
3.365488924675914643e-03
5.028946449109489465e-03
1.003097621342385025e-02
-4.826778333228603883e-03
-3.523153087580149518e-03
5.824580418555030253e-03
-4.821553710741936782e-03
1.006042870897149713e-03
8.534207111596296691e-03
-4.824825646701570367e-03
9.924697824453807861e-04
1.456373145177431447e-03
-4.817808905094068082e-03
3.604606062630729812e-03
5.829480419138891728e-03
-4.826890814689654627e-03
-2.563540109077624540e-03
1.320465612567121210e-03
-4.824744831369060134e-03
-2.544481903021159497e-03
8.650105062562984254e-03
-4.821645761025613458e-03
3.629450234567198341e-03
2.481881873060688866e-03
-4.819065507811133402e-03
3.604214151542027740e-03
4.158440221375406948e-03
-4.814775873792485721e-03
2.142057181111847470e-03
4.998288944342232053e-03
-4.818367855326539245e-03
2.017250613203696967e-03
6.924382958167480014e-03
-4.819230709450656944e-03
6.816399424633587086e-04
5.842688443797666546e-03
-4.810086464564675666e-03
6.534222660520334512e-04
4.206983457378658461e-03
-4.822207519610648141e-03
-7.516464118493353629e-04
5.009473982618302228e-03
-4.822208095249888408e-03
-7.768629655651279782e-04
6.684905047340685726e-03
-4.825087600476971571e-03
-7.888234959133123879e-04
3.383986074945872710e-03
-4.826296704954861731e-03
-2.181763014598545655e-03
4.399410250678853843e-03
-4.820532029791071288e-03
1.998202538737902517e-03
3.061687852341652555e-03
-4.826731622184069793e-03
-8.005924447802430536e-04
1.654803027797085426e-03
-4.824307777256875950e-03
-7.929569369695692489e-04
8.352043043820235602e-03
-4.821885071437714831e-03
2.552173352336322039e-03
8.610047472143585526e-03
-4.820457825928927895e-03
3.672875472479128663e-03
7.513143329991330173e-03
-4.823341682375973521e-03
2.544675181379888688e-03
1.349825536809866333e-03
-4.825714921578826318e-03
-3.663244834452165748e-03
7.556435587101697354e-03
-4.827339196076925465e-03
-3.720769126245227452e-03
2.393218275567101164e-03
-4.824984213996108204e-03
-1.860777186900666909e-03
5.835242975152331313e-03
-4.827348742236913827e-03
-3.680713140716906830e-03
4.051544587597567630e-03
-4.825870564431908663e-03
-2.184569959363938906e-03
2.811270705494963492e-03
-4.825700299842049235e-03
-2.194043096474123083e-03
7.150493150045568805e-03
-4.823853784915516606e-03
4.100606051691753655e-04
2.750591527774671335e-03
-4.819356790974749574e-03
5.119767927962216077e-04
7.232809411330698435e-03
-4.820358880664234527e-03
3.823124733625938004e-03
8.819829652266849424e-03
-4.824639381082730834e-03
-3.813810305285770998e-03
8.819885425112583555e-03
-4.821681458826947327e-03
3.821864244625558429e-03
1.181328160852067278e-03
-4.826213178430973326e-03
-3.822947251642985680e-03
1.175653764184731581e-03
5.001624213644600796e-03
9.925019463631890027e-04
8.499910408305397583e-03
5.002474995057917817e-03
9.798699302982210192e-04
1.491205062799559394e-03
5.006235620247316553e-03
-3.495063057151812438e-03
5.814579179652755621e-03
5.001081877631802404e-03
3.566637668663924683e-03
5.822569807843339627e-03
5.006022463845100946e-03
-3.490243406852419020e-03
2.622712553533057631e-03
5.005406247033324790e-03
-2.523528716760622351e-03
8.615358368181351770e-03
5.004972519568865255e-03
3.591827399028516086e-03
2.505700803685389534e-03
5.002851847895455235e-03
3.564976600494775081e-03
4.165148331214427874e-03
5.006060870561948595e-03
2.116083249567562302e-03
4.998918421133163696e-03
5.007404167772636083e-03
1.993191605087746895e-03
6.904543836089040848e-03
5.007755132662990855e-03
6.715127719520147661e-04
5.834141431252082809e-03
5.004150015693172200e-03
6.424182698921793123e-04
4.215160282956087294e-03
5.005493145377287213e-03
-7.496256672812640640e-04
5.007507901142108434e-03
5.007679997758474055e-03
-7.867028031730372104e-04
3.397668766777589729e-03
5.000708771131501945e-03
-7.727101422373483302e-04
6.666815407168764397e-03
5.007450519433950809e-03
-2.278407480521898402e-03
4.199006664544695233e-03
5.008672141283691814e-03
1.973060558264499303e-03
3.081062167797223028e-03
5.005668564951344830e-03
-7.889016073142876735e-04
8.321435822115370862e-03
5.006765305852720581e-03
2.522377833942720127e-03
8.575883055975170102e-03
5.006384264599204534e-03
-7.795632605795872489e-04
1.689233600294617237e-03
5.006882690543018426e-03
3.635130339247002323e-03
7.486843658103788449e-03
5.006874396033640477e-03
2.515617344491032428e-03
1.383681114275995020e-03
5.004236522718867770e-03
-3.634706625212570218e-03
7.529923148179795689e-03
5.004457910484982897e-03
-2.444334927772751683e-03
1.390260478123139755e-03
5.005909685659594432e-03
-1.869430123600721722e-03
5.784144681710122124e-03
5.002869419021404446e-03
-3.854972487245456568e-03
4.196020999969463094e-03
5.001298975957293655e-03
-1.954414638007622232e-03
2.660031589548798002e-03
5.003494175759759868e-03
-2.181368034773130925e-03
7.121342748767570639e-03
5.002867812806966082e-03
4.048605119267486012e-04
2.775502742421379152e-03
5.005325656298133599e-03
5.035975775575180294e-04
7.210068980254933681e-03
5.001229368216749890e-03
3.781036118320350685e-03
8.781061709167061607e-03
5.002886715539054015e-03
-3.782148413677759516e-03
8.782563008686232464e-03
5.002844123357654167e-03
-3.782628338994184405e-03
1.217020494099791328e-03
5.001901393428617379e-03
3.781050047876241375e-03
1.217233224747251482e-03
3.577205822867567022e-03
-5.023535830250733594e-03
5.823371696466985575e-03
-3.349411281124735091e-03
-5.047539820977411246e-03
5.824025493503065705e-03
1.040727069662357451e-03
-5.041924162847608373e-03
1.464160329337999954e-03
1.050217143665744656e-03
-5.042978067165909163e-03
8.528540257593244731e-03
-2.414330034012529026e-03
-5.047270731188793942e-03
1.320754785057995763e-03
-2.396629047305604259e-03
-5.047176808757941266e-03
8.648807464985305143e-03
3.605612998276868080e-03
-5.022512596386623923e-03
2.500514844698356089e-03
3.578353379819107418e-03
-5.022927651327841435e-03
4.165049029344791882e-03
2.150611437315040706e-03
-5.039059408493837093e-03
4.998232871649080193e-03
2.030417312338828051e-03
-5.038903195711920587e-03
6.918296984708441517e-03
7.314151785463126254e-04
-5.045084008266494287e-03
5.840566196470118980e-03
7.047352870633732426e-04
-5.042739491579946096e-03
4.207431453135970778e-03
-6.598092958388306712e-04
-5.046118111662847849e-03
5.008247778937839970e-03
-6.846988369667745015e-04
-5.047235933774789872e-03
6.683613898290426993e-03
-6.949024453479651659e-04
-5.047321470237974873e-03
3.383511853926190679e-03
-2.047500985733191961e-03
-5.047047430143130134e-03
4.398415737966746009e-03
-7.024488453089489711e-04
-5.046064894604540899e-03
1.656748050477050479e-03
2.012562000347121061e-03
-5.041320190769091672e-03
3.067677498761808320e-03
-6.964809298921154296e-04
-5.046776180142781114e-03
8.349243211960073741e-03
2.555102936498948336e-03
-5.034614039260016001e-03
8.595087552769919634e-03
3.646878184679648409e-03
-5.019079574465748483e-03
7.491752476100074255e-03
-3.484273958505057413e-03
-5.047027234992272106e-03
7.555928955333033985e-03
2.549937523335839892e-03
-5.036124743131739634e-03
1.363221709319479419e-03
-3.539199522148810118e-03
-5.046816807693489323e-03
2.393480213877447350e-03
-1.735945517441929604e-03
-5.047922688462837780e-03
5.833637744051811506e-03
-3.502049249404239582e-03
-5.046568743483596277e-03
4.051342200530331367e-03
-2.049138616917282711e-03
-5.047410709443292745e-03
2.810674347797535548e-03
-2.058227926492572912e-03
-5.047040442152425817e-03
7.149185310022934149e-03
5.673101442788379151e-04
-5.045331393044605664e-03
7.230205161970635654e-03
4.714568482964780725e-04
-5.044681738963973858e-03
2.755133533760564715e-03
3.794219332396890978e-03
-5.017776845859308645e-03
8.790377521417133688e-03
3.796349468330833827e-03
-5.019963024207219245e-03
1.208047945471027278e-03
-3.628872401200898459e-03
-5.046815129148680967e-03
8.819394691518560661e-03
-3.636866718475366324e-03
-5.047245222487422266e-03
1.175745321507681547e-03
3.585413672300720705e-03
5.024870448620518196e-03
5.821864235530525150e-03
-3.342233263874004687e-03
5.055480066303866260e-03
5.824513896109574478e-03
1.042047885808718632e-03
5.044681234649927605e-03
1.462533799920168968e-03
1.057745274540728819e-03
5.044658408332112522e-03
8.528001099767319737e-03
-2.410729437397930719e-03
5.052349224321463564e-03
1.318208871346452857e-03
-2.390762568872939909e-03
5.053361919929271785e-03
8.648806823149004022e-03
3.606599968478535478e-03
5.026071205600774264e-03
2.497696766353750195e-03
3.580598266847923473e-03
5.023134485447333653e-03
4.159593924912660841e-03
2.157630081212793659e-03
5.040109883104064784e-03
4.998602295852278866e-03
2.037598886917989412e-03
5.039067725852611028e-03
6.916926553170840188e-03
7.361136041775395321e-04
5.048554066313081130e-03
5.839006713945060073e-03
7.083553878897832579e-04
5.048719756023014281e-03
4.209598005235271577e-03
-6.571238875630174567e-04
5.054376828947869729e-03
5.007834212077444218e-03
-6.780301911929905150e-04
5.054147135902382383e-03
6.683385736063468009e-03
-6.903603376276948962e-04
5.049688660159807989e-03
3.382100310316503260e-03
-2.041539276144290795e-03
5.055760392643796237e-03
4.397693974553297698e-03
-6.994694624332532373e-04
5.048921340475217082e-03
1.655157312920160469e-03
2.013237004908735063e-03
5.043515954633582404e-03
3.065946838757094544e-03
-6.908360213123199752e-04
5.052220880427453660e-03
8.350197036109579043e-03
2.559415913965396201e-03
5.037276813714471925e-03
8.598727348247381039e-03
3.647217859673035356e-03
5.026267178686658413e-03
7.497275197189200158e-03
-3.477578798631178383e-03
5.055028523517387032e-03
7.555616926003966456e-03
2.550147460719541081e-03
5.038829915285770664e-03
1.363561419736294446e-03
-3.534790245116688993e-03
5.053113357626378734e-03
2.391392686936525454e-03
-1.729779785847017316e-03
5.055853886724588631e-03
5.834024616850631492e-03
-3.494630904927150013e-03
5.053953987054569941e-03
4.050681621206622153e-03
-2.046114920372123485e-03
5.054064916990632338e-03
2.808445230253883360e-03
-2.051114718416522167e-03
5.055117137280033292e-03
7.149541292728779293e-03
5.740750353979135042e-04
5.048155066639974271e-03
7.229702601413987365e-03
4.744091216053409948e-04
5.047808871421225960e-03
2.754253761622732673e-03
3.797037402711868261e-03
5.022009491886960005e-03
8.795693037734898800e-03
3.795585516657954891e-03
5.020101267635998336e-03
1.208992627845743156e-03
-3.622957264692100703e-03
5.054695715947898731e-03
8.819005098533170758e-03
-3.632574721391489472e-03
5.052849323268299164e-03
1.173356434043496639e-03
8.642385915983803388e-04
3.357363464200352997e-03
-4.537235050695113936e-05
8.403370743467519820e-04
-3.442175805687082164e-03
-4.193239659856370715e-05
-3.416422220828623738e-03
8.304617884805018131e-04
-5.160125355464137669e-05
3.526647577891518000e-03
8.256078308086800023e-04
-2.096853635733624045e-05
-3.447490661683657621e-03
-2.458644827518486307e-03
-4.903484602058971010e-05
3.508180183650277343e-03
-2.385223644416465186e-03
-2.319124057674861513e-05
-2.423945760130536906e-03
3.608023988753400035e-03
-5.093940677837996325e-05
-3.418162415954616000e-03
-8.315771043294421230e-04
-5.032618133224642460e-05
-1.998407874469232057e-03
1.017950205087470851e-07
-5.032677216072215453e-05
-1.861430291760497562e-03
1.936172141484792525e-03
-5.065374654825801801e-05
-5.810270196069029260e-04
8.417271490989784027e-04
-4.805997259447461809e-05
-5.811456317276481997e-04
-8.410304515335734329e-04
-4.901425318792626085e-05
8.058522567021130390e-04
1.040455518902067677e-06
-4.568665480197462136e-05
8.375406795180869888e-04
1.682097022681996708e-03
-4.542622682232761182e-05
8.054589483603245142e-04
-1.649931529169375083e-03
-4.526765430028812937e-05
2.292825191169676081e-03
-8.191705381711620725e-04
-4.120857987538131009e-05
-6.116514740825912747e-04
-2.484251459465266001e-03
-4.768614163866867950e-05
3.620226821609106530e-03
2.562486980699607564e-03
-2.364849747157403727e-05
-8.830952832552692571e-04
3.538799932969429168e-03
-4.860504326013242120e-05
-2.009547892290827580e-03
-1.663444362695781211e-03
-4.925155806317494235e-05
-2.169445267156467835e-03
-3.491038459108027330e-03
-4.806528030639291223e-05
2.542352573497900538e-03
3.664153273261623687e-03
-3.496495933675756139e-05
2.524244230480563594e-03
-3.649711611781454850e-03
-3.490431917588872508e-05
-3.483197746820682061e-03
2.514811116364475390e-03
-5.083037092183540092e-05
1.911410134935943601e-03
7.892634436897925975e-04
-4.069019150094708336e-05
3.864666390556033369e-03
-8.074456019468392214e-04
-2.006912281292527931e-05
1.994154462436024955e-03
-2.389736433143869240e-03
-3.819581829464118355e-05
2.214044840428847690e-03
2.147528974432794113e-03
-3.973276642465138305e-05
-7.107837716478639751e-04
-3.911058611846599670e-03
-4.681757850389474726e-05
-3.901012821998211394e-04
2.242040399392748740e-03
-4.725335505879101950e-05
3.795515089422990020e-03
3.794219248830375726e-03
-1.999230411654303208e-05
-3.629701646194645904e-03
-3.815902952730647769e-03
-4.887307373162522742e-05
-3.624503231056383067e-03
3.820583559682809004e-03
-5.080643720782279622e-05
3.794135030809849159e-03
-3.794147803281837632e-03
-2.111919380936546343e-05
-3.414997278767897999e-03
8.323641035291409231e-04
1.005224970562435503e-02
8.649681763695623226e-04
3.358425487380047297e-03
1.004539614415005111e-02
8.389524449321990622e-04
-3.441516401842632886e-03
1.004466941093032362e-02
3.529973684366095096e-03
8.254637534761932434e-04
1.002437403886871810e-02
-3.445452452967431682e-03
-2.457445176454474238e-03
1.005081249117716936e-02
3.505300553637653339e-03
-2.385914036261394325e-03
1.002669454952409035e-02
-2.422983371882747334e-03
3.609364259532943202e-03
1.005045641470313916e-02
-3.416093793647426245e-03
-8.300742739119941959e-04
1.005098121999175448e-02
-1.996965467332292507e-03
1.335285007731833589e-06
1.005155515208612862e-02
-1.859808604369653619e-03
1.937789648119315469e-03
1.005134463873090869e-02
-5.788861021724364458e-04
8.434008928302101638e-04
1.004961207701926887e-02
-5.798556076618405480e-04
-8.396717006065452767e-04
1.005014163412318827e-02
8.078640583872708641e-04
2.316142272886237625e-06
1.004628745550325240e-02
8.385055388316694103e-04
1.683147999904087769e-03
1.004535409913996126e-02
8.066293756016361697e-04
-1.648671888301844182e-03
1.004654937102655160e-02
2.294340011102861000e-03
-8.167636835223414556e-04
1.004369221539679058e-02
-6.094225641324835458e-04
-2.483609928281160610e-03
1.004858002326456355e-02
3.622009800143029777e-03
2.563047040699496446e-03
1.002656254627096524e-02
-8.821851783907544908e-04
3.541644344566771425e-03
1.005046980738562128e-02
-2.007859212462817164e-03
-1.662691982642185064e-03
1.005037670645454045e-02
-2.167348346906857338e-03
-3.490379224111694097e-03
1.004968006163377107e-02
2.542089285164438484e-03
3.663986563889958751e-03
1.003860585323993956e-02
2.523240114479262820e-03
-3.650690128417697754e-03
1.003414325829662425e-02
-3.482630614700750384e-03
2.516619588085012432e-03
1.005151577781514434e-02
1.914355586180815222e-03
7.898852920803186347e-04
1.004014813398425299e-02
3.864066838739659525e-03
-8.122380970570636238e-04
1.002134222692806741e-02
1.993585047314038947e-03
-2.390435210674366189e-03
1.003980887845204624e-02
2.215713431961319375e-03
2.146997843203910655e-03
1.003943712219444555e-02
-7.096800565324837403e-04
-3.911110357385481212e-03
1.004817624460706792e-02
-3.894033410162439689e-04
2.244254270044863855e-03
1.004911169533216631e-02
3.796967233261810525e-03
3.793848189636917119e-03
1.002183971188701228e-02
-3.627534808176603731e-03
-3.814600686717803738e-03
1.005130771607717910e-02
-3.623980245629146533e-03
3.822512970897434196e-03
1.005154443040291376e-02
3.793790463748586850e-03
-3.792176277087771531e-03
1.001951268805861307e-02
-3.362117500730780160e-03
-3.936489650912058241e-03
4.838269060592692399e-03
6.394888909599623968e-05
2.710355507007800736e-06
5.000076626694455878e-03
-1.662293220926780142e-03
-1.785778245117113474e-03
6.119619502050683765e-03
-2.385503213909128013e-03
-2.531128788273830435e-03
2.485356301667629008e-03
1.885151854015968244e-03
-1.823702989267324704e-03
3.126617972873656573e-03
1.878563310194589393e-03
-1.825924028059424829e-03
6.876365274592434462e-03
1.217606258858929501e-03
2.053661010323379766e-03
3.006254587546315724e-03
-1.470519731023104890e-03
2.090199334163276093e-03
6.604548809532441965e-03
1.628569039741342228e-03
1.569691297541183760e-03
7.087649229841036513e-03
-1.912043853463851447e-03
1.188738678933960215e-03
2.969515676623864404e-03
2.606499486281501146e-03
1.885028006850891725e-04
5.033160789305757971e-03
-2.447043184955332716e-04
-2.649926643253584443e-03
4.184679698398667200e-03
-8.766399013546162099e-05
-3.698810771051484563e-04
7.557622626200875826e-03
-2.810274882643881678e-04
-7.044842585455377481e-04
2.501028643576785372e-03
2.668755100916903392e-03
2.885691239374345014e-04
2.219714665945172073e-03
-2.472618487427924623e-03
4.491533007441032870e-05
7.598221816183972459e-03
-2.630523749733078634e-03
1.736250645102407691e-04
5.062494823222059813e-03
-1.368804275670200692e-04
-2.781856145109838294e-03
7.662528673692952166e-03
2.287942493168264801e-04
2.802024429437983619e-03
5.078686785945762255e-03
2.612049014251309736e-03
2.634372181179003500e-03
5.123722865955320296e-03
-2.717804720696992849e-03
-2.876155439523778081e-03
7.867111624311228998e-03
-2.815237365056862291e-03
-2.546894339976001412e-03
4.551324346217250870e-03
3.245313053205139617e-04
-2.937144466304805138e-03
2.056747603414683500e-03
9.245515292983580912e-05
2.954197998802498160e-03
7.951848276318214045e-03
2.986085822635909347e-03
-1.965843907938849208e-03
5.000424437773791884e-03
-2.806827271669668552e-03
2.998974410179914944e-03
2.042122034056007961e-03
2.961315464162441943e-03
2.954945553089529959e-03
2.051284337804557337e-03
-2.606358641374594085e-03
2.751588366837236059e-03
4.630591648371302702e-03
2.942596288308889797e-03
-9.293968206255262218e-05
7.840093739207163598e-03
-6.419040321198007416e-04
2.793670793798866316e-03
2.108124284288239933e-03
3.003273708608662947e-03
2.996846410658295188e-03
7.948140963406834583e-03
-2.838852492172786249e-03
3.017060744759296996e-03
7.992046850844166869e-03
3.077415610774110119e-03
-3.061067090304057849e-03
8.055147107321237315e-03
-2.787510637480596944e-03
-4.850781151207352710e-04
1.967281504794234168e-03
1.346496631307522295e-03
-3.128023495639155761e-03
5.360927564848888723e-03
3.079431344070610640e-03
-3.064556110994049419e-03
1.928759045739166086e-03
-1.523510958676068490e-03
-1.122646298011756479e-03
4.011735655592398725e-03
1.232946310030593601e-03
-2.207559199220440746e-05
3.461730382461767220e-03
2.834389368311139926e-04
9.765266005877083853e-04
1.688049957031932495e-03
2.160025822038558142e-04
-1.687149619501537292e-03
5.955439050875621296e-03
-1.058800146491762446e-03
1.133779654369627835e-03
8.217543911979492688e-03
1.331512800893968739e-03
-8.611774017761180972e-04
1.593655903010929515e-03
3.238150189873618967e-03
1.460355284643248628e-03
3.685571512686855976e-03
-1.221910616354565790e-03
1.434727513827906229e-03
4.776364379000248676e-03
-1.483099034519039412e-03
-1.470594419760765841e-03
8.212593400885568468e-03
-7.259291540305650445e-04
-3.371341649269456696e-03
5.845260652026337996e-03
3.324783242119344531e-03
1.360804502557001836e-03
6.331901939942262067e-03
1.301330236383704125e-03
-1.247079227854080334e-04
6.372001049298319300e-03
-2.481927692238474099e-03
-3.411045730266104668e-03
6.131502987709962042e-03
-1.230184049612578854e-03
2.733927771554490582e-04
6.266490791282483541e-03
3.227714815462394242e-03
-7.343989988025863584e-04
3.606987563378191188e-03
1.252020097700838478e-03
3.372709906236918184e-03
6.542627298558266295e-03
1.250261228903927187e-03
1.334500314479724779e-03
4.690196654152792473e-03
-3.203933633750027671e-03
1.307248888834418830e-03
6.433782144403640824e-03
2.492409751005065111e-03
-3.422478006370908207e-03
3.913900727908596784e-03
-3.404148079819228120e-03
-3.474017399458702911e-03
3.333055916759263253e-03
-1.049951717466803556e-03
3.287889433635535902e-03
3.855281170300530521e-03
-3.207411400319797566e-03
-1.439430987907910214e-03
6.895107377925789767e-03
1.431707759667775245e-03
-2.639190491720893195e-03
8.384007403847216697e-03
8.095917264899845115e-04
8.414902395643497710e-04
8.477391828156781786e-03
1.286738864646201587e-03
-8.692803797766373826e-04
8.522282818348995287e-03
3.291209428305038806e-03
-1.293536710010040639e-03
1.619906640183042161e-03
2.927961897557725384e-03
-3.346630392964576855e-03
6.232697788725375526e-03
1.412429013724739862e-03
-1.248709264936562029e-03
4.741451315929596545e-03
1.420336607295266879e-04
1.369953929686501103e-03
6.162253718956743447e-03
-2.522061157381628917e-03
3.502317340858328559e-03
6.278142526765535282e-03
-3.208651215229245315e-03
-9.795396607999832823e-04
3.884285685291605488e-03
-1.584311649111553439e-04
1.044445247275987629e-03
3.416099883152314432e-03
