-4.652744568707021904e-03
-5.089690111596073541e-03
1.010350651157999012e-02
-4.655255043426905805e-03
-5.093468214030682367e-03
-9.373604633578811005e-05
-4.640845935043739698e-03
5.112091863814303104e-03
1.010069207191870849e-02
-4.643332853332135003e-03
5.106592904847075814e-03
-1.007156026306699892e-04
5.007659126158502290e-03
-5.005916655479177892e-03
1.000576166502431356e-02
5.008805676120993249e-03
-5.006756057647692403e-03
-7.120752962295566977e-06
5.010117544247289292e-03
5.007337025467393544e-03
1.000745889792798576e-02
5.008871502634429547e-03
5.007045863074135496e-03
-6.247571657968517914e-06
-4.656897841161605767e-03
-5.092318856599244853e-03
1.603891000909877292e-03
-4.660363945429345754e-03
-5.091996583441634958e-03
3.302127655860481997e-03
-4.660272344134069357e-03
-5.089250500690228884e-03
5.001918245518400911e-03
-4.659057684493258383e-03
-5.089075158558000259e-03
6.704381682367494683e-03
-4.656407820714475974e-03
-5.089645786823774817e-03
8.404097436745928615e-03
-4.652637478998387227e-03
-3.390673252505845957e-03
1.010292002697941831e-02
-4.652892027037238386e-03
-1.691625878727070478e-03
1.010219546910126782e-02
-4.651512713354667011e-03
9.746967652544820903e-06
1.010134945875123570e-02
-4.648829334439786784e-03
1.710578499089193075e-03
1.010042698391034992e-02
-4.646076951413492979e-03
3.410787138076769830e-03
1.010167213433881515e-02
-4.647698090340129061e-03
5.107234599608902886e-03
1.599238722695947579e-03
-4.646264648524607056e-03
5.108024887151889348e-03
3.301378587625937704e-03
-4.645659655518505696e-03
5.109376948946554690e-03
5.002480980186778219e-03
-4.646180825357735036e-03
5.108046694787866764e-03
6.703505548557611021e-03
-4.643652387091991122e-03
5.109674852052715523e-03
8.401492153575416261e-03
-4.657296290585021328e-03
-3.393931054287919850e-03
-9.600365439069474436e-05
-4.656997426905864351e-03
-1.695376185289723626e-03
-9.760644137692295298e-05
-4.654353365347157004e-03
6.281626079972234977e-06
-9.913856489482542739e-05
-4.651511659605175701e-03
1.709887386606145313e-03
-1.018538094672867268e-04
-4.647621220561351518e-03
3.408134850872660254e-03
-1.005826358005660519e-04
5.012223078146939119e-03
-5.009450768015342656e-03
1.665350082496912200e-03
5.012592732945918977e-03
-5.011344243507119892e-03
3.333480830804583760e-03
5.011877214720178789e-03
-5.010838050464964770e-03
5.000989314682752034e-03
5.012928486352192722e-03
-5.010490297765500881e-03
6.666772612395646842e-03
5.011479044693838147e-03
-5.009622178627622276e-03
8.334581150331775434e-03
5.011696298741939552e-03
-3.335627038540258087e-03
1.001006934576036470e-02
5.015289041160242781e-03
-1.667408232214266043e-03
1.001140113343290845e-02
5.013438453747869408e-03
-1.782127267130206722e-06
1.000925070932732509e-02
5.012775794818333241e-03
1.668884810549149103e-03
1.001097774952295315e-02
5.011117835508956987e-03
3.334802790242819958e-03
1.000878443195311537e-02
5.012715983229783234e-03
5.010029181989709805e-03
1.664673940902812671e-03
5.015000738868769480e-03
5.012041553500764385e-03
3.332477124754627557e-03
5.013439402283041690e-03
5.010488751470673456e-03
4.998256492781535595e-03
5.013399990492748565e-03
5.011136026850263568e-03
6.669294792833242724e-03
5.011151096657040158e-03
5.008944017757378450e-03
8.334935650221277775e-03
5.012059051187354834e-03
-3.336300247732593496e-03
-1.033846713592023533e-05
5.010736888371510045e-03
-1.664839343670907260e-03
-1.302553617410162128e-05
5.015618375294217043e-03
-4.819881550396143753e-07
-1.125374705425586763e-05
5.011478909288430775e-03
1.668213209178573972e-03
-1.023715540955747170e-05
5.010547008177297125e-03
3.333994017918188481e-03
-8.802647208061552557e-06
-3.051918097295947159e-03
-5.094118985473211625e-03
-9.550782781140681717e-05
-1.446681474172412281e-03
-5.092696015287563605e-03
-9.354441408152316376e-05
1.645329118354845084e-04
-5.086223537368069272e-03
-8.926723803253398869e-05
1.777696419717657815e-03
-5.078263797022778900e-03
-7.946822507773722895e-05
3.394066648769005802e-03
-5.056883441011995016e-03
-5.289692878025397586e-05
-3.049175482537849410e-03
-5.091829966117659804e-03
1.010093387482630632e-02
-1.444985718341752377e-03
-5.092342967679120563e-03
1.009731228183383643e-02
1.640029347913211249e-04
-5.088524087914184264e-03
1.009194265296334096e-02
1.775946156506935268e-03
-5.080021980602429654e-03
1.007791519969454021e-02
3.394812693475772556e-03
-5.054097879815565471e-03
1.004981522496039940e-02
-3.041764285525182243e-03
5.104440704160827756e-03
-1.008903606387125015e-04
-1.436326046785770276e-03
5.099503584943218017e-03
-9.793106257455260334e-05
1.694786411672972667e-04
5.094688819368916460e-03
-9.335544816848613092e-05
1.781616419829081194e-03
5.085894075270858648e-03
-8.128049315642964115e-05
3.398417358707715805e-03
5.059614517995969507e-03
-5.203815704363556123e-05
-3.037387957295380886e-03
5.107320851274887649e-03
1.010065652426387663e-02
-1.434513937287781350e-03
5.103926968727721253e-03
1.009905572992775280e-02
1.738410372912808672e-04
5.098716413248069110e-03
1.009192042242791632e-02
1.782135475389286326e-03
5.087506248026424371e-03
1.008280101730353248e-02
3.398100920755068362e-03
5.057474892135597339e-03
1.006158848392133508e-02
-4.659969202185744626e-03
-3.553417288241461636e-03
5.834331546496439140e-03
-4.649345157959333154e-03
1.021726849774083276e-03
8.570413229100435487e-03
-4.655941192662581447e-03
1.007537607747236190e-03
1.419140189911216468e-03
-4.641697148714101981e-03
3.645733241648566134e-03
5.839077866730352229e-03
-4.660054319019565384e-03
-2.585356828013417405e-03
1.285296839002971273e-03
-4.655649729944663293e-03
-2.565157118451274164e-03
8.688199806073557477e-03
-4.649241273197799590e-03
3.670338669943535095e-03
2.457044569583466571e-03
-4.644284915124139053e-03
3.645918466137545826e-03
4.151057406833905637e-03
-4.636108180440279801e-03
2.168715623139691202e-03
4.998754371965426560e-03
-4.643104053488719858e-03
2.042128395884628290e-03
6.943854911871097033e-03
-4.645083623360629112e-03
6.939420070965229316e-04
5.852535480420357865e-03
-4.627126279473582800e-03
6.655019175569140038e-04
4.199164472882859628e-03
-4.651087538174107638e-03
-7.535830183428870489e-04
5.011112231743036945e-03
-4.650957453420748698e-03
-7.789942196665739687e-04
6.702894497948396098e-03
-4.656667842880659117e-03
-7.919643268093333206e-04
3.369236379405880256e-03
-4.659052301692379744e-03
-2.198769958652788386e-03
4.395018202493264012e-03
-4.647492596331423073e-03
2.023970546983425503e-03
3.042658912652125482e-03
-4.659752798650855163e-03
-8.045134478980697345e-04
1.621990121842641032e-03
-4.654929727328244865e-03
-7.962282067340996274e-04
8.387085819590222799e-03
-4.649710981837175405e-03
2.582928835011410237e-03
8.647059142897716572e-03
-4.646833684151918664e-03
3.714288696380142404e-03
7.540328517331486465e-03
-4.652689812036284352e-03
2.574866552074061687e-03
1.313002051440979043e-03
-4.657712715502283773e-03
-3.694604986831117460e-03
7.583966594625047263e-03
-4.660950355540371091e-03
-3.753730570020895330e-03
2.368707621946450348e-03
-4.656532829918963098e-03
-1.874792012677134641e-03
5.845631980606292785e-03
-4.661056884826399876e-03
-3.712552918377640468e-03
4.043318314226296631e-03
-4.658185152947576929e-03
-2.201414989485227756e-03
2.790796632555029091e-03
-4.657800350376769399e-03
-2.211331225541999547e-03
7.174072411452624663e-03
-4.654254588430099815e-03
4.187720292259555668e-04
2.726481352521122319e-03
-4.645232127181560429e-03
5.226046270624768939e-04
7.255706622602617686e-03
-4.646404982126966371e-03
3.866763824313227977e-03
8.859612156031183849e-03
-4.655371861199060143e-03
-3.846713935478689173e-03
8.859770509948641792e-03
-4.649164326105198301e-03
3.864152897051365085e-03
1.142985906848883754e-03
-4.658604592840868627e-03
-3.857078985091602803e-03
1.139695342390996662e-03
5.003174077910580754e-03
9.939933999105108296e-04
8.501779738942429054e-03
5.004903175806061331e-03
9.816907030722125515e-04
1.488467177704241558e-03
5.012348625699108648e-03
-3.498012579152715799e-03
5.814161353730305445e-03
5.002120675690790302e-03
3.569221588240194427e-03
5.825108567089053516e-03
5.011959505596938307e-03
-3.493371243597738658e-03
2.621466164306776765e-03
5.010766293028122431e-03
-2.524039868730530278e-03
8.618610198876924117e-03
5.009886681581442180e-03
3.594594376545691330e-03
2.504455610638513328e-03
5.005644038758191167e-03
3.566908514118049926e-03
4.164316244541023219e-03
5.011986825851178634e-03
2.116157204936085917e-03
4.999811404375787902e-03
5.014643485757403971e-03
1.993369049096905838e-03
6.904084036612631765e-03
5.015356377954222067e-03
6.729507531274422048e-04
5.835247653191183437e-03
5.008187502202156478e-03
6.428151450529204442e-04
4.215335728971963264e-03
5.010838812457766960e-03
-7.502516025833935124e-04
5.007057789101140854e-03
5.015177807651033728e-03
-7.863972545161876252e-04
3.397372304210587342e-03
5.001332727961839072e-03
-7.714449760111623342e-04
6.666629427479901608e-03
5.014726436515545664e-03
-2.278796584237268840e-03
4.199007569559422455e-03
5.017169903015540090e-03
1.973084707530172854e-03
3.081136646650611908e-03
5.011254517654495366e-03
-7.887812412990855395e-04
8.325715024452624846e-03
5.013483796688384536e-03
2.522688123425814635e-03
8.578684908393393108e-03
5.012666277022359736e-03
-7.800872578927050757e-04
1.686572908636087493e-03
5.013721461091095490e-03
3.638159431173229683e-03
7.487615778768690576e-03
5.013707129016090405e-03
2.516165595300556574e-03
1.380468894928071682e-03
5.008423199154693299e-03
-3.638310358834463080e-03
7.530794723493106080e-03
5.008835609897091708e-03
-2.444648916805168895e-03
1.387602982835544219e-03
5.011673059601947852e-03
-1.869819502089313263e-03
5.784295490459397983e-03
5.005707596560598528e-03
-3.858859062186818269e-03
4.198009251819953720e-03
5.002535774445545681e-03
-1.953882850624340164e-03
2.659093714272310963e-03
5.006891098373813728e-03
-2.183661716825153424e-03
7.121652276637920054e-03
5.005642012232161715e-03
4.047237024144705628e-04
2.775020435116113716e-03
5.010522701569926178e-03
5.051306456639693488e-04
7.210122911587028317e-03
5.002418133674764629e-03
3.782056912020998005e-03
8.782124652700121908e-03
5.005788899978151629e-03
-3.784265211340797058e-03
8.785049852090132463e-03
5.005685538700556554e-03
-3.785214450558057730e-03
1.214119930250664959e-03
5.003800967052588269e-03
3.782074806744238540e-03
1.214518600024369751e-03
3.590372274163935572e-03
-5.046672132603758146e-03
5.826650430309758370e-03
-3.212014646923581126e-03
-5.094109249543961326e-03
5.833129466971499928e-03
1.101783229157059707e-03
-5.083103671786981352e-03
1.434862056181349143e-03
1.107956464891095456e-03
-5.085228685580905211e-03
8.558660109993378173e-03
-2.291886882712092580e-03
-5.093623063043091828e-03
1.285990229392913612e-03
-2.274437235318959877e-03
-5.093401775487244737e-03
8.685368375578374558e-03
3.622048633589784045e-03
-5.044638049525378316e-03
2.494218601137353306e-03
3.593546025023478929e-03
-5.045498484699435793e-03
4.164119228064333891e-03
2.184416785155491193e-03
-5.077408239878518359e-03
4.998481111355746603e-03
2.067015537316244621e-03
-5.077200828451708739e-03
6.931399009885004688e-03
7.909974818786549150e-04
-5.089402084595080755e-03
5.848080993414671129e-03
7.654868909614803837e-04
-5.084744488345815591e-03
4.200009139213659037e-03
-5.736903915920466219e-04
-5.091343494972465702e-03
5.008588340725058860e-03
-5.983536475476275342e-04
-5.093557936981945450e-03
6.700125006300071927e-03
-6.078172822714516263e-04
-5.093764668329451434e-03
3.368300226518717699e-03
-1.935180137631439335e-03
-5.093184498377860414e-03
4.392989271953249772e-03
-6.118374633471174596e-04
-5.091295334351892549e-03
1.625986582875622389e-03
2.051204092544430067e-03
-5.081925207439295065e-03
3.054653007843433857e-03
-6.068280498586891289e-04
-5.092730825612112704e-03
8.381170764740722423e-03
2.587666779732304950e-03
-5.068737967827448634e-03
8.616850456333402172e-03
3.661635804415613437e-03
-5.037808796402544996e-03
7.497314147858341604e-03
-3.342722893420239927e-03
-5.093109509094580906e-03
7.582859504024041207e-03
2.584248724268540034e-03
-5.071622529434396953e-03
1.339890632735165526e-03
-3.396601759924689108e-03
-5.092679792091965932e-03
2.369325748524873411e-03
-1.629797491324773504e-03
-5.094959098911444606e-03
5.842295296654963568e-03
-3.361412856266623398e-03
-5.092159422307083148e-03
4.042877429079337441e-03
-1.935325403836408000e-03
-5.093883103717949598e-03
2.789659983819707881e-03
-1.944561349284268858e-03
-5.093173188685738359e-03
7.171273445713098084e-03
6.307463155587537777e-04
-5.089850516764201672e-03
7.250181809399740447e-03
5.387958654390209105e-04
-5.088590098869154657e-03
2.735600398090866185e-03
3.808355315881407216e-03
-5.035316415239633227e-03
8.800531110419868019e-03
3.812552624045664404e-03
-5.039623701653872176e-03
1.196364903646395450e-03
-3.482861784738379169e-03
-5.092662962551050554e-03
8.858689198324996503e-03
-3.490894785011905335e-03
-5.093566682278731668e-03
1.139954048689056140e-03
3.606641675027328579e-03
5.049511929168274890e-03
5.823693911713114305e-03
-3.197053893897953969e-03
5.111167830520172393e-03
5.834091124256985360e-03
1.104844647219023609e-03
5.089005657918001073e-03
1.431443563059931270e-03
1.123259508387289664e-03
5.088990590692522506e-03
8.557753017533666767e-03
-2.284148539420599935e-03
5.104624448597971584e-03
1.280817912936108721e-03
-2.262094131810293233e-03
5.106694768435427433e-03
8.685427163307873205e-03
3.624225935561131186e-03
5.051944387621712558e-03
2.488576634631240077e-03
3.598172175188511443e-03
5.046079135443840361e-03
4.153301978179790507e-03
2.198603735591764946e-03
5.079823471387357771e-03
4.999195752373473099e-03
2.081471359922525480e-03
5.077868405943226221e-03
6.928720973553944250e-03
8.008317971916897263e-04
5.096741908067852801e-03
5.844984023350512613e-03
7.732293304500972506e-04
5.097124956534224843e-03
4.204285844512286804e-03
-5.675846350846581404e-04
5.108506170349561351e-03
5.007729523402326514e-03
-5.845072682625493876e-04
5.108062904080239511e-03
6.699703779526991129e-03
-5.982694801074281117e-04
5.099150797392525483e-03
3.365376879381997127e-03
-1.922650913577700392e-03
5.111428699023511275e-03
4.391519995000864665e-03
-6.054164074550493066e-04
5.097601629976953631e-03
1.622688270273764692e-03
2.052944325340671193e-03
5.086612334802146848e-03
3.051109160762875434e-03
-5.949620641801699542e-04
5.104167087146579615e-03
8.383167974354394439e-03
2.596496907473153700e-03
5.074230051538247514e-03
8.624191647277396414e-03
3.662593978446070705e-03
5.052329908849819556e-03
7.508369569405815014e-03
-3.328710145964884626e-03
5.110242794963790192e-03
7.582184496996987461e-03
2.584999728730141052e-03
5.077285217141606737e-03
1.340416356708263495e-03
-3.387259944007239669e-03
5.106348416532915935e-03
2.365051319911781486e-03
-1.616864349124068172e-03
5.111597124401069149e-03
5.843076080336123170e-03
-3.346045401184504203e-03
5.108099338210680442e-03
4.041540613624665552e-03
-1.928725256906345864e-03
5.108026476830084851e-03
2.785133322332029090e-03
-1.929744177615799186e-03
5.110167151397622398e-03
7.172037868894210952e-03
6.446334029994846195e-04
5.095942561246956035e-03
7.249272723282443667e-03
5.451473351537913879e-04
5.095345412312784865e-03
2.733720116471985949e-03
3.814143092590101692e-03
5.043897026439809854e-03
8.811155940662909747e-03
3.811200067420822662e-03
5.040028171525686232e-03
1.198159187017970844e-03
-3.470391879538684693e-03
5.109599781864058131e-03
8.857862740378119257e-03
-3.481783109748347576e-03
5.105827462454053632e-03
1.135080800616235968e-03
9.299521308242738888e-04
3.388464704008106905e-03
-9.019345066845418316e-05
9.048229980589135146e-04
-3.470818875652855861e-03
-8.324847123867027765e-05
-3.273835423656394367e-03
8.413681195786167554e-04
-1.026110325886911830e-04
3.544111047537166007e-03
8.271474143943635237e-04
-4.161147220691069744e-05
-3.306006367495986555e-03
-2.480641355398576896e-03
-9.747526001907874855e-05
3.529051089380120989e-03
-2.394178047303147788e-03
-4.601036487435194582e-05
-2.296760681067739219e-03
3.646129661462379351e-03
-1.013325901819340564e-04
-3.277353914123040061e-03
-8.376331918615252106e-04
-1.000727455012956921e-04
-1.884740313214652114e-03
1.548372886846334119e-06
-1.000379974675449940e-04
-1.748489386260491463e-03
1.957532581192444540e-03
-1.007465948733599499e-04
-4.947664715932333221e-04
8.505699888604630445e-04
-9.550429904764011144e-05
-4.950990052940433452e-04
-8.487706951615998268e-04
-9.735973875519848169e-05
8.660097642706254600e-04
2.163231845801352564e-06
-9.069647609868806189e-05
8.994406613655956924e-04
1.697081884636592953e-03
-9.029713486081289886e-05
8.661771357633319844e-04
-1.663574756050718254e-03
-8.984109388354406898e-05
2.326057492560781089e-03
-8.261822039099071466e-04
-8.178872510387777623e-05
-5.241141500164932633e-04
-2.507011140401711920e-03
-9.467822946114124035e-05
3.633569111591694340e-03
2.571781643574125829e-03
-4.704550005205198601e-05
-7.849169895821082920e-04
3.573506792344346115e-03
-9.666241313212611504e-05
-1.896029570450166735e-03
-1.678374152363033703e-03
-9.784753459971742698e-05
-2.051859015349326472e-03
-3.523369684506994642e-03
-9.543397541183789472e-05
2.578282477449357277e-03
3.690933886968336859e-03
-6.949099952911541372e-05
2.558835351715512806e-03
-3.672966163286790504e-03
-6.926688520553048276e-05
-3.337236797656746145e-03
2.542920553679936264e-03
-1.011040462378984110e-04
1.952913447696414360e-03
7.944850117159042279e-04
-8.080419936064148754e-05
3.878329608446379022e-03
-8.088407146182373213e-04
-3.980858026518389360e-05
2.036323046636123388e-03
-2.406137709717456278e-03
-7.583929374870334369e-05
2.250448410526206290e-03
2.162835549867452023e-03
-7.890957376470795874e-05
-6.193819788622329263e-04
-3.946454399446523015e-03
-9.293142206270921300e-05
-3.037121802471369134e-04
2.264033277827159647e-03
-9.391362874164343229e-05
3.811092330388227926e-03
3.808170359303340163e-03
-3.983068849673617525e-05
-3.484495424720659030e-03
-3.851025230460483704e-03
-9.715953315333815149e-05
-3.473758274527487949e-03
3.861396286706105484e-03
-1.011130393385648144e-04
3.808280004539994941e-03
-3.807999179587268947e-03
-4.195195987207232742e-05
-3.270862447086834816e-03
8.452029105332774413e-04
1.010420297013063864e-02
9.315712022819628430e-04
3.390570465567865812e-03
1.009038262284836333e-02
9.023305016256319986e-04
-3.469528463703893794e-03
1.008882583812764286e-02
3.550679082798491749e-03
8.268582549886654672e-04
1.004851721302040153e-02
-3.301780802136000670e-03
-2.478173635695676402e-03
1.010134556014106143e-02
3.523558709905037951e-03
-2.395574757005759867e-03
1.005306688452579748e-02
-2.294696435147446003e-03
3.648859331797866049e-03
1.010055814870346007e-02
-3.273105460687898097e-03
-8.345572790248048742e-04
1.010167203801556196e-02
-1.881683210273791965e-03
4.070020698820926025e-06
1.010266116895081751e-02
-1.745155565958362827e-03
1.960803653717569338e-03
1.010228234262119419e-02
-4.904352789231918378e-04
8.539610894265827618e-04
1.009880612807715142e-02
-4.923950093306195741e-04
-8.460297228694614331e-04
1.009981151998083464e-02
8.700553213430965585e-04
4.711524871512711399e-06
1.009205825252044476e-02
9.014209155964157411e-04
1.699185656326787598e-03
1.009028744666359834e-02
8.686375071675850670e-04
-1.661037533847537764e-03
1.009254053213922038e-02
2.329129589556259376e-03
-8.214264231414899380e-04
1.008681813839860074e-02
-5.195354211338933884e-04
-2.505715893207936806e-03
1.009666737327943355e-02
3.637128103221160674e-03
2.572880634158146614e-03
1.005293628844182788e-02
-7.829196694727218100e-04
3.579210847447856884e-03
1.010053587382302685e-02
-1.892503676618676476e-03
-1.676860868321755713e-03
1.010032015735339364e-02
-2.047550235687897995e-03
-3.522031894926694502e-03
1.009893065005636713e-02
2.577932492563787294e-03
3.690579135669463332e-03
1.007680693820589210e-02
2.557011167672506181e-03
-3.674960942279434720e-03
1.006782633291392580e-02
-3.335972508200487751e-03
2.546622257084970187e-03
1.010273375661507184e-02
1.958725020608832919e-03
7.957056531810101059e-04
1.007986543512517409e-02
3.877226166929634722e-03
-8.183347852398778835e-04
1.004238273967037777e-02
2.035364033842888571e-03
-2.407546432444781365e-03
1.007911544927212778e-02
2.253811374930669506e-03
2.161728693737634092e-03
1.007844792275458881e-02
-6.170599117840637124e-04
-3.946545958103100417e-03
1.009585311371392208e-02
-3.022067161774981241e-04
2.268494459401446377e-03
1.009779114659655787e-02
3.813950185047421809e-03
3.807474381003370274e-03
1.004351650977569621e-02
-3.480033069967245103e-03
-3.848353766647541994e-03
1.010237287098299241e-02
-3.472550132200273761e-03
3.865356482286848826e-03
1.010283570263644654e-02
3.807652912546862205e-03
-3.804101323921536132e-03
1.003880050614758788e-02
-3.224492193928696696e-03
-3.972136200876295008e-03
4.837683654652381524e-03
1.266380282522869467e-04
5.567716056267637718e-06
5.000217142548066609e-03
-1.560516979292090201e-03
-1.803074576015013895e-03
6.132267083878405363e-03
-2.268457972606956977e-03
-2.554606085541679273e-03
2.460046173514622830e-03
1.920208700676020530e-03
-1.834133994301493514e-03
3.114476764867754339e-03
1.913029152691113344e-03
-1.836614287417444964e-03
6.889495064883854186e-03
1.264672328900166972e-03
2.070189395183750364e-03
2.990775142375824008e-03
-1.367630329528367588e-03
2.115628240780798117e-03
6.623064437981787678e-03
1.666966296472226737e-03
1.582265424709820064e-03
7.102131878065022844e-03
-1.804078442979738803e-03
1.202751808618527122e-03
2.947241165805118083e-03
2.628334208271551880e-03
1.900347250385990138e-04
5.034264726601248019e-03
-1.702120577987863083e-04
-2.674333881073195831e-03
4.175500254453287825e-03
-1.483952077201890867e-05
-3.725218240669020170e-04
7.584014409726860112e-03
-2.058286419845188988e-04
-7.106940839845276615e-04
2.476400286231540335e-03
2.692787616432461804e-03
2.901490383977974909e-04
2.202796939979624006e-03
-2.350774254428701117e-03
4.824958856331125896e-05
7.627359500780809404e-03
-2.501177538441098393e-03
1.776465009561613187e-04
5.064107248797527702e-03
-6.041497417759453064e-05
-2.806201495897785864e-03
7.687823015063109493e-03
2.955217099477349101e-04
2.830943872515931294e-03
5.079428833620011977e-03
2.637385265352736215e-03
2.651472173579113960e-03
5.123485944066768875e-03
-2.591262511919619968e-03
-2.902608390859465985e-03
7.897107943464782426e-03
-2.689387539829563977e-03
-2.570122665243089986e-03
4.547805121186556700e-03
3.927493323112238571e-04
-2.962774031600818366e-03
2.029924109055887375e-03
1.668136781869107132e-04
2.985257121886021082e-03
7.981475318495771451e-03
3.003656645690987604e-03
-1.974512666573245267e-03
4.998865725782689062e-03
-2.676146894494791945e-03
3.032158933430637981e-03
2.011576791502185137e-03
2.983156403979593529e-03
2.970667033818595246e-03
2.036821429973975986e-03
-2.475413512832820573e-03
2.785471765575668265e-03
4.627302370962002240e-03
2.964545467637303734e-03
-9.383194460062768726e-05
7.855912995291087011e-03
-5.545845234716629364e-04
2.822311891874494487e-03
2.079542979580682391e-03
3.025130667796005566e-03
3.012424490777372392e-03
7.965013563414244033e-03
-2.706157319957487421e-03
3.052397967467119968e-03
8.023998268881407658e-03
3.098339777590895187e-03
-3.073860765502437354e-03
8.069062829514684482e-03
-2.661800574094778417e-03
-4.876491070237938454e-04
1.935935185582669847e-03
1.390435856281880449e-03
-3.151583604899004052e-03
5.364808995174199548e-03
3.102232365625698027e-03
-3.080736917863741327e-03
1.914805755856736685e-03
-1.424845288320546795e-03
-1.132867982426215975e-03
4.000654335842757439e-03
1.276382419176160096e-03
-1.906776071527845076e-05
3.449686068604035198e-03
3.497058259989628179e-04
9.860720343650151206e-04
1.657498311535641122e-03
2.777495526098305487e-04
-1.700959011195188374e-03
5.963827607906208549e-03
-9.647572860180072445e-04
1.147764790340401100e-03
8.251834172205822077e-03
1.378556176580367264e-03
-8.671844614347668173e-04
1.564779862592535677e-03
3.254886509766840522e-03
1.466668383905856722e-03
3.680248652043071993e-03
-1.139657679153077393e-03
1.452674307758442581e-03
4.774810804509288173e-03
-1.380856726942957186e-03
-1.483706280850147609e-03
8.245949496972302534e-03
-6.410563657960706083e-04
-3.403065212638938398e-03
5.853514115693426827e-03
3.338276354628007345e-03
1.367489050714290133e-03
6.337683593156667218e-03
1.343294319813063921e-03
-1.233339577512875592e-04
6.383828380438221102e-03
-2.362439063220203410e-03
-3.443363963722520689e-03
6.144040994670777953e-03
-1.135892159394679638e-03
2.780215642553723930e-04
6.281997870585184773e-03
3.244003199736476568e-03
-7.376884274121331539e-04
3.601121239272679457e-03
1.301827484794263086e-03
3.403210052892640183e-03
6.555150858003819074e-03
1.292126566894351986e-03
1.346923834334859535e-03
4.688445139111865542e-03
-3.061250306870935949e-03
1.324923126012217574e-03
6.448629047733477754e-03
2.520009660839289244e-03
-3.444504766916388610e-03
3.907956293017689729e-03
-3.266566307746662616e-03
-3.505261276580397874e-03
3.317348243016818386e-03
-9.539838171652639939e-04
3.323771523332992497e-03
3.842689221313953102e-03
-3.072065626603173120e-03
-1.451270008842565950e-03
6.916211879936333233e-03
1.480963355572973046e-03
-2.658992869611065662e-03
8.411644560617321034e-03
8.674213558949377080e-04
8.499653680603094959e-04
8.508492611408598541e-03
1.336982014464687708e-03
-8.744021447694581752e-04
8.554145994607440656e-03
3.308053538826099659e-03
-1.298922601074775987e-03
1.604112524406315450e-03
2.947386174759782356e-03
-3.362930250988727717e-03
6.237285299484891278e-03
1.451505041601388853e-03
-1.255225042595351295e-03
4.739934692526125322e-03
2.040015428074707792e-04
1.384944754123446781e-03
6.172412362095742663e-03
-2.394419269020089253e-03
3.543857332801256688e-03
6.293316203564007852e-03
-3.073600910742181440e-03
-9.865167290620782854e-04
3.873776006055557313e-03
-9.029777607074111095e-05
1.055954417326330618e-03
3.402420036264373199e-03
