-5.003852666555096314e-03
-5.003195935028780308e-03
1.000307516746644539e-02
-5.004438906085750642e-03
-5.003490902873261592e-03
-3.496421736541422787e-06
-5.004239249831740101e-03
5.003099537556490208e-03
1.000350238879136634e-02
-5.004086557771340871e-03
5.002942187733235881e-03
-3.302872410028345364e-06
4.823767363274858617e-03
-5.048044322558059918e-03
1.004991311685518585e-02
4.821656913208269106e-03
-5.049086715468430533e-03
-4.876223251290674689e-05
4.821416754194041664e-03
5.050395570847630508e-03
1.004898677778320870e-02
4.822660173640265675e-03
5.048781361056696275e-03
-4.923918662685729968e-05
-5.006570518904849762e-03
-5.005323924632002798e-03
1.666292893603671952e-03
-5.003606221441869902e-03
-5.005319132580181470e-03
3.332256912637413578e-03
-5.007242982983071966e-03
-5.006182927802868901e-03
4.999942943754272055e-03
-5.006916129972347265e-03
-5.005823424527708516e-03
6.667533378081786158e-03
-5.005695990237405205e-03
-5.004818917452837079e-03
8.333846998007531440e-03
-5.005926351378405491e-03
-3.334393684082263224e-03
1.000505802630317041e-02
-5.008838312968105257e-03
-1.667344318190820554e-03
1.000666733987407020e-02
-5.008106290659264034e-03
4.147253151271253591e-07
1.000613981707319279e-02
-5.006245307249570717e-03
1.667858360571510727e-03
1.000538264304145532e-02
-5.005577960630970373e-03
3.334217560654338924e-03
1.000466861392317573e-02
-5.005818383975935669e-03
5.004700800000922226e-03
1.666321543100873423e-03
-5.006827605398607266e-03
5.005442674472842732e-03
3.332851541367258703e-03
-5.006047461525805001e-03
5.005410252238051694e-03
5.000270993873756099e-03
-5.006218958069747448e-03
5.005459196303990721e-03
6.666894399793480905e-03
-5.005769562176017734e-03
5.004708832050543121e-03
8.333682063126315182e-03
-5.005718328747714094e-03
-3.334500949605401481e-03
-4.857795221460566354e-06
-5.007306498974193124e-03
-1.666815159511068076e-03
-5.688428631695972059e-06
-5.007735517855343814e-03
6.939363743752870075e-08
-6.000272285782737335e-06
-5.006007352547769441e-03
1.667553874612032758e-03
-5.378705637356588028e-06
-5.005529468840800265e-03
3.333965633224078573e-03
-4.640704552842705336e-06
4.823285452979970446e-03
-5.049221286000023581e-03
1.634351487634005690e-03
4.824955307986742575e-03
-5.048464224352077617e-03
3.316515173872973225e-03
4.825891582261454017e-03
-5.048165257560396045e-03
5.000128963329439173e-03
4.825759752285094240e-03
-5.048104075198450204e-03
6.683916347876725506e-03
4.825260379056940836e-03
-5.048143734716757647e-03
8.366463334159126783e-03
4.824574266001195773e-03
-3.364972362117888555e-03
1.004932763767277595e-02
4.825367982436521569e-03
-1.682535608200104406e-03
1.004915382470725552e-02
4.825051804398924546e-03
1.166240133563687455e-06
1.004910642980808705e-02
4.824639671014305242e-03
1.684655467851848588e-03
1.004907940466353601e-02
4.823626728010553012e-03
3.367350843973648204e-03
1.004933155097331894e-02
4.823517918824488104e-03
5.048989549918155538e-03
1.633796542031932435e-03
4.824370025867955047e-03
5.049086985894775913e-03
3.316460331527672310e-03
4.824321287691391014e-03
5.049297919399025995e-03
4.999692636977919220e-03
4.824097141923310191e-03
5.049568266324026139e-03
6.683691955637537270e-03
4.823366468076175848e-03
5.050120135936102608e-03
8.366166831265670414e-03
4.823076163521768100e-03
-3.366087180623821701e-03
-4.850030519121605559e-05
4.824844292690575777e-03
-1.683936268042687465e-03
-4.840239535278084259e-05
4.825209261864407337e-03
2.438823749937120212e-07
-4.816746762340071012e-05
4.825025993349141805e-03
1.683414125862419059e-03
-4.817705143730546786e-05
4.824244231697744426e-03
3.365773907627903679e-03
-4.855633870062003469e-05
-3.364739370193737915e-03
-5.030766138788626309e-03
-2.547352797921391233e-05
-1.723612734178897165e-03
-5.040235766800614005e-03
-4.001332306176762948e-05
-8.439240650216487023e-05
-5.045466243563272168e-03
-4.464202258309541820e-05
1.553169847614463287e-03
-5.047930540822986173e-03
-4.702361632551995763e-05
3.187149570228840073e-03
-5.048382682129372648e-03
-4.786800698275560411e-05
-3.363783122596025743e-03
-5.028893153096751847e-03
1.002727449029496357e-02
-1.722251220804594607e-03
-5.037724441361949961e-03
1.004173867576961532e-02
-8.241074763217533098e-05
-5.044049689289148430e-03
1.004503302030918845e-02
1.555022454598144590e-03
-5.047091644715402670e-03
1.004863467640542199e-02
3.189158575989302791e-03
-5.048021077833820744e-03
1.004927763891466305e-02
-3.364466296638463777e-03
5.027408608593606637e-03
-2.582080813736046032e-05
-1.722701689426337076e-03
5.040615908078335643e-03
-4.114070233459848810e-05
-8.299006341102739526e-05
5.045599864397659791e-03
-4.631934459184721184e-05
1.554133941446184976e-03
5.047529620184548933e-03
-4.849441981519201625e-05
3.188154185940021527e-03
5.047895792438383301e-03
-4.897920771359442544e-05
-3.364087603809856261e-03
5.028937582298920704e-03
1.002559929653363581e-02
-1.723114358010606603e-03
5.040893588555581291e-03
1.003888323867605480e-02
-8.406132635261330272e-05
5.045778393179382176e-03
1.004580902947591579e-02
1.552797938900176214e-03
5.048905876565370869e-03
1.004731574917727514e-02
3.187054281991665624e-03
5.049547701478433216e-03
1.004800445952946410e-02
-5.005346616728298566e-03
-3.495986313466942479e-03
5.814178387376153431e-03
-5.000941281923687587e-03
9.930504967726404807e-04
8.501477873283118034e-03
-5.001865601780536297e-03
9.784545977898305696e-04
1.489320639267598632e-03
-5.005844835572944782e-03
3.567603519719581961e-03
5.820827549523569650e-03
-5.002353294308197786e-03
-2.540707952709148239e-03
1.353387527207289276e-03
-5.004038760548273380e-03
-2.524472426913035566e-03
8.615316273404114919e-03
-5.006410594381015093e-03
3.593042133656660243e-03
2.505235850885361056e-03
-5.002901829834329427e-03
3.566849805750487139e-03
4.166866738958090004e-03
-5.005108227633683904e-03
2.116088037088926024e-03
4.998102604194304757e-03
-5.006979360197319831e-03
1.992649079788011250e-03
6.904558222173109647e-03
-5.008881864625321610e-03
6.701299858222872947e-04
5.833490638943322065e-03
-5.002965488993256320e-03
6.412880407731940150e-04
4.215597770656954665e-03
-5.003370746712757638e-03
-7.491821703137525055e-04
5.007705269260742491e-03
-5.005338646104776253e-03
-7.741568921229726287e-04
6.667935240880489868e-03
-5.008100574823193957e-03
-7.856151024071254558e-04
3.399049815357052182e-03
-5.006537695606109312e-03
-2.164057179300618670e-03
4.403224571538404131e-03
-5.007022600453781176e-03
1.976095175144930438e-03
3.080147355624428002e-03
-5.007491784934647860e-03
-7.974675313895195723e-04
1.684508207243597426e-03
-5.002279173137723876e-03
-7.896394638104689469e-04
8.321039108714987226e-03
-5.006283437524005134e-03
2.522418555206405386e-03
8.576339977573685727e-03
-5.004807511981419071e-03
3.635141808558537985e-03
7.486881630656947589e-03
-5.005931267525421009e-03
2.515097108526349358e-03
1.383370871061988033e-03
-5.004233549853133803e-03
-3.634600691413594764e-03
7.529905353504919713e-03
-5.004174365635801272e-03
-3.687841282128004848e-03
2.417466333151790936e-03
-5.001521841930489827e-03
-1.846642005305328127e-03
5.823856556949819248e-03
-5.006358290362316471e-03
-3.651338204827585948e-03
4.059156511471744694e-03
-5.003726482012749166e-03
-2.167022428969708064e-03
2.833128750288169996e-03
-5.007058199161365346e-03
-2.175885613050584488e-03
7.127801231484794456e-03
-5.004977386146038619e-03
4.000260865068509938e-04
2.773043542813357406e-03
-5.003939076153176430e-03
5.034621409133639702e-04
7.209055351056451073e-03
-5.002302405462426792e-03
3.782109093479923533e-03
8.782851287222304473e-03
-5.002535151138729798e-03
-3.783024834959097804e-03
8.782924747668173146e-03
-5.002064616009934545e-03
3.782064719629855184e-03
1.217929308248051840e-03
-5.001984856021424869e-03
-3.790564044123757772e-03
1.210296439011586010e-03
4.825487250996679869e-03
1.001803673620859725e-03
8.532765977682125677e-03
4.825897561228816024e-03
9.878622298985682230e-04
1.460222540693506413e-03
4.826752468308765157e-03
-3.525763838312040779e-03
5.823316061709596890e-03
4.825096679742638985e-03
3.599928033468579539e-03
5.828276568977395870e-03
4.825447852606190580e-03
-3.521245591731363232e-03
2.600655498368895958e-03
4.826200033769605276e-03
-2.547115846551430054e-03
8.648003522038311477e-03
4.825134241186239403e-03
3.624471139975171414e-03
2.482651187685580400e-03
4.825026218481255277e-03
3.598435510773542907e-03
4.157892633222201074e-03
4.826084703917190612e-03
2.137557421563600433e-03
4.998563109947223339e-03
4.825432958339989989e-03
2.013730146783850299e-03
6.924195984488673919e-03
4.826104646935923566e-03
6.773978032205985869e-04
5.841752146493088028e-03
4.826312904693033298e-03
6.488675574565633524e-04
4.208073631472298605e-03
4.826122031102460415e-03
-7.555434907199801804e-04
5.008736432854259991e-03
4.826362399510591115e-03
-7.944920345175734196e-04
3.382675936208807011e-03
4.826129323743714311e-03
-7.806218313093809310e-04
6.683898292560900602e-03
4.826454249602988439e-03
-2.299950829034364420e-03
4.191482282236072034e-03
4.825458616512827252e-03
1.992805790644830693e-03
3.062662597186730905e-03
4.826129975544440551e-03
-7.959294941522223037e-04
8.350039587111227762e-03
4.824869419443578687e-03
2.547954857848074104e-03
8.608573861026683552e-03
4.826433915714473631e-03
-7.865357814764621994e-04
1.659913022716558943e-03
4.824632707376182508e-03
3.668729407604322170e-03
7.510837539282912839e-03
4.825210881190628194e-03
2.539943091124762051e-03
1.351916521389915499e-03
4.826513288047880844e-03
-3.666018622060287883e-03
7.554316338348072805e-03
4.825490713617970259e-03
-2.468630393382689574e-03
1.358019724664651009e-03
4.826476995888988146e-03
-1.886626084717823006e-03
5.792167422559908914e-03
4.826216888014270984e-03
-3.888273781811136479e-03
4.186244054438004875e-03
4.825787124638337630e-03
-1.974241224821308548e-03
2.638259858244602993e-03
4.826748185889167403e-03
-2.199623818728771354e-03
7.142271572531241550e-03
4.826487720349687850e-03
4.093251326317558811e-04
2.754859307913683393e-03
4.825793205836819907e-03
5.079517972617890063e-04
7.232207716140037941e-03
4.824052148079997597e-03
3.818447993134532932e-03
8.817578838760484206e-03
4.825574520079615667e-03
-3.816474553770944720e-03
8.817739846293326869e-03
4.823945603284013513e-03
-3.817548460350200269e-03
1.183076236248437833e-03
4.824506896221579695e-03
3.817327681229096704e-03
1.183086283700024921e-03
3.418607309451753441e-03
-5.048407428239426106e-03
5.828502328312001879e-03
-3.509263025222469391e-03
-5.027575973760079787e-03
5.818807434901571846e-03
8.796331563343469427e-04
-5.047646914424218888e-03
1.460876810145341279e-03
8.952062355821211468e-04
-5.047977211298891077e-03
8.532330393857527617e-03
-2.576311167557972237e-03
-5.036847928077265758e-03
1.332737827784919674e-03
-2.556067423143723594e-03
-5.037035532409619466e-03
8.637027220409768807e-03
3.440990403343227848e-03
-5.048712083528313944e-03
2.482972243062426046e-03
3.417149566596448113e-03
-5.048397944789247312e-03
4.158182789390100879e-03
1.999295117571476751e-03
-5.048452106537841197e-03
4.998455776998931947e-03
1.878567261059454910e-03
-5.048341251681199779e-03
6.923979472730099234e-03
5.814169141440403768e-04
-5.047143269753306093e-03
5.841332599939496814e-03
5.535836729816708945e-04
-5.048460589301547070e-03
4.208218480057079706e-03
-8.113484325465406162e-04
-5.045332104081818279e-03
5.009152692492160192e-03
-8.353899501139235928e-04
-5.045217586375484037e-03
6.682111000513170362e-03
-8.475472997615358332e-04
-5.044982506858219397e-03
3.385364881005344280e-03
-2.200547074259836308e-03
-5.040533203819989351e-03
4.401720632717280937e-03
-8.613488775413562660e-04
-5.044179984912731431e-03
1.659514310241702508e-03
1.857154449456154552e-03
-5.047755668281281999e-03
3.062931481840879770e-03
-8.528375424582722644e-04
-5.043112952974686779e-03
8.347072988340713609e-03
2.396222526913235201e-03
-5.048473276132860003e-03
8.608445027664050897e-03
3.484820813737280268e-03
-5.048446304968189427e-03
7.511072608453490430e-03
-3.646078269550118416e-03
-5.022472125518228671e-03
7.536253307289473083e-03
2.386827175535320873e-03
-5.048153239377018743e-03
1.352683217402864948e-03
-3.704231562668457937e-03
-5.024046266663464641e-03
2.409891583860740080e-03
-1.888715614638725995e-03
-5.042900971728889528e-03
5.832811703095250669e-03
-3.663601429151041797e-03
-5.023996376632551726e-03
4.059470264999694850e-03
-2.206144600661231418e-03
-5.040608169734083800e-03
2.818080822433525080e-03
-2.212175375962749033e-03
-5.041319745573155132e-03
7.143311662076735728e-03
4.165776205522382365e-04
-5.047878552627601233e-03
7.231621555641184682e-03
3.162991327227505705e-04
-5.047802964353330368e-03
2.754275921280489869e-03
3.629191725999326556e-03
-5.048528680891574937e-03
8.817807019718496356e-03
3.626878693462650197e-03
-5.048823499758083901e-03
1.183498337879320718e-03
-3.793840759951736669e-03
-5.019757839479929706e-03
8.791387443846554461e-03
-3.804759592522887531e-03
-5.020647407273484512e-03
1.201570356602092151e-03
3.417073671885496097e-03
5.049439226909543423e-03
5.827821220817042992e-03
-3.506275430167792549e-03
5.022255743538483162e-03
5.818359487265315280e-03
8.797226745376793928e-04
5.047784872148012268e-03
1.459334552752444142e-03
8.917814566329382948e-04
5.048535268204853120e-03
8.531046219174633766e-03
-2.575311611092256925e-03
5.035470128029868181e-03
1.332074620522716475e-03
-2.558313400662014844e-03
5.036682908915070603e-03
8.634322407069119562e-03
3.441355134638343118e-03
5.048713970254864979e-03
2.482158008974677272e-03
3.415797232631362888e-03
5.048872889131229835e-03
4.157332142024849041e-03
1.998429897071595310e-03
5.049197560295412557e-03
4.997636278677381264e-03
1.876707194669779023e-03
5.049151247116139170e-03
6.923634029418876748e-03
5.800343261248076029e-04
5.047696279997650019e-03
5.840117714734585457e-03
5.544090947305768549e-04
5.049615279131012061e-03
4.206265755667446850e-03
-8.102536482236057970e-04
5.049374040258045732e-03
5.005306449096430348e-03
-8.374494722395353294e-04
5.045071612177046833e-03
6.679443052873269317e-03
-8.457085732687692889e-04
5.046827460085105688e-03
3.383663280428976343e-03
-2.200555157037934178e-03
5.041695775282043976e-03
4.398711613448223236e-03
-8.611808792672630752e-04
5.044438401315862533e-03
1.657959431544456935e-03
1.857661765733355230e-03
5.048863398086516664e-03
3.060980022407910200e-03
-8.543058691779674202e-04
5.043864930756779275e-03
8.346208268298387772e-03
2.393271150873156616e-03
5.048828794717653660e-03
8.607376011525526976e-03
3.483031186573099566e-03
5.049278703209316224e-03
7.510380836144446744e-03
-3.647043409244308566e-03
5.022282275641646102e-03
7.535495473591125211e-03
2.387168389292850836e-03
5.047748430781195776e-03
1.351197929049589158e-03
-3.701516265292118316e-03
5.023218355781003050e-03
2.411158206366983015e-03
-1.886102878755625952e-03
5.042611044378413933e-03
5.829857549208120743e-03
-3.663349733059783654e-03
5.018483265172906001e-03
4.056696604414088483e-03
-2.204239569820692132e-03
5.040622160500638632e-03
2.817224330500983469e-03
-2.211589796832226420e-03
5.041579474313807006e-03
7.140584547560728697e-03
4.133726870903042068e-04
5.046925320242885878e-03
7.230043309794209616e-03
3.173442451187559704e-04
5.048647235663325517e-03
2.752629251612381898e-03
3.626754607298843854e-03
5.049630315154965757e-03
8.816667450963454333e-03
3.627305783845440317e-03
5.048606415355171018e-03
1.182592817029757539e-03
-3.796513158028228582e-03
5.019736974519877458e-03
8.791882651292453124e-03
-3.803993107425537520e-03
5.019152585807772765e-03
1.200439050927618653e-03
7.034695957097125392e-04
3.357530117057431086e-03
-4.848209404784642950e-05
6.788222577174628626e-04
-3.445843759938651153e-03
-4.714087954082979529e-05
-3.579419499114347859e-03
8.217788017507863174e-04
-2.213060442839741166e-05
3.363633021197273525e-03
8.320418568632835044e-04
-4.835907521338323985e-05
-3.613696476118933350e-03
-2.444917282136365496e-03
-2.237777935925800332e-05
3.341009188613006543e-03
-2.399461466982647732e-03
-4.792052147314960293e-05
-2.587508725748113598e-03
3.593716411436611614e-03
-3.532082723371293394e-05
-3.580357408773383789e-03
-8.266758016658835471e-04
-2.503032854505326691e-05
-2.152919693757186781e-03
-1.789583100696767698e-06
-4.200778487353657847e-05
-2.017765462983918921e-03
1.929015853158530655e-03
-4.254306609053072857e-05
-7.335474917351644981e-04
8.395213240630525165e-04
-4.580029024165633336e-05
-7.347515218445002964e-04
-8.416780695879183278e-04
-4.706729454298509664e-05
6.528641643819975589e-04
-7.354852812004058362e-07
-4.758358470497909046e-05
6.826177669748583528e-04
1.682418132734513679e-03
-4.771239790404444378e-05
6.517535166701695715e-04
-1.652356184497621614e-03
-4.782032388260016204e-05
2.139121454531653539e-03
-8.201058345755360759e-04
-4.869129821047333564e-05
-7.678448414792019136e-04
-2.483005022656524161e-03
-4.454236495605907477e-05
3.459299321205212916e-03
2.577691614356104628e-03
-4.838444392752339968e-05
-1.045228868472577099e-03
3.534907074445346915e-03
-4.453779638394031752e-05
-2.166826574642559834e-03
-1.660426613291706051e-03
-4.117848138873019274e-05
-2.331215174459396779e-03
-3.483024926949784654e-03
-3.946003414602855259e-05
2.378911377265075996e-03
3.671723836228436323e-03
-4.831242159051291475e-05
2.360811543098572177e-03
-3.661248031309516805e-03
-4.730952102296232025e-05
-3.647710635882875623e-03
2.496316274216973507e-03
-2.362449057173252121e-05
1.756104490745402950e-03
7.912155054237716891e-04
-4.829733129859661091e-05
3.699416236959590914e-03
-8.141165432453156305e-04
-4.828469536105999276e-05
1.835172252465577022e-03
-2.396439019093556371e-03
-4.808754439319115284e-05
2.057525552064687086e-03
2.152493179060227697e-03
-4.854594355892206600e-05
-8.721946417310275481e-04
-3.908850038357074633e-03
-4.367346316653307421e-05
-5.474250072568381809e-04
2.239331732016615079e-03
-4.573472146493376758e-05
3.627976968648327551e-03
3.816555255361819485e-03
-4.864442455659963093e-05
-3.795348490841666828e-03
-3.795607158069128420e-03
-2.091342409352628571e-05
-3.793375862344751902e-03
3.792059301231947774e-03
-1.957455081952256783e-05
3.626650818912500671e-03
-3.816985633735121841e-03
-4.812713122870935172e-05
-3.581784620619820041e-03
8.245076589716139690e-04
1.002691438624230859e-02
7.026769808813282609e-04
3.358636913747320343e-03
1.004736966157756747e-02
6.808358486337576362e-04
-3.444249014899649578e-03
1.004696247962682046e-02
3.363484651804617576e-03
8.329926870776483121e-04
1.004933064608399748e-02
-3.613345786384935913e-03
-2.445190682176115373e-03
1.002562570103048521e-02
3.342068543497145848e-03
-2.398743204299912113e-03
1.004920312459740145e-02
-2.587817549055705050e-03
3.594333616186882671e-03
1.003473938090734124e-02
-3.583703590195243087e-03
-8.282722842891229644e-04
1.002694916278702199e-02
-2.156351375514726880e-03
-2.098861661101334024e-06
1.003801870443592030e-02
-2.020591663777689465e-03
1.928842402642159471e-03
1.003890880779365925e-02
-7.352686935135770456e-04
8.406634911982072828e-04
1.004791366861689308e-02
-7.338449102035050041e-04
-8.400356087401451410e-04
1.004778955278015813e-02
6.533472749315225123e-04
1.498072641127717393e-06
1.004855280373514841e-02
6.808943721358939622e-04
1.684229993446478271e-03
1.004702476360282495e-02
6.512228999067376902e-04
-1.650891312281963560e-03
1.004710136181653779e-02
2.139476679586894969e-03
-8.192166477413307312e-04
1.005066167612738912e-02
-7.671789529930656253e-04
-2.481390713485077861e-03
1.004432203726366574e-02
3.458989547546526336e-03
2.579021882427803922e-03
1.004926222706631345e-02
-1.047442134163735234e-03
3.534235540970945277e-03
1.003991258649416032e-02
-2.167342717317579954e-03
-1.658191143549431071e-03
1.003926991420821431e-02
-2.329387658714101965e-03
-3.480725064349123737e-03
1.003730568654012667e-02
2.378086855311579550e-03
3.673371998502331093e-03
1.004823920712722210e-02
2.363162948997812006e-03
-3.660632492436866493e-03
1.004920733979712023e-02
-3.648563843121018380e-03
2.498872758753260814e-03
1.002510362617659717e-02
1.756516894658550218e-03
7.927841263841453818e-04
1.004945873711622292e-02
3.699230041312075255e-03
-8.131116259807698657e-04
1.004926468582019276e-02
1.836166734473205532e-03
-2.395517657054938021e-03
1.004910635019081247e-02
2.057472031404805266e-03
2.154021521468852361e-03
1.004924249467383131e-02
-8.702140715340453024e-04
-3.907008494252094122e-03
1.004269168503204267e-02
-5.491293308054856319e-04
2.240682834128305406e-03
1.004514369609520175e-02
3.627011839563867510e-03
3.818018391375437547e-03
1.004885855756546507e-02
-3.794154206293104663e-03
-3.793845208154069618e-03
1.002096553150378343e-02
-3.792622397681342985e-03
3.793347076901085191e-03
1.001961505255001550e-02
3.628501599324026727e-03
-3.816462656997390585e-03
1.004934585193471147e-02
-3.523164672309898361e-03
-3.917634010642464040e-03
4.841511170523110988e-03
-7.488812915554696691e-05
-4.297339034443147265e-07
4.999654649033185780e-03
-1.805937946871217798e-03
-1.780392354282852186e-03
6.117388082593749193e-03
-2.536405115845195672e-03
-2.524418318813258406e-03
2.493276127260959582e-03
1.738642591645496146e-03
-1.830535272033715537e-03
3.120986781151416627e-03
1.733340926064287852e-03
-1.832739849892939775e-03
6.882077464211986892e-03
1.072179229520330837e-03
2.056424147137738464e-03
3.002703444187237568e-03
-1.618059707288205902e-03
2.075928209624260980e-03
6.597642031385146134e-03
1.482970258046301679e-03
1.572481228694581640e-03
7.093018458481941194e-03
-2.058883751017015571e-03
1.184037730843332881e-03
2.977318785390766810e-03
2.458254385368189177e-03
1.894267308132197806e-04
5.033261227720102135e-03
-3.888128102992549303e-04
-2.650737672811849435e-03
4.186673826670726795e-03
-2.313616003034157779e-04
-3.699879073435119632e-04
7.557818112337543782e-03
-4.237774114553416590e-04
-7.049740747265783626e-04
2.501427022203741527e-03
2.518263447331839291e-03
2.896133341124905837e-04
2.210513013151086444e-03
-2.628810963848583499e-03
4.270698559340131332e-05
7.585682308971571260e-03
-2.781886868219239466e-03
1.706920433789454669e-04
5.061405890727164493e-03
-2.849647055300797436e-04
-2.783097076351381816e-03
7.661463838538291188e-03
8.393479143156249735e-05
2.800488953259057476e-03
5.078824844451204287e-03
2.460052869313436238e-03
2.642859713821516226e-03
5.125762760443130193e-03
-2.873379815442983227e-03
-2.865514239406055305e-03
7.853287859396261214e-03
-2.966054455848601574e-03
-2.538346194911669188e-03
4.554320109293018802e-03
1.726089987609162406e-04
-2.938959671982239921e-03
2.056651077896264578e-03
-6.012114228051475154e-05
2.950437636118389498e-03
7.949342459048354750e-03
2.835528943060704101e-03
-1.975703495310426883e-03
5.002665808170563347e-03
-2.964567333770802213e-03
2.981694228583064814e-03
2.057914217259750218e-03
2.805447771148536062e-03
2.967633166445320970e-03
2.037415199118604303e-03
-2.762536334411995823e-03
2.731789869071171023e-03
4.631907455767360696e-03
2.787842229939519693e-03
-9.247141359827783518e-05
7.852465807700279368e-03
-7.927393755278272459e-04
2.789582230063117948e-03
2.110167492030437259e-03
2.846384852816868753e-03
3.010723149015927507e-03
7.960437218908947288e-03
-2.999818157936724912e-03
2.998313852672160155e-03
7.972333537636272158e-03
2.921669516665965222e-03
-3.077728342039585951e-03
8.071249872113257437e-03
-2.938643018757602140e-03
-4.837018529044208727e-04
1.981729738577501891e-03
1.202284490158173676e-03
-3.133975303164070018e-03
5.360730759182296204e-03
2.919721046776018510e-03
-3.077873128303662466e-03
1.913723931016705340e-03
-1.666528387637698002e-03
-1.121299251905958630e-03
4.014961034521664224e-03
1.091482818983021980e-03
-2.484601837568578843e-05
3.459701432910623070e-03
1.370960165286298543e-04
9.756213099628043136e-04
1.687887388515882338e-03
7.641057159175202026e-05
-1.688367672862178814e-03
5.956637755913749867e-03
-1.208444484597610445e-03
1.127928611266111342e-03
8.213107307136263344e-03
1.184603151971030596e-03
-8.637286235498297391e-04
1.589775496933750311e-03
3.082713686508879638e-03
1.468399811371008147e-03
3.679228047226193107e-03
-1.365878260708430813e-03
1.425700487018731347e-03
4.777301749372162704e-03
-1.634013477997153276e-03
-1.467706724591823653e-03
8.205293914288628102e-03
-8.718853954529037992e-04
-3.368588881277171515e-03
5.844914550766473760e-03
3.170758544291671279e-03
1.368008461119828937e-03
6.339574760807987520e-03
1.159633559304113198e-03
-1.269932356646902858e-04
6.373879004419461154e-03
-2.632415490030682627e-03
-3.401230263185720925e-03
6.127599648629480922e-03
-1.373013242797352070e-03
2.729167334817706012e-04
6.263594309112648605e-03
3.073695906558631535e-03
-7.378781607204025613e-04
3.600135972721274155e-03
1.102879193650040633e-03
3.375202497491860965e-03
6.545663819761443798e-03
1.107585513976206987e-03
1.335271986696816987e-03
4.689513565174540169e-03
-3.367509664612353300e-03
1.296770653957679282e-03
6.420953626092276191e-03
2.341262455995696701e-03
-3.432932973586429442e-03
3.909881281266436824e-03
-3.560635223147655664e-03
-3.457260685046486311e-03
3.346366070848129370e-03
-1.198805455259207339e-03
3.281562794797421474e-03
3.857372589748912870e-03
-3.365736043108238148e-03
-1.434406841957026934e-03
6.882367926188777060e-03
1.280207761138467360e-03
-2.644849015026942696e-03
8.388896780301939235e-03
6.612807766940638661e-04
8.418384709649342872e-04
8.479978596597673168e-03
1.137643118864804966e-03
-8.724621515480029434e-04
8.526086055985400772e-03
3.135256735127068487e-03
-1.300809360069529741e-03
1.603371920535129596e-03
2.777015394841908166e-03
-3.362318266873053595e-03
6.240494389745754843e-03
1.271546515071248591e-03
-1.253891409941687617e-03
4.740819612715393462e-03
1.507285885136910694e-06
1.367335072858565223e-03
6.161160766160597366e-03
-2.675673661930112225e-03
3.482281741092443320e-03
6.268559412468400517e-03
-3.363313845896926876e-03
-9.764904058608762623e-04
3.888923566592629010e-03
-2.987444128726668663e-04
1.042323715940339946e-03
3.416045259617353155e-03
