-5.007859511826189859e-03
-5.006352633483828266e-03
1.000610026761381520e-02
-5.009058477401562987e-03
-5.006915163602233994e-03
-6.921550625938633499e-06
-5.008651466985412394e-03
5.006148039318269322e-03
1.000695502439728074e-02
-5.008341482080673479e-03
5.005838035520362127e-03
-6.563094380799453672e-06
4.653091360708508893e-03
-5.095700402736786511e-03
1.009965252370243274e-02
4.648812167297762879e-03
-5.097917688210792594e-03
-9.724831228239003893e-05
4.648248340845147902e-03
5.100620757962700570e-03
1.009783079896750015e-02
4.650940621877524411e-03
5.097349186025081774e-03
-9.812181078450838388e-05
-5.013272451112414825e-03
-5.010513881238558981e-03
1.665581856716774091e-03
-5.007330598035741528e-03
-5.010543975738534356e-03
3.331507693866431804e-03
-5.014585568725618905e-03
-5.012228396390994330e-03
4.999900644840698898e-03
-5.013934487656180466e-03
-5.011521123332925154e-03
6.668055969994737299e-03
-5.011496934808750206e-03
-5.009547434797813684e-03
8.334694562681595892e-03
-5.011992466649044763e-03
-3.335766591384956188e-03
1.001001584036614878e-02
-5.017764265946538307e-03
-1.667668933754751660e-03
1.001312186926452477e-02
-5.016286203400395494e-03
8.211622053774743903e-07
1.001207792206506783e-02
-5.012580679707025894e-03
1.668665515410895335e-03
1.001064125422638888e-02
-5.011307553713440117e-03
3.335442985139558131e-03
1.000928146554990079e-02
-5.011750548511590894e-03
5.009319438332721607e-03
1.665634840393114728e-03
-5.013756779747212400e-03
5.010785098579522388e-03
3.332736358863599632e-03
-5.012154463659229502e-03
5.010707667529977136e-03
5.000516379497533213e-03
-5.012534326808066633e-03
5.010825831605295912e-03
6.666793919099409278e-03
-5.011645140609967582e-03
5.009324706254637133e-03
8.334358674491192109e-03
-5.011561350466662082e-03
-3.335984221261802454e-03
-9.601704779156628656e-06
-5.014686213073478102e-03
-1.666657096788459400e-03
-1.123817134422025022e-05
-5.015574374484942262e-03
1.784541974323006199e-07
-1.187650645705365588e-05
-5.012098064237170691e-03
1.668075049692464536e-03
-1.065204536430008054e-05
-5.011200297524925212e-03
3.334938998471002457e-03
-9.222427239622821017e-06
4.652330681610770090e-03
-5.098162994241087730e-03
1.601850364923472231e-03
4.655824829357505662e-03
-5.096545611887565858e-03
3.300086879019544905e-03
4.657752413684363053e-03
-5.095906344494008713e-03
5.000278760037612201e-03
4.657434789650130233e-03
-5.095778607356590828e-03
6.700834215687198267e-03
4.656315162587670170e-03
-5.095866489227980287e-03
8.399871259774607801e-03
4.654897182641126903e-03
-3.396685745800737122e-03
1.009841730684292276e-02
4.656587550115311169e-03
-1.697922810512296965e-03
1.009804711183257334e-02
4.655985993169537568e-03
2.428120712860199071e-06
1.009796399392220816e-02
4.655131904938573581e-03
1.702319754563693093e-03
1.009790126982235137e-02
4.652973723377385254e-03
3.401640967087786200e-03
1.009847240593848665e-02
4.652856549790020287e-03
5.097742526177020082e-03
1.600836322897081047e-03
4.654659271548404649e-03
5.097892930172943579e-03
3.300082787587534008e-03
4.654590873616464008e-03
5.098291195337389947e-03
4.999475136937636330e-03
4.654081276006138100e-03
5.098845592268345765e-03
6.700437463131782984e-03
4.652456638061874296e-03
5.100023949544863280e-03
8.399312362217897093e-03
4.651903115366265787e-03
-3.399042820176072146e-03
-9.668717050929347015e-05
4.655631097801745354e-03
-1.700837980557305239e-03
-9.643508285827469240e-05
4.656400043254987908e-03
5.127443349774334273e-07
-9.594209036948789108e-05
4.656060548141146248e-03
1.699800714723480712e-03
-9.594367872033008704e-05
4.654383327193566296e-03
3.398462060210672483e-03
-9.669639237384891747e-05
-3.396328673376715606e-03
-5.061006909990137768e-03
-5.047705114156533904e-05
-1.779388432001854014e-03
-5.079785514410485418e-03
-7.949341337739192041e-05
-1.668793404893889208e-04
-5.090302478588885210e-03
-8.872803011258887664e-05
1.442370164997240590e-03
-5.095333554493062210e-03
-9.348485328602716454e-05
3.045571183120508729e-03
-5.096337894514426335e-03
-9.528522055163230256e-05
-3.394505457747524265e-03
-5.057288427672529396e-03
1.005403355931012467e-02
-1.776717958094147344e-03
-5.074804064535156332e-03
1.008294972367053226e-02
-1.629619043033450566e-04
-5.087491173504532331e-03
1.008960320308653971e-02
1.446057514445491573e-03
-5.093612366138101574e-03
1.009679101456650331e-02
3.049597304358302695e-03
-5.095540012876745642e-03
1.009819823619458046e-02
-3.395804910903841602e-03
5.054331896281899841e-03
-5.116540887279087864e-05
-1.777641909785686401e-03
5.080656866119558253e-03
-8.167910032528567853e-05
-1.641442768893519610e-04
5.090639860595993875e-03
-9.201637776245304070e-05
1.444358375737945935e-03
5.094579976237000214e-03
-9.643193806635666076e-05
3.047680809577191837e-03
5.095390351650961810e-03
-9.748358636177798149e-05
-3.395135564543031760e-03
5.057392588683166414e-03
1.005071559289024904e-02
-1.778522770210651596e-03
5.081286552311115208e-03
1.007722506478291209e-02
-1.663878543651700192e-04
5.091017946238949807e-03
1.009107084078918193e-02
1.441540971269275346e-03
5.097314648271151528e-03
1.009418195201738921e-02
3.045304844903434088e-03
5.098697821159277853e-03
1.009566210074238496e-02
-5.010590909338961431e-03
-3.499862587180786917e-03
5.813374592637410125e-03
-5.001830242304951789e-03
9.950678743968508020e-04
8.504886952355210014e-03
-5.003685823687048159e-03
9.788875175903803943e-04
1.484752812377722808e-03
-5.011634556945261665e-03
3.571108798634408960e-03
5.821634508210384376e-03
-5.004629973582490690e-03
-2.540420041233208085e-03
1.350801665860570889e-03
-5.008038672518217577e-03
-2.525870742531810282e-03
8.618545247357209393e-03
-5.012771732993712669e-03
3.596950832297060065e-03
2.503550052872032926e-03
-5.005740494148360094e-03
3.570605136471847411e-03
4.167693741989068369e-03
-5.010110980304206645e-03
2.116163966173939363e-03
4.998183893793047179e-03
-5.013825710485360181e-03
1.992284219996849712e-03
6.904135033810292719e-03
-5.017630043692927234e-03
6.702481290151220692e-04
5.833978055718214845e-03
-5.005800535973339849e-03
6.405999449344788052e-04
4.216137310747246521e-03
-5.006647058537605673e-03
-7.493629656640581017e-04
5.007429052832391980e-03
-5.010549635802896001e-03
-7.743289409312962201e-04
6.668864916760936304e-03
-5.016053298700323508e-03
-7.861908285536086229e-04
3.399124655799357422e-03
-5.012925187060025996e-03
-2.164093336232104838e-03
4.402501434240030723e-03
-5.013920943816984471e-03
1.979075231024471533e-03
3.079318405219003910e-03
-5.014865169070285844e-03
-7.989120193686854044e-04
1.681146290454360983e-03
-5.004480394951528466e-03
-7.902658547759230673e-04
8.325013432544157641e-03
-5.012486052937091367e-03
2.522777093679768722e-03
8.579568126140380349e-03
-5.009580905571592128e-03
3.638218798573355367e-03
7.487745969294518425e-03
-5.011795573779818241e-03
2.515147919515038459e-03
1.379851855391676409e-03
-5.008437037440235072e-03
-3.638131650860001488e-03
7.530772353540647092e-03
-5.008270834521428953e-03
-3.688636816799525063e-03
2.416938129497058895e-03
-5.002942611915009788e-03
-1.847298365071668898e-03
5.822736667085528540e-03
-5.012645452911750239e-03
-3.654587311503614076e-03
4.058355217759856623e-03
-5.007310573906029530e-03
-2.167030139285768594e-03
2.834233453908260609e-03
-5.013964185422642612e-03
-2.175714223122044311e-03
7.128553935798598480e-03
-5.009857105757424892e-03
3.981189860932469191e-04
2.771141852706879467e-03
-5.007768627808502349e-03
5.048612340459464722e-04
7.208154736083087315e-03
-5.004604014818649950e-03
3.784189002048750361e-03
8.785632583306146257e-03
-5.005092652419362506e-03
-3.785979350316448673e-03
8.785777048906946024e-03
-5.004122895569979024e-03
3.784096175752296211e-03
1.215917835669376315e-03
-5.003966404133764097e-03
-3.793087217295918346e-03
1.208649135595271347e-03
4.657075851814946807e-03
1.012636481739729840e-03
8.567419412429127037e-03
4.657986247564332993e-03
9.977117797948791434e-04
1.426692063681807678e-03
4.659629542078308657e-03
-3.559260798051648491e-03
5.831646093950123948e-03
4.656353249685299574e-03
3.635697366954514318e-03
5.836602917055820801e-03
4.656947649872534081e-03
-3.555291929925841112e-03
2.577419874531812916e-03
4.658402436177517571e-03
-2.571020363084620345e-03
8.683870006786116591e-03
4.656339484161949038e-03
3.659809091399791360e-03
2.458509909428654560e-03
4.656192839903984873e-03
3.633726966095108743e-03
4.149899711584806132e-03
4.658415867361810798e-03
2.159048980648241647e-03
4.999193230088268616e-03
4.657028882152627544e-03
2.034432600869402058e-03
6.943405024803284142e-03
4.658451629858842251e-03
6.848108828078283564e-04
5.850525650363845760e-03
4.658936130892027926e-03
6.557529013882587446e-04
4.201228269070319404e-03
4.658559517985606281e-03
-7.620075626281060891e-04
5.009511812662741266e-03
4.658992508708002626e-03
-8.019314942657373643e-04
3.367442593425160578e-03
4.658520657044881372e-03
-7.871581564281355690e-04
6.700771400342316921e-03
4.659128751710029520e-03
-2.321755242575255021e-03
4.184001467354430022e-03
4.657153420810519057e-03
2.012592341413683462e-03
3.044444635590587422e-03
4.658389804903221958e-03
-8.027472123940085531e-04
8.382960198050680087e-03
4.655702910296486037e-03
2.573875717244678788e-03
8.644065358339026242e-03
4.659017674683583847e-03
-7.940234522678240323e-04
1.628042447035454128e-03
4.655235951167231538e-03
3.705339553047011167e-03
7.535667528322869194e-03
4.656490313229308918e-03
2.564816571252813860e-03
1.317082252659360466e-03
4.659075423616271770e-03
-3.700736899177454325e-03
7.579578982345077688e-03
4.657028924752215464e-03
-2.493197731717772692e-03
1.323253745542149647e-03
4.659190277429480984e-03
-1.904104031181012846e-03
5.800337627271892442e-03
4.658534258657610720e-03
-3.925261340725301473e-03
4.178538032825834803e-03
4.657752443182392940e-03
-1.993402209613295926e-03
2.615634285751000480e-03
4.659667964700165387e-03
-2.220040171569498573e-03
7.163508687419123215e-03
4.659272266341241489e-03
4.136659913152743520e-04
2.733871136072694042e-03
4.657789429432598709e-03
5.139277581163642422e-04
7.254379561131500675e-03
4.653959856176103152e-03
3.856801648351512214e-03
8.855091454933664355e-03
4.657043410488728545e-03
-3.852648106964846886e-03
8.855349949620842237e-03
4.653773260047591905e-03
-3.854926792272958015e-03
1.146356338883308635e-03
4.654993076010837880e-03
3.854531952898562156e-03
1.146473985870046690e-03
3.278149860494202969e-03
-5.096344147445028457e-03
5.836998706878187421e-03
-3.526422460056064835e-03
-5.054734226292997325e-03
5.822489249528566349e-03
7.840329752259024652e-04
-5.094746971087410828e-03
1.428162661459073893e-03
8.021437294324707586e-04
-5.095347218051689622e-03
8.566354274137558122e-03
-2.611085341978291140e-03
-5.073202537778600044e-03
1.309868449261884695e-03
-2.588684486646621388e-03
-5.073550397925847243e-03
8.661673640523431111e-03
3.297813828393478947e-03
-5.097013892251810695e-03
2.459129246150463730e-03
3.276227598902947680e-03
-5.096344584299328587e-03
4.150448879548792464e-03
1.886460270891929508e-03
-5.096407058591293122e-03
4.998956186190041395e-03
1.767832165858577087e-03
-5.096087971430454319e-03
6.942857570476620999e-03
4.956140187253456168e-04
-5.093733244156415166e-03
5.849616671576099609e-03
4.678989885641142064e-04
-5.096338031512240470e-03
4.201577208345236639e-03
-8.719360440185980332e-04
-5.090083276526121900e-03
5.010354392629240601e-03
-8.951262237109571971e-04
-5.089794594690420088e-03
6.697066187659186584e-03
-9.084021611682865016e-04
-5.089399771985152546e-03
3.371959645902679326e-03
-2.236299969680400831e-03
-5.080492952523911129e-03
4.399532120356427350e-03
-9.251215057557099844e-04
-5.087803128430077454e-03
1.631434604885547649e-03
1.744993300126129916e-03
-5.094991755515427233e-03
3.045083408462888157e-03
-9.150948909076648922e-04
-5.085628971596130830e-03
8.376790846263627160e-03
2.274351003671472391e-03
-5.096408340752643304e-03
8.643633826824559732e-03
3.342537402936460265e-03
-5.096429736489524291e-03
7.536073924712084586e-03
-3.661123033241390178e-03
-5.044668443956422388e-03
7.543326096215233201e-03
2.262554542279744500e-03
-5.095830195368870365e-03
1.318725472080141013e-03
-3.721357054818203152e-03
-5.047756197968594240e-03
2.401909921266735456e-03
-1.930505727729043804e-03
-5.085182929717851040e-03
5.840545072303074056e-03
-3.679137080191815720e-03
-5.047566218558199175e-03
4.058977419563110887e-03
-2.244531067242189377e-03
-5.080592694404763819e-03
2.804442244269113056e-03
-2.247712092320663067e-03
-5.081997637937069046e-03
7.159372507577559629e-03
3.336787510773244251e-04
-5.095165516484986314e-03
7.253054721286597388e-03
2.330772474034611800e-04
-5.095008558225489100e-03
2.733835326964837147e-03
3.483227229489206482e-03
-5.096598862151912289e-03
8.855446047582182442e-03
3.478575646997598102e-03
-5.097268324024505429e-03
1.147281281229193791e-03
-3.807665915409802222e-03
-5.039283182961905479e-03
8.802574603045629567e-03
-3.821412933453602334e-03
-5.041034460766062250e-03
1.191291289712364697e-03
3.275055397595024419e-03
5.098511825533157474e-03
5.835675573161625170e-03
-3.520558054172883648e-03
5.044151240863034569e-03
5.821634870951811550e-03
7.842933213385734062e-04
5.095098108467832100e-03
1.425039189736037768e-03
7.953128108985766439e-04
5.096585449674192678e-03
8.563813611075145327e-03
-2.609232813573717901e-03
5.070505596300327149e-03
1.308536833751312032e-03
-2.593180009005506461e-03
5.072901107755922560e-03
8.656255277603023754e-03
3.298567222717832537e-03
5.097069927240342746e-03
2.457546716436511368e-03
3.273504245626718615e-03
5.097373455810125416e-03
4.148784537890411878e-03
1.884710934816365754e-03
5.097959680828809993e-03
4.997358295831992939e-03
1.764058054732773858e-03
5.097825823784022173e-03
6.942201292638838783e-03
4.928223260049877270e-04
5.094875191526272717e-03
5.847176867620207386e-03
4.695311252090456338e-04
5.098744601532040864e-03
4.197645672269353749e-03
-8.698567230336478337e-04
5.098155896729237788e-03
5.002617066003114434e-03
-8.991356472993438081e-04
5.089599452036698210e-03
6.691742310451083767e-03
-9.048395145522607728e-04
5.093088391268230444e-03
3.368521781349356498e-03
-2.236463501580377659e-03
5.082711856721083138e-03
4.393502609778139091e-03
-9.247765375909447255e-04
5.088311709247916349e-03
1.628324314658475061e-03
1.746010084282817801e-03
5.097288737370413159e-03
3.041147525478949537e-03
-9.181092037668558883e-04
5.087225667101407875e-03
8.375051388017910881e-03
2.268421531175147336e-03
5.097240057375213365e-03
8.641526707360340509e-03
3.338884531889095564e-03
5.098198085280376476e-03
7.534685118258351195e-03
-3.663017029502610173e-03
5.044305540514435957e-03
7.541767464347422061e-03
2.263322751681580598e-03
5.095072525140444987e-03
1.315744226324757097e-03
-3.716094309495889501e-03
5.046201376517713867e-03
2.404502207541944769e-03
-1.925454643060633443e-03
5.084566019892398057e-03
5.834626502081138692e-03
-3.678618589883089676e-03
5.036757490979505529e-03
4.053464895088247123e-03
-2.240844628805270522e-03
5.080697798564024273e-03
2.802692308269708662e-03
-2.246619254299886317e-03
5.082587167855946546e-03
7.153924818674493522e-03
3.273350803597178450e-04
5.093394272231083382e-03
7.249919134511692217e-03
2.351608380994714333e-04
5.096809798871860912e-03
2.730503506963855020e-03
3.478280152380146956e-03
5.098927614362050442e-03
8.853151283516965189e-03
3.479523595854344155e-03
5.096889224273339764e-03
1.145503010967586837e-03
-3.812970787147194809e-03
5.039264548282197317e-03
8.803496326684331560e-03
-3.819954568464067890e-03
5.038140678070218877e-03
1.189123193683092180e-03
6.126939839461976144e-04
3.388750351151871738e-03
-9.643738069919354926e-05
5.863148919481239729e-04
-3.478287786420064965e-03
-9.373624120231491481e-05
-3.594782564778288732e-03
8.235611435185834087e-04
-4.401212941409833899e-05
3.223210132537168530e-03
8.400774945525253971e-04
-9.629264981118911600e-05
-3.633190196851691749e-03
-2.453574493764975554e-03
-4.455973729359398705e-05
3.199790631836973466e-03
-2.422753916207004941e-03
-9.540831178757933474e-05
-2.619591805937714676e-03
3.617097285413654623e-03
-7.012962552837632198e-05
-3.596721330391389367e-03
-8.282504539724207379e-04
-4.970292489852221030e-05
-2.189142883577342193e-03
-2.549600928137217741e-06
-8.338850108303253817e-05
-2.056718940973748053e-03
1.942815649941204452e-03
-8.446505084181598526e-05
-7.953499920264306107e-04
8.459906946108577876e-04
-9.102025857033465108e-05
-7.977207150656588381e-04
-8.501942635122379348e-04
-9.349120358236174654e-05
5.645623718357490467e-04
-1.431266417936028162e-06
-9.460594826822996367e-05
5.940540768131126210e-04
1.697706707119546726e-03
-9.488335730429385139e-05
5.632761776261020108e-04
-1.668488429301804047e-03
-9.506897673820411624e-05
2.023202117722912134e-03
-8.280949503889131064e-04
-9.688769655835176547e-05
-8.319684529668572607e-04
-2.504652797418598174e-03
-8.853155370426789804e-05
3.316539822826188120e-03
2.602241685356759121e-03
-9.632292852140387910e-05
-1.105000675411769561e-03
3.565432641168322751e-03
-8.850512537464769625e-05
-2.205881646399403869e-03
-1.672619817941558423e-03
-8.176853475859026756e-05
-2.370701960863816696e-03
-3.507600565556752079e-03
-7.835366527525026721e-05
2.255839812403054485e-03
3.706152007437422090e-03
-9.613124921689284157e-05
2.236521586399388244e-03
-3.696160438345741199e-03
-9.413313499633500780e-05
-3.661492825207584689e-03
2.505493325779142074e-03
-4.695824086328455831e-05
1.646901191869815919e-03
7.983957572632060552e-04
-9.609939898905375333e-05
3.552985479499220969e-03
-8.221871479157028461e-04
-9.613755167107610822e-05
1.722974050631121421e-03
-2.419635811989547056e-03
-9.567211184812639746e-05
1.941940129824588869e-03
2.172833825938499767e-03
-9.661487997795607005e-05
-9.378152208443237773e-04
-3.942215797613425610e-03
-8.675509648043691277e-05
-6.139610377386644060e-04
2.258455017224533790e-03
-9.090932558345606268e-05
3.480902762776458444e-03
3.852879455780434254e-03
-9.684352947220085917e-05
-3.810674061109629515e-03
-3.810901442130833466e-03
-4.161374369430635625e-05
-3.806821488767452022e-03
3.803938818900481043e-03
-3.892643769517894223e-05
3.478125959771733756e-03
-3.853705761252283236e-03
-9.585679407156614954e-05
-3.599451363148131831e-03
8.288649513398391655e-04
1.005356820896139217e-02
6.109603685066428624e-04
3.390929672856793278e-03
1.009428425145042670e-02
5.903008468069770613e-04
-3.475111197469369761e-03
1.009346521303514620e-02
3.222764202808656511e-03
8.419858763468338145e-04
1.009831098011915694e-02
-3.632548404762471136e-03
-2.454171134463960149e-03
1.005102256033592149e-02
3.201861378500204126e-03
-2.421249578755885982e-03
1.009805600265240369e-02
-2.620208258564815564e-03
3.618342415882289630e-03
1.006909342000244373e-02
-3.603195224547513838e-03
-8.315040565213858243e-04
1.005365771485424581e-02
-2.195852179854621954e-03
-3.211962207798488783e-06
1.007559078972690252e-02
-2.062330360211786853e-03
1.942477589707933489e-03
1.007733241245747230e-02
-7.988425941976108396e-04
8.482322588907134251e-04
1.009520695763589833e-02
-7.960317731262908474e-04
-8.469718450877814029e-04
1.009496929929476310e-02
5.653952593090231507e-04
2.991200783794416351e-06
1.009658474565242395e-02
5.905514305117331737e-04
1.701278978611307519e-03
1.009356446957811702e-02
5.621942995064418015e-04
-1.665610936119378506e-03
1.009371240785774705e-02
2.023793545135105752e-03
-8.263386116636857676e-04
1.010088298484899776e-02
-8.307223876091452937e-04
-2.501505044915040658e-03
1.008812107663368575e-02
3.315755832134454750e-03
2.604913290802722981e-03
1.009819161212431246e-02
-1.109395188164119918e-03
3.564123861758116459e-03
1.007938321826594257e-02
-2.206887881004343088e-03
-1.668253024685749722e-03
1.007807816723662632e-02
-2.367134690028846467e-03
-3.503083213006413874e-03
1.007413877901924132e-02
2.254021250540232373e-03
3.709435971553503523e-03
1.009607752024695507e-02
2.241189588952721429e-03
-3.694885769241897360e-03
1.009800810006742169e-02
-3.663214509183886167e-03
2.510525754109759443e-03
1.004993056384669362e-02
1.647572639564497642e-03
8.015083528569449814e-04
1.009850287583895570e-02
3.552528176561459139e-03
-8.201064274200963030e-04
1.009819408176761656e-02
1.724913303874244571e-03
-2.417770645447969886e-03
1.009779471214767091e-02
1.941680770618470827e-03
2.175875783313700653e-03
1.009808755392528797e-02
-9.338946594046599985e-04
-3.938593849575866036e-03
1.008488228412412341e-02
-6.174291038421497908e-04
2.261126583339581088e-03
1.008975442929073082e-02
3.478795017485623430e-03
3.855812142151764012e-03
1.009742017184885737e-02
-3.808361700346735157e-03
-3.807417026301889492e-03
1.004170720746301246e-02
-3.805352008889374173e-03
3.806494111131780104e-03
1.003904434629558119e-02
3.481835721234844382e-03
-3.852585910185258276e-03
1.009838328913474984e-02
-3.540924712239535560e-03
-3.934917972332975869e-03
4.843960790352072436e-03
-1.460006380677039499e-04
-8.227574590344102213e-07
4.999309527301451159e-03
-1.842648911427482430e-03
-1.792574409094663214e-03
6.127609183024728193e-03
-2.564966514114825052e-03
-2.541485794367549615e-03
2.475859264242396152e-03
1.632213417908662300e-03
-1.847905028790545849e-03
3.103124898233527561e-03
1.627573390417241285e-03
-1.850295357034183316e-03
6.901037243654285606e-03
9.788323893635967124e-04
2.075687157416612402e-03
2.983572161613906593e-03
-1.657880060213949092e-03
2.086661291786372045e-03
6.609130531796614944e-03
1.380678378090189565e-03
1.587860196977463603e-03
7.112933926148379445e-03
-2.092592176950841890e-03
1.192952497036468135e-03
2.962928782603339861e-03
2.337180206159438813e-03
1.918513433837414886e-04
5.034544096547320657e-03
-4.533507263299064722e-04
-2.676142618945102913e-03
4.179491649911439358e-03
-2.974946347112199241e-04
-3.729061448132516650e-04
7.584344343386933279e-03
-4.863298335173692460e-04
-7.117993339401557399e-04
2.477172614643701094e-03
2.397088848838547972e-03
2.922198225147997343e-04
2.184256014972808888e-03
-2.657717476898589174e-03
4.339253012453535491e-05
7.602045452957822275e-03
-2.798459020582767798e-03
1.714046967188695284e-04
5.061806050655174791e-03
-3.517707569864864082e-04
-2.808834844207068037e-03
7.685696914128354283e-03
1.052810025467102831e-05
2.827671828784040445e-03
5.079646516721382857e-03
2.338651619239813691e-03
2.668528782252157019e-03
5.127576064063073431e-03
-2.897194974649221211e-03
-2.881703833948424855e-03
7.869288656585041869e-03
-2.985574934447049640e-03
-2.553374753565244241e-03
4.553612508294947216e-03
9.379361448297320015e-05
-2.966559562531779527e-03
2.029627434275947228e-03
-1.339047852508646686e-04
2.977577440439442211e-03
7.976444786633620290e-03
2.707895048641656768e-03
-1.994241215988224597e-03
5.003361662633625494e-03
-2.986618096845194970e-03
2.997137406449787867e-03
2.043128686223401845e-03
2.676527715692463786e-03
2.996087252754230448e-03
2.009071845981398943e-03
-2.782526452425381457e-03
2.745273500142657655e-03
4.629828831224447674e-03
2.660374880357884754e-03
-9.288782078844494883e-05
7.880767362320623484e-03
-8.516208567990986647e-04
2.813899294959691568e-03
2.083634665634253452e-03
2.716337758697317303e-03
3.040263609945481355e-03
7.989720762264241813e-03
-3.023061984517157099e-03
3.014331133348249411e-03
7.984436333945221440e-03
2.791949851901977513e-03
-3.107171164541495598e-03
8.101324310785858879e-03
-2.958810630646045020e-03
-4.853438016493429952e-04
1.964754921889764593e-03
1.107060988088558228e-03
-3.163635487731323356e-03
5.364468990575112228e-03
2.788068868640409918e-03
-3.107513147766795877e-03
1.884693145114911192e-03
-1.705727967278226898e-03
-1.130410044439479102e-03
4.007039859795713359e-03
9.985418935937961059e-04
-2.466501720607099842e-05
3.445537237693337054e-03
6.180955454501433689e-05
9.841856187420316201e-04
1.657127865419122425e-03
3.539822365128386582e-06
-1.703540121732849844e-03
5.966187112542011700e-03
-1.259387562970211297e-03
1.135751939286702835e-03
8.242818602706871237e-03
1.089604274091974254e-03
-8.723327157312304363e-04
1.556882053700953507e-03
2.949499644658419920e-03
1.482733671182355321e-03
3.667567790470365428e-03
-1.422525793812818868e-03
1.434217198638920851e-03
4.776676401230198037e-03
-1.677749778975129056e-03
-1.478223269159169425e-03
8.231253655808469169e-03
-9.279156448246069812e-04
-3.397785143341922921e-03
5.852766387339808363e-03
3.035579741204255579e-03
1.381950394466476039e-03
6.353124109359224725e-03
1.064847806753078463e-03
-1.279493738843658546e-04
6.387670592928927984e-03
-2.658181863780809812e-03
-3.424028878892810927e-03
6.136019327474631115e-03
-1.416571907972953483e-03
2.767723035978737279e-04
6.275989640901694609e-03
2.941435342502375476e-03
-7.446901902628409644e-04
3.587382524907349862e-03
1.008028323605324184e-03
3.408087373991482063e-03
6.561247068834514563e-03
1.011911108471237955e-03
1.348437503378712267e-03
4.687078430877302491e-03
-3.382699480455597478e-03
1.303430554089414495e-03
6.422850835129681468e-03
2.222814267395449572e-03
-3.465562180278334951e-03
3.899869668167943535e-03
-3.573999888271400457e-03
-3.472261756144305513e-03
3.343796415369783281e-03
-1.247063356996001198e-03
3.310812797350389056e-03
3.846857298360355053e-03
-3.382930441431764978e-03
-1.441658456721482207e-03
6.890552090287088011e-03
1.182712421666044355e-03
-2.670386931244699696e-03
8.421537295268963566e-03
5.754431688591905457e-04
8.506072580705428777e-04
8.513657300040512396e-03
1.043513855667374665e-03
-8.808069807907524702e-04
8.561848384053077909e-03
3.001409024139411411e-03
-1.313537053499367734e-03
1.571001002604326298e-03
2.650672855385869092e-03
-3.394321187926045875e-03
6.252965874574325372e-03
1.174806035545702693e-03
-1.265655005688796518e-03
4.738655305252219806e-03
-7.220043094136278786e-05
1.379527126441728365e-03
6.170252840707229729e-03
-2.696888178705215706e-03
3.503180859639546882e-03
6.274001521591668698e-03
-3.377315353183153821e-03
-9.808491228425009287e-04
3.882903202970022349e-03
-3.659097444013172085e-04
1.051614122806490215e-03
3.402305739664527977e-03
