-5.002965528351665213e-03
-5.004381592620431481e-03
1.000348359922965773e-02
-5.003252534651114747e-03
-5.004666955014861092e-03
-3.806635492400191837e-06
-5.054267162264623921e-03
4.817384158689866878e-03
1.005063011308424126e-02
-5.056816604216239977e-03
4.817153001242407452e-03
-4.893659912415369053e-05
5.002930415023414991e-03
-5.004175306658900126e-03
1.000349221692115390e-02
5.002894020547263461e-03
-5.003798054417842901e-03
-2.991256080392942376e-06
5.044529135530544106e-03
4.824935395797179567e-03
1.004964293191426029e-02
5.042661893321389449e-03
4.827094380902156694e-03
-4.865454824594464013e-05
-5.005386701787599077e-03
-5.006444306830185910e-03
1.666560673447442867e-03
-5.004552661203607276e-03
-5.003904170502875698e-03
3.332317436384076015e-03
-5.005452539351974185e-03
-5.006659675731547215e-03
5.000403215415555672e-03
-5.005778107921835321e-03
-5.006841184706557930e-03
6.666700026141897037e-03
-5.005384089179797102e-03
-5.006638884165703213e-03
8.334031677344245354e-03
-5.026791704199988324e-03
-3.366088088658035059e-03
1.002696635923087422e-02
-5.041137964954978991e-03
-1.725442870773830420e-03
1.004139310807002430e-02
-5.047860174122697531e-03
-8.643333265715407853e-05
1.005021984341637406e-02
-5.051251347744516867e-03
1.550390776124883994e-03
1.005162268028501719e-02
-5.052556805063186836e-03
3.183787447098582538e-03
1.005116030484482469e-02
-5.057611344974529029e-03
4.817033478811624109e-03
1.634672602054663493e-03
-5.056436526136083576e-03
4.813582749148882095e-03
3.319391485829155646e-03
-5.054996936429335952e-03
4.811691014471175011e-03
5.000269718541189984e-03
-5.054989899925825883e-03
4.815368460378782398e-03
6.683315526876665129e-03
-5.054641653087030111e-03
4.817443456178367028e-03
8.366746519293196543e-03
-5.028467746143032782e-03
-3.367019715969950169e-03
-2.717538389887653481e-05
-5.043439604720747690e-03
-1.726123458467227270e-03
-4.264309680284934459e-05
-5.049148345329537366e-03
-8.750255467451629565e-05
-4.787362219367350270e-05
-5.053181333400851537e-03
1.549348575526269525e-03
-4.981407627924499973e-05
-5.054857438175336566e-03
3.183076905851667943e-03
-4.971570515431255320e-05
5.004907496716471185e-03
-5.005692157773396732e-03
1.665874801586928475e-03
5.005617313665987680e-03
-5.006880284391590150e-03
3.333046588694086633e-03
5.005729575268506870e-03
-5.007505103930172397e-03
5.000043347510830898e-03
5.005365350111140935e-03
-5.006133313020393744e-03
6.666349731987573218e-03
5.005253739523835704e-03
-5.006501614002952655e-03
8.334008092890084901e-03
5.027672807279704413e-03
-3.362925514947552163e-03
1.002659639318268479e-02
5.039125399021906863e-03
-1.722616239792668959e-03
1.003836283335095975e-02
5.044187590557212830e-03
-8.236993015774050051e-05
1.004290343432541650e-02
5.046335146694603396e-03
1.555823471200609796e-03
1.004688080801108968e-02
5.045855573457174240e-03
3.190500795821379042e-03
1.004837213247808045e-02
5.042251801006298814e-03
4.828453116467373851e-03
1.633619797540598884e-03
5.042426049192606612e-03
4.829574725783682826e-03
3.315901804408087020e-03
5.042564787878012211e-03
4.829657256565220678e-03
5.000143062878286207e-03
5.043363482225229726e-03
4.829167837060622734e-03
6.683942347149193081e-03
5.044002640412920298e-03
4.827070539496062553e-03
8.366210078583060858e-03
5.027943115260639570e-03
-3.359889355626973200e-03
-2.465497026597848090e-05
5.041627275459182288e-03
-1.715950840012112760e-03
-3.918808048828613242e-05
5.043382882550516075e-03
-7.992513929279082096e-05
-4.411170450262296507e-05
5.044563035214143405e-03
1.557794950231076482e-03
-4.766368842486064331e-05
5.044066174781515477e-03
3.192207073439408925e-03
-4.852007158109054527e-05
-3.333891858948439570e-03
-5.005363664213219668e-03
-4.612722080040284413e-06
-1.667464818833718073e-03
-5.007410483676355377e-03
-5.778659928263894545e-06
-1.204520764508937848e-06
-5.007169487626227274e-03
-5.275947629830691610e-06
1.668389785928689473e-03
-5.006837509756068179e-03
-6.328996608110670220e-06
3.334163710933470311e-03
-5.005443708170201345e-03
-4.576104865906721109e-06
-3.333882618043138620e-03
-5.005540143688142277e-03
1.000492793264038185e-02
-1.667235839300290493e-03
-5.006945766302912243e-03
1.000556915715705708e-02
-9.778604525957899465e-07
-5.008007404987908744e-03
1.000590314990958303e-02
1.667787247715122071e-03
-5.007172522979881461e-03
1.000627179787683292e-02
3.334508520606230351e-03
-5.005531764695183607e-03
1.000475902132925456e-02
-3.373724365417715872e-03
4.819780132933178425e-03
-4.803367012569311487e-05
-1.691946019649528694e-03
4.822648574702542192e-03
-4.821074749879397653e-05
-7.545730666020772304e-06
4.824623299574682007e-03
-4.832522462234053264e-05
1.676649373950149817e-03
4.826017617451976854e-03
-4.831917184638614320e-05
3.359201551910408028e-03
4.826274572893500189e-03
-4.887375895591253213e-05
-3.371505846717185416e-03
4.820162913447002297e-03
1.004983434226869136e-02
-1.689054247216637081e-03
4.821920930492839402e-03
1.005027633568729949e-02
-5.311484761731778000e-06
4.823052734193553591e-03
1.004937828608581593e-02
1.678812805685022400e-03
4.824902601395944166e-03
1.004974479683218638e-02
3.361917017395408321e-03
4.825465412087008750e-03
1.004999795572755934e-02
-5.027409450328717937e-03
-3.508049717831449293e-03
5.817603290937387213e-03
-5.051897989203345610e-03
8.886456434335119562e-04
8.535594652376186572e-03
-5.052959906930028569e-03
8.744899242107965391e-04
1.458176706148850378e-03
-5.056329985132607466e-03
3.405540979161942369e-03
5.828779309515859201e-03
-5.037426031896467468e-03
-2.578222574099755388e-03
1.330835507941735161e-03
-5.035085709040145081e-03
-2.559790922086527948e-03
8.635588328053476342e-03
-5.055548729669292855e-03
3.434185813465715116e-03
2.482371148477997402e-03
-5.053256549619142626e-03
3.402471212927975393e-03
4.158727823099337903e-03
-5.059846898238276949e-03
1.987443597553884174e-03
4.998988756345358088e-03
-5.056756690001575766e-03
1.871156211769717985e-03
6.927933242402787781e-03
-5.054710263914837486e-03
5.741587771959795168e-04
5.842955412794618303e-03
-5.056495970380012715e-03
5.480906777265266922e-04
4.205247195333793042e-03
-5.045893389560138567e-03
-8.128374075844612551e-04
5.007940736188247303e-03
-5.047621714969764348e-03
-8.407529206424315966e-04
6.683594709823142271e-03
-5.049000604755330551e-03
-8.500871879084549851e-04
3.383543425776249034e-03
-5.041125644513971306e-03
-2.201640662137215650e-03
4.401914257671898402e-03
-5.055411603182350527e-03
1.850719304119565704e-03
3.060123083678994386e-03
-5.047668569270325270e-03
-8.665813943804615048e-04
1.656390790195955533e-03
-5.045463511849720625e-03
-8.556522585002778640e-04
8.349471122936418660e-03
-5.052033921730061244e-03
2.389668317803769586e-03
8.611061952594411054e-03
-5.053909147107005055e-03
3.476841478130305359e-03
7.511135444682419740e-03
-5.054045829463845764e-03
2.381688322990621956e-03
1.350268661448101974e-03
-5.023486730521057458e-03
-3.650385239108278231e-03
7.538308920782643349e-03
-5.024022243764077883e-03
-3.703407396007823028e-03
2.410039289801616837e-03
-5.037107148495929831e-03
-1.889933254168910852e-03
5.831898867219925502e-03
-5.025715464340272005e-03
-3.665748864959199240e-03
4.058807687368392453e-03
-5.040145439502318435e-03
-2.207306834900092229e-03
2.818826771804234643e-03
-5.039590624017926783e-03
-2.214694305566226526e-03
7.143530894592740529e-03
-5.053267611901586867e-03
3.111784345109730541e-04
2.750889272832921038e-03
-5.052018442345637683e-03
4.088917759433018930e-04
7.234265660196771523e-03
-5.054204208363984561e-03
3.622128374729271984e-03
8.818627346955475524e-03
-5.018633651484923942e-03
-3.797407823328332634e-03
8.793256038132446148e-03
-5.056287943479067896e-03
3.621433844400850314e-03
1.182363469227394213e-03
-5.020534203451190031e-03
-3.805961786870498079e-03
1.199140151491538079e-03
5.046068080112464313e-03
8.947138979744854569e-04
8.530610027036924017e-03
5.044935479100808896e-03
8.827068430449546213e-04
1.460326199972460754e-03
5.023947845720228185e-03
-3.506893856600276898e-03
5.815868952731967183e-03
5.045465271316245358e-03
3.422202129902850252e-03
5.828130962125240531e-03
5.024442195922807983e-03
-3.504377249244707698e-03
2.613861933774479056e-03
5.033799193988096679e-03
-2.558462951727237880e-03
8.634980232366378308e-03
5.044632730592710744e-03
3.446154898879586967e-03
2.482001446371803408e-03
5.045555685842154081e-03
3.421381877562804791e-03
4.157347193270007242e-03
5.045571938250637337e-03
2.002765696812236051e-03
4.997961382774185161e-03
5.046662381354234152e-03
1.880942668349277211e-03
6.923788660020609512e-03
5.045385679944515075e-03
5.834709914179561901e-04
5.841666516465508947e-03
5.046000827911120007e-03
5.571663480765256084e-04
4.207419549294668347e-03
5.043571011115432524e-03
-8.086707434191630836e-04
5.008046483008904079e-03
5.044116773497227604e-03
-8.460253384861277223e-04
3.385422343523475635e-03
5.043352130017670319e-03
-8.362107795174434244e-04
6.681866581381049053e-03
5.037713625866870569e-03
-2.312935912951835996e-03
4.193245665368691526e-03
5.045702173431475777e-03
1.861713603514585612e-03
3.061476561202978661e-03
5.041659553717616447e-03
-8.548390418997761078e-04
8.345009662835989675e-03
5.045435732269499401e-03
2.396806409367985714e-03
8.607598045159694719e-03
5.040949526200736060e-03
-8.416013115087954107e-04
1.664866625017784362e-03
5.045312967856681666e-03
3.487329966747617239e-03
7.510577774427472722e-03
5.044282745681730531e-03
2.390815229331071188e-03
1.351688372901340210e-03
5.020537249913930092e-03
-3.649794811452415719e-03
7.537650383559779330e-03
5.034656142078977256e-03
-2.476627134871799835e-03
1.369299721695744652e-03
5.039262102166071691e-03
-1.909952950080772869e-03
5.788546534190145559e-03
5.020615932057996729e-03
-3.865778501990305496e-03
4.191565735087411475e-03
5.037368620907109115e-03
-1.994657784049234765e-03
2.645390322716583125e-03
5.037318430883475431e-03
-2.218104614362849478e-03
7.134832787801370819e-03
5.045691841751802527e-03
3.230848331442712500e-04
2.754979319383490857e-03
5.045133562889169559e-03
4.163707915859462595e-04
7.230665121160425278e-03
5.045675014467422385e-03
3.630654133402807116e-03
8.817208403469195543e-03
5.017675122582930004e-03
-3.797015855526587446e-03
8.793037469216833865e-03
5.018634040068434797e-03
-3.794288140467976488e-03
1.207728004086837566e-03
5.044110921700216237e-03
3.631741948075105798e-03
1.182666514286717348e-03
3.566880985265367260e-03
-5.006103113283329360e-03
5.820278167058922161e-03
-3.494542504943019476e-03
-5.006487947269506328e-03
5.815572735606153870e-03
9.794157761751094010e-04
-5.003210168315294117e-03
1.489733048838556926e-03
9.900314853419954833e-04
-5.005064058515855396e-03
8.501429375248814244e-03
-2.541834059080312885e-03
-5.004667939706840957e-03
1.353848974075206072e-03
-2.523446984151194068e-03
-5.005313687714365439e-03
8.615645393948713829e-03
3.592135665085796539e-03
-5.003293540869565952e-03
2.506595813418486130e-03
3.566448745984122405e-03
-5.002976310440114711e-03
4.166548924967584250e-03
2.117493491242224656e-03
-5.006860657234962764e-03
4.997682114903787692e-03
1.994285236218864936e-03
-5.005622012088516322e-03
6.903802285002627950e-03
6.690048106112129805e-04
-5.007052490702636194e-03
5.833574157369145717e-03
6.425616720875774752e-04
-5.002462555846211995e-03
4.217011385119183615e-03
-7.497803580626244933e-04
-5.005810180132218463e-03
5.010162738609212282e-03
-7.750297578774549079e-04
-5.006615268809698309e-03
6.665810527587121004e-03
-7.860354767744924228e-04
-5.003644581071514490e-03
3.398117260008990011e-03
-2.166176554848577799e-03
-5.001328865580465140e-03
4.405501154791767113e-03
-7.966581835001074717e-04
-5.004192488127203776e-03
1.683128254662530961e-03
1.974653538581967044e-03
-5.007236181277004670e-03
3.081024475471934310e-03
-7.895303947488786431e-04
-5.004316414980623622e-03
8.321964639524911597e-03
2.523959435951482044e-03
-5.004379851512097584e-03
8.576642223729684725e-03
3.634886472073058095e-03
-5.003315033543827804e-03
7.485572077434658744e-03
-3.633589572461417682e-03
-5.002797251012235970e-03
7.527732117639087360e-03
2.515357251335489062e-03
-5.006267537930855251e-03
1.383779083114450780e-03
-3.688115164187895974e-03
-5.004776120037443370e-03
2.416511519766982152e-03
-1.846436409857890159e-03
-5.005317513396290337e-03
5.824688218908110997e-03
-3.649442275852761344e-03
-5.004709613152804118e-03
4.060226861338498035e-03
-2.169213091167982582e-03
-5.009464359237150374e-03
2.832425976773775105e-03
-2.176156190853100088e-03
-5.004403353365459439e-03
7.126009571393101226e-03
5.005844895704330113e-04
-5.002703857653981526e-03
7.208238248127622240e-03
4.025182700058704561e-04
-5.006224642921917184e-03
2.774400470353526309e-03
3.782180090268691397e-03
-5.001882573235573622e-03
8.782609830845678964e-03
3.781982028366444315e-03
-5.002773082500353193e-03
1.217619826244201392e-03
-3.781785022639625165e-03
-5.001609192671936308e-03
8.781919081732789817e-03
-3.790724940408219702e-03
-5.001472495998642194e-03
1.210821322602483301e-03
3.593206645871940830e-03
4.828640662993538037e-03
5.828999627603543426e-03
-3.533240240398087713e-03
4.811802023535688595e-03
5.824059540617215411e-03
9.801450110835756551e-04
4.826426525106291762e-03
1.459720624391632002e-03
9.956145742965249665e-04
4.825327265261060428e-03
8.533731386098652311e-03
-2.574530524132872741e-03
4.821533610455870991e-03
1.321031744432362614e-03
-2.553572840554773835e-03
4.821387790437012613e-03
8.648669337963455286e-03
3.617594491767452299e-03
4.828346181678291188e-03
2.482127352516696160e-03
3.592179291302658242e-03
4.829388517956388280e-03
4.157685425938987579e-03
2.129640500589372390e-03
4.825901962981569981e-03
4.999142663225623548e-03
2.006983140718569553e-03
4.827147350561490809e-03
6.925133218468986808e-03
6.693694494188969077e-04
4.823710232700724292e-03
5.841952513529002390e-03
6.400037465749236184e-04
4.822053267836636306e-03
4.208917282497183152e-03
-7.649981495939375212e-04
4.819415458926095547e-03
5.008587451542030437e-03
-7.883669510317189598e-04
4.819733389582401585e-03
6.683465139457544883e-03
-8.010931425129187928e-04
4.818054873547462230e-03
3.385243771597372386e-03
-2.193823149162326715e-03
4.814421115906776516e-03
4.400044632141065712e-03
-8.119557507275176412e-04
4.824525137920919991e-03
1.655533165854923593e-03
1.985496525138380052e-03
4.827239910623449572e-03
3.062612977498810774e-03
-8.030794509900817052e-04
4.823779476844214549e-03
8.350739434435729830e-03
2.542033897805807095e-03
4.826499157562368254e-03
8.609487217934544412e-03
3.662431896021115223e-03
4.828127060058206438e-03
7.511363928745126012e-03
-3.672635421198232591e-03
4.817187442468655149e-03
7.554345860459395212e-03
2.532747502206739425e-03
4.827015923189012687e-03
1.351601241232112645e-03
-3.731905651120431648e-03
4.818944563353696510e-03
2.393713368976882038e-03
-1.871291746066221793e-03
4.816886934008932954e-03
5.834169750422403197e-03
-3.690854931087816579e-03
4.811912703805429521e-03
4.052097969667540003e-03
-2.196370300487261382e-03
4.817052077680386048e-03
2.812827833229739061e-03
-2.203731958245334650e-03
4.817512503102644103e-03
7.147764687951895131e-03
5.004980856656315348e-04
4.823956903247282428e-03
7.232772248738337378e-03
3.972826148133305584e-04
4.823337330943008698e-03
2.754084062981248648e-03
3.812747219231170989e-03
4.826751661226943643e-03
8.818151139485124607e-03
3.810495120892541752e-03
4.827633769553909757e-03
1.182387811712648507e-03
-3.823102550426240274e-03
4.818811482274840824e-03
8.817996421908266824e-03
-3.834071270640299761e-03
4.819208896100234986e-03
1.175467302020932270e-03
8.002534485074984036e-04
3.185060540109902090e-03
-5.001253973095458587e-05
7.776819087257616416e-04
-3.434574106421743080e-03
-2.554600391819848766e-05
-3.602442022995693861e-03
7.214901529845613041e-04
-5.027039205517048521e-05
3.540148599372988213e-03
7.307439435786330408e-04
-4.730458305411830504e-05
-3.620743868846281865e-03
-2.473903776834308638e-03
-3.999944236531710763e-05
3.512458503348600200e-03
-2.409916434149685614e-03
-3.759048693790589482e-05
-2.586163555169036874e-03
3.419136812503954445e-03
-4.926133015496115831e-05
-3.598382268478848324e-03
-8.931805692017317925e-04
-4.809579782743826268e-05
-2.138683560603403706e-03
-8.098791277656292693e-05
-5.012772742165803424e-05
-2.002039902328451269e-03
1.797983063043538015e-03
-5.104650119415018636e-05
-6.789685518932835236e-04
7.402804194143288493e-04
-4.929896955914062306e-05
-6.767817659896378183e-04
-8.937753975426693297e-04
-4.613638946073591197e-05
7.495251124154909961e-04
-7.576445580379977541e-05
-4.866002956746558032e-05
7.786206247887870547e-04
1.559178187229972668e-03
-4.902599168231739897e-05
7.487667179871558337e-04
-1.682915099380559009e-03
-4.017585745225150229e-05
2.276488919999361538e-03
-8.739272351060338537e-04
-4.484922118493771265e-05
-7.054820361762749806e-04
-2.493623952915046283e-03
-3.757369871079077779e-05
3.638396885333260167e-03
2.427277075518630665e-03
-4.836250543415835523e-05
-9.995316170706852483e-04
3.357740426302386304e-03
-4.985182963313774320e-05
-2.144476639321414579e-03
-1.696627965642839592e-03
-4.480348814793231818e-05
-2.301291598068579483e-03
-3.474536923109313238e-03
-2.700204234766228614e-05
2.525754301062695020e-03
3.490381185904127461e-03
-4.918673459008777364e-05
2.500039838587577758e-03
-3.640815157450699550e-03
-2.483902207412776384e-05
-3.674941144708939855e-03
2.355710965655045952e-03
-4.975149166521168219e-05
1.884769515895707561e-03
6.922511696039694963e-04
-4.769215664038314260e-05
3.882871019443933855e-03
-8.699390175502338561e-04
-4.179753966410635762e-05
1.964732549065447472e-03
-2.407520111467291793e-03
-3.793815861856478380e-05
2.195423080121305156e-03
2.014372782360368715e-03
-4.860044403143344360e-05
-8.094322943179839500e-04
-3.887504792038665082e-03
-2.087957196109192361e-05
-4.881508876774469223e-04
2.100330804515082236e-03
-5.076695231436762406e-05
3.812175048447664829e-03
3.630579153655533273e-03
-4.929577276572512975e-05
-3.791991035900776040e-03
-3.794633635615327245e-03
-1.968383835156594782e-05
-3.823767167338805190e-03
3.623369999726734538e-03
-4.967682460960173553e-05
3.793601343876141282e-03
-3.792719711712976699e-03
-2.034217184320708628e-05
-3.600816063256468379e-03
7.222992092665307846e-04
1.005251216471383241e-02
8.019093103291035154e-04
3.183371724250436911e-03
1.005110888075927411e-02
7.771182743427227290e-04
-3.434577255369553484e-03
1.002658351417057454e-02
3.541641483329616667e-03
7.299775279407811875e-04
1.004703896400106072e-02
-3.619487480681793205e-03
-2.472039046098040843e-03
1.003849248651194313e-02
3.509232251377429005e-03
-2.410169226957691990e-03
1.003773376376868899e-02
-2.584140273858301015e-03
3.419541006652095441e-03
1.005103648859257889e-02
-3.596771190744477414e-03
-8.922063343254000353e-04
1.004616852144723724e-02
-2.137133632015049065e-03
-8.085736412844782772e-05
1.005075421448489714e-02
-1.999693465911604739e-03
1.797933968919097989e-03
1.005418258800733905e-02
-6.764655561434582262e-04
7.379710966101560993e-04
1.005250284352868055e-02
-6.752558275657684480e-04
-8.949490657953097653e-04
1.004920774279687880e-02
7.513987917591237768e-04
-7.730410256231973849e-05
1.004938100475629391e-02
7.800468610520669465e-04
1.558264125467070937e-03
1.005117429156286886e-02
7.483926353743086809e-04
-1.683454702586374956e-03
1.004135744128257894e-02
2.277976473280087996e-03
-8.738612462215503921e-04
1.004280675531621717e-02
-7.071698893264678331e-04
-2.494054294008281585e-03
1.003760314515766625e-02
3.640147201467450622e-03
2.426073579632760571e-03
1.004840610167424299e-02
-9.975746903160530050e-04
3.356349503303880568e-03
1.005177782627106504e-02
-2.144358010574889343e-03
-1.694723718406800821e-03
1.004496997764673001e-02
-2.299678078874156217e-03
-3.473009080458030855e-03
1.002754738269802381e-02
2.527459207394437690e-03
3.489618641154450598e-03
1.004994969438847106e-02
2.496832548000723837e-03
-3.642212802291723214e-03
1.002287860410494037e-02
-3.672367185978552603e-03
2.356101997941209471e-03
1.005139100836631091e-02
1.885929163619668326e-03
6.925652025200507720e-04
1.004867671726667432e-02
3.883642146665411236e-03
-8.715784115025618662e-04
1.004179799838523200e-02
1.961792454135042902e-03
-2.408026246143419626e-03
1.003767057831854610e-02
2.197199765231681780e-03
2.014052158264160574e-03
1.004989371825928089e-02
-8.080253973629435236e-04
-3.887750172499945898e-03
1.002323756681466026e-02
-4.861988071897696377e-04
2.098558281287986760e-03
1.005347493213632100e-02
3.813755266718715526e-03
3.629109752446189278e-03
1.004933362707850948e-02
-3.790608061571592007e-03
-3.793664534603782661e-03
1.002075389417734358e-02
-3.821423097883179000e-03
3.623639910221467322e-03
1.005088775949737265e-02
3.792746968411574073e-03
-3.791931727449415496e-03
1.002250604076605420e-02
-3.519608950439553473e-03
-3.911629482244081274e-03
4.841382514846398998e-03
-2.049570702482705502e-06
-6.787078863363495758e-05
4.998847018629454589e-03
-1.782584811967956881e-03
-1.798628231080843295e-03
6.115229874451483250e-03
-2.523206202912539695e-03
-2.534624761799982549e-03
2.495210383257532357e-03
1.860659990565459053e-03
-1.850654742071420993e-03
3.126085943618303088e-03
1.855882669279008187e-03
-1.853246882098950974e-03
6.874726752497878519e-03
1.178473795742280856e-03
1.926180370622150584e-03
3.001080603096440563e-03
-1.595009273811518261e-03
1.941252200431395738e-03
6.605076381442456269e-03
1.603565128922370331e-03
1.454882864228222413e-03
7.094285701262237169e-03
-2.047360107493078479e-03
1.075567845066016659e-03
2.968021059822830224e-03
2.609082383793039864e-03
1.135907916739998223e-04
5.032920654093420675e-03
-3.258390930559819962e-04
-2.648542608047727009e-03
4.188325139777724672e-03
-1.652974449205798840e-04
-4.309337612256785633e-04
7.555902424392445423e-03
-3.631261715659941242e-04
-7.560517960030151184e-04
2.502084834682232525e-03
2.667154635859864467e-03
2.079231268789298560e-04
2.210742544951151394e-03
-2.624213927755129905e-03
-3.277696835447323301e-05
7.596719745652222300e-03
-2.794297207272844561e-03
9.739840051698079183e-05
5.061513957584317519e-03
-2.182938914861042490e-04
-2.780984612768706236e-03
7.652552450578214462e-03
1.571571237353288947e-04
2.639909702119955671e-03
5.080047966858142021e-03
2.609654040992952836e-03
2.495201888139966795e-03
5.124825075784098134e-03
-2.862400578521766270e-03
-2.873673626243193786e-03
7.852282169551959637e-03
-2.962670326278997891e-03
-2.549367085590328961e-03
4.551722380652396989e-03
2.537997005907322110e-04
-2.935715478286562898e-03
2.067714251419523232e-03
1.253353836544302415e-05
2.790615680399678201e-03
7.953947995868033277e-03
2.989821421174313886e-03
-1.992135958125515038e-03
4.999799437121745134e-03
-2.976922953914634684e-03
2.828535154621422947e-03
2.042451601721259006e-03
2.964768549607201334e-03
2.808455087947324836e-03
2.036446006038995608e-03
-2.773091231022172410e-03
2.574931275580681026e-03
4.631896619881822885e-03
2.946386916544974522e-03
-1.641509571312865323e-04
7.849946005081870695e-03
-7.437837030619477751e-04
2.635166265192963493e-03
2.106645390952928756e-03
3.007843942756559513e-03
2.849225551296077300e-03
7.960836997311602006e-03
-3.008969103042786336e-03
2.842990372753752010e-03
7.992174460449492229e-03
3.069000560252469964e-03
-3.068896165896272191e-03
8.057752216663686615e-03
-2.947758202473415180e-03
-5.514842149970482481e-04
1.967565013418401919e-03
1.306157369121511199e-03
-3.120950222864910494e-03
5.358461347531067419e-03
3.070112347248223940e-03
-3.068883150304165062e-03
1.926811389398484873e-03
-1.640739808049378494e-03
-1.157038416358550491e-03
4.014316342770656021e-03
1.198714790454256766e-03
-9.372302126301273691e-05
3.459074067988211331e-03
2.150756056332944202e-04
8.757574882771274006e-04
1.685313501174325046e-03
1.515479658922002921e-04
-1.709060292026606332e-03
5.953805050212984326e-03
-1.168677204722881136e-03
1.022715671840485150e-03
8.220037248983106185e-03
1.291901137678240150e-03
-9.122521551686910537e-04
1.592830207212118281e-03
3.250931170758832728e-03
1.354508351060955624e-03
3.677635566859857943e-03
-1.324483248103791849e-03
1.306359060147640116e-03
4.777337143783989479e-03
-1.600893825601999243e-03
-1.502177528818654821e-03
8.207462748775018122e-03
-8.191550553540262805e-04
-3.349494768307592196e-03
5.840452640614462836e-03
3.342413437658979178e-03
1.256613501771189009e-03
6.339598473077012568e-03
1.270137853435304156e-03
-1.939132701704483622e-04
6.373238414240398747e-03
-2.617850797156011898e-03
-3.391983046103734870e-03
6.124186414942697602e-03
-1.342126488387316609e-03
2.008371024469299152e-04
6.262915073293850998e-03
3.239460099396453303e-03
-7.885814489257234224e-04
3.600691298072992551e-03
1.208800685504628431e-03
3.202015297872679977e-03
6.546971749962171745e-03
1.219128303085628738e-03
1.225770129761507253e-03
4.688865967253231029e-03
-3.392250077401063723e-03
1.185369809833454339e-03
6.436866890102236130e-03
2.473106698598179394e-03
-3.416736919123978828e-03
3.915016766771618750e-03
-3.564891002497841497e-03
-3.455353259833246916e-03
3.344794183717501174e-03
-1.165880433591850139e-03
3.103603381077951230e-03
3.857681022841874183e-03
-3.375467154801233948e-03
-1.473946381600840187e-03
6.891190197856594986e-03
1.387001525489955705e-03
-2.649269642769115814e-03
8.376430737501333254e-03
7.565903642265518238e-04
7.438206073237189474e-04
8.481786272901442603e-03
1.243858468740522338e-03
-9.214049759189432221e-04
8.520171075857310011e-03
3.297850138701484066e-03
-1.340663538883515686e-03
1.609058767334564611e-03
2.919204178608063131e-03
-3.346766241019511791e-03
6.233622299667277399e-03
1.382560781565386103e-03
-1.286082929790611715e-03
4.740248307407550661e-03
7.870007384240778996e-05
1.254709081296123815e-03
6.165779585952517981e-03
-2.684099135941247962e-03
3.305795163306871759e-03
6.276695834878230455e-03
-3.380774122136183130e-03
-1.025878387974793818e-03
3.883946853318150181e-03
-2.333665162366744357e-04
9.404197203591303745e-04
3.412368502230395985e-03
