1.513881723423530930e+05
1.504412928446185251e+05
1.518192692400387023e+05
1.459104532078152988e+05
1.467080866982326843e+05
1.571636751467426657e+05
1.505562611114225292e+05
1.506536516717555351e+05
1.483209759894458693e+05
1.496650074242815026e+05
1.509963581601359765e+05
1.490126012829164974e+05
1.445931656970547047e+05
1.552159962625441258e+05
1.511733236494657758e+05
1.497761013321378850e+05
1.543063532983992191e+05
1.529195676308980037e+05
1.475597482850393862e+05
1.550214153717845911e+05
1.514411168081244978e+05
1.474763566720492963e+05
1.407504274693163461e+05
1.426421823877491988e+05
1.487968965983518283e+05
1.494878761608163477e+05
1.482679961673215730e+05
1.419055315505830222e+05
1.480766496753961837e+05
1.000000000000000000e+03
1.409700469305932347e+05
1.523210898204138502e+05
1.465753526700570947e+05
1.462762215627067781e+05
1.458160368834844558e+05
1.489046681324938254e+05
1.469777670450766163e+05
1.535385086503005878e+05
1.420286309114304604e+05
1.484153522944893630e+05
1.456645060545909510e+05
1.467946110914270976e+05
1.544088915290039149e+05
1.527046523996462347e+05
1.555880563976414269e+05
1.528950106110605702e+05
1.417345710018110694e+05
1.422905290392792958e+05
1.554495358711194131e+05
1.480762557366460096e+05
1.539011231236448803e+05
1.542504904137402191e+05
1.458668236681496783e+05
1.495699693849377800e+05
1.448232735887309827e+05
1.550284547871174000e+05
1.599526951331471791e+05
1.509696002157829935e+05
1.584845531717105478e+05
1.616213835792468162e+05
1.509399101646285853e+05
1.484540187663802644e+05
1.000000000000000000e+03
1.461254318471113220e+05
1.534575442940360808e+05
1.464862873655998847e+05
1.504734227092507645e+05
1.457716385353517835e+05
1.572572862210769963e+05
1.396355603628949320e+05
1.347997980049825273e+05
1.498721816883383726e+05
1.533510323241855658e+05
1.717508487224480778e+05
1.472511180594873440e+05
1.502986462795461703e+05
1.451563013497130596e+05
1.425720292329969525e+05
1.541764417949450144e+05
1.620279786085375817e+05
1.493955868378177111e+05
1.383952773518645845e+05
1.409200169608866272e+05
1.535156818776144937e+05
1.466767801381186582e+05
1.618801747049463738e+05
1.497271152487169602e+05
1.510232142489326070e+05
1.600286211410751857e+05
1.502047252614431491e+05
1.489667158660983841e+05
1.552431312039687473e+05
1.512403392257222440e+05
1.520651438754526607e+05
1.508404861128827906e+05
1.536720355008492770e+05
1.579641138320506434e+05
1.646333688243711367e+05
1.486625747352705512e+05
1.454020261820119049e+05
1.455478264053344610e+05
1.480410442346986965e+05
1.587580028018721496e+05
1.386245656573888264e+05
1.512843220946842048e+05
1.487742803501122107e+05
1.524833701283101982e+05
1.473399704899677308e+05
1.497123646825957403e+05
1.536416548396818689e+05
1.486260269462159777e+05
1.521436233143368445e+05
1.443413588751131028e+05
1.504746273682114552e+05
1.463972089208519610e+05
1.498359785518409626e+05
1.552045337834958336e+05
1.390057140957949450e+05
1.441760320750922256e+05
1.469403733825496747e+05
1.496530841786641395e+05
1.481990672535033664e+05
1.600742848108030157e+05
1.492596237643942295e+05
1.502891121053150273e+05
1.508919620621206705e+05
1.494153776900281664e+05
1.515883271327814145e+05
1.464400621293989534e+05
1.505133419519242307e+05
1.549973740161088353e+05
1.467825171139897429e+05
1.474832072855974257e+05
1.381107688300124137e+05
1.470810876699115324e+05
1.476834460133649991e+05
1.541335233111994457e+05
1.530162227403468569e+05
1.629146265808746393e+05
1.478591576921432570e+05
1.265639245096671657e+05
1.358227281705132336e+05
1.598011201952675474e+05
1.553120219546073931e+05
1.479709581803001638e+05
1.387440421939977095e+05
1.456956919282519666e+05
1.331298542244322307e+05
1.515468627068020869e+05
1.528329979086500825e+05
1.458102054225876927e+05
1.466804429244576022e+05
1.473061377966550936e+05
1.504357848738855973e+05
1.476601706725078111e+05
1.434446205345871567e+05
1.428518594531684066e+05
1.629941018784876214e+05
1.523732799159132410e+05
1.499735888530885568e+05
1.534583704119423055e+05
1.473571101745592314e+05
1.518046452861710568e+05
1.489415798964448331e+05
1.488995387302153686e+05
1.381938119153505540e+05
1.523088892584353453e+05
1.538784694308991893e+05
1.533054650710675051e+05
1.516149485459255811e+05
1.467163111690257501e+05
1.483233713572213601e+05
1.323509598207545641e+05
1.560236480372218939e+05
1.508893801690944529e+05
1.628265834324584866e+05
1.518545048223271733e+05
1.469370547481289832e+05
1.523466579078287177e+05
1.503484055124182778e+05
1.418981888672524074e+05
1.520077478717943886e+05
1.496485538543106231e+05
1.587316667599652428e+05
1.432394947267560055e+05
1.476586430123206810e+05
1.507118152739163779e+05
1.446246507186171948e+05
1.476850833456703695e+05
1.398985149706850643e+05
1.454910497661816771e+05
1.496240938000383612e+05
1.519458462718880328e+05
1.480441462666845182e+05
1.486264933076424932e+05
1.476667018333554443e+05
1.465397925691267010e+05
1.448685107136282313e+05
1.460076939868044865e+05
1.622147278434199980e+05
1.508335043970843253e+05
1.463671004896874365e+05
1.683218501284935046e+05
1.437956442154297256e+05
1.547105569487949542e+05
1.540265464969159511e+05
1.484575911115808703e+05
1.469687995832285378e+05
1.467159813321912079e+05
1.498052328309224104e+05
1.423453792110711802e+05
1.438644178272198187e+05
1.477198653723605967e+05
1.496842879898637766e+05
1.599424315948353324e+05
1.479732113365119731e+05
1.536657659984667553e+05
1.393915892010540701e+05
1.498774200636124006e+05
1.511143160676432017e+05
1.486458454628647305e+05
1.562946342268973531e+05
1.472813485611061624e+05
1.499592101348317228e+05
1.570044718290918390e+05
1.429595458131173509e+05
1.581778117150413163e+05
1.593174759091630985e+05
1.570914646968568559e+05
1.704161319905989221e+05
1.512765519840377965e+05
1.473598077440072666e+05
1.443670919630454446e+05
1.517034419402206549e+05
1.498947620632993639e+05
1.500520256539396651e+05
1.626304965836236079e+05
1.440161772961874958e+05
1.332271095401588245e+05
1.437994319638586603e+05
1.404051362587233889e+05
1.480160042763498495e+05
1.438575736052616267e+05
1.466140518593604211e+05
1.617637226024273841e+05
1.451674318349959503e+05
1.622608092161173990e+05
1.460941048209288274e+05
1.470371013245540671e+05
1.328118697354347678e+05
1.451385401861397841e+05
1.440804355927900469e+05
1.435782091678742145e+05
1.530882480470292503e+05
1.485400320788230165e+05
1.522028197909243172e+05
1.453682766937982524e+05
1.443321375093304960e+05
1.491029692682661698e+05
1.518314660459482402e+05
1.486155189556699479e+05
1.438372348926882551e+05
1.490311213028616912e+05
1.402535557312597812e+05
1.508083501204025524e+05
1.521759802148868912e+05
1.543824446902453201e+05
1.507939386492620106e+05
1.574703740345783881e+05
1.482994935197525192e+05
1.402802870472020004e+05
1.588605923554757028e+05
1.577575663888934068e+05
1.466935097000566602e+05
1.518786945029707858e+05
1.433427045370979176e+05
1.481122722327415540e+05
1.576320973679047602e+05
1.606115817833064066e+05
1.448425698926552723e+05
1.462793643698899541e+05
1.422080599348372780e+05
1.696093732034790155e+05
1.528910194550432498e+05
1.430753871069680026e+05
1.502932242173781269e+05
1.437457043169388489e+05
1.397981196361723996e+05
1.387191111124223680e+05
1.588794086313645821e+05
1.628468918328269501e+05
1.460325963478191115e+05
1.618683731827421580e+05
1.519679345794424007e+05
1.505056246298785263e+05
1.491990881981693092e+05
1.459574754240885959e+05
1.504118081278586178e+05
1.588177462664402556e+05
1.504169425500269281e+05
1.492103415476747032e+05
1.554843232845245220e+05
1.630518855275487585e+05
1.455427107393195329e+05
1.471724255192327546e+05
1.557471109282874677e+05
1.516138391371970938e+05
1.589136814286814188e+05
1.470062031097219733e+05
1.460822880521842453e+05
1.426088307431896974e+05
1.505345295906863757e+05
1.588373388255532773e+05
1.488188238936696434e+05
1.569879353068172932e+05
1.721171236213655793e+05
1.486347438580907765e+05
1.482700367837192025e+05
1.553600802365004783e+05
1.513322653572121635e+05
1.482038335253459227e+05
1.360189926036292454e+05
1.583861741660000116e+05
1.000000000000000000e+03
1.438332952224712644e+05
1.465844242274732969e+05
1.597936962752991822e+05
1.443309640950639441e+05
1.413844740912871493e+05
1.556238006799320283e+05
1.531023214587282855e+05
1.471397931616933784e+05
1.610057253476646729e+05
1.456358849363141053e+05
1.719836081339802186e+05
1.556673353493688046e+05
1.512912923564928642e+05
1.542131993575209635e+05
1.459774793239130813e+05
1.465727370251562679e+05
1.585026406797802774e+05
1.536911045244425477e+05
1.532941172842270462e+05
1.500372452697688714e+05
1.526258826617603481e+05
1.422140216775155568e+05
1.336367148016086721e+05
1.547595445784413314e+05
1.494506262283898832e+05
1.483154368682979548e+05
1.573614244132545427e+05
1.536149282196362910e+05
1.491660601750561618e+05
1.478100236112114799e+05
1.522268537488139118e+05
1.584663373204114614e+05
1.447145631525072968e+05
1.458883528328124376e+05
1.305020028127115802e+05
1.482352972510897671e+05
1.548022851050966419e+05
1.609576208225695882e+05
1.440918864552025043e+05
1.506016991239602503e+05
1.512846113327341154e+05
1.541235321471181524e+05
1.544694306859428179e+05
1.405402415329224023e+05
1.524661412505473709e+05
1.462549078398632992e+05
1.525856298951164063e+05
1.452780171807274746e+05
1.723816749687603442e+05
1.610731075997633161e+05
1.509570619652292517e+05
1.512328466140223900e+05
1.506852389714137244e+05
1.370438497857982293e+05
1.649923291037839663e+05
1.324128750078562880e+05
1.639240512015765999e+05
1.607773396164448932e+05
1.474654491840885312e+05
1.704371562050669454e+05
1.520926278197887586e+05
1.538678134712304454e+05
1.668828812843335618e+05
1.398571335783324612e+05
1.236924781580273120e+05
1.552912447471043561e+05
1.397623556777846243e+05
1.463803715838370845e+05
1.443904429309725820e+05
1.618724347180797195e+05
1.501653350804137008e+05
1.559164766981556313e+05
1.600414026894425624e+05
1.359453012326788739e+05
1.508044934192867950e+05
1.508816104230083001e+05
1.515720361022102297e+05
1.512603920514314959e+05
1.513302970683901804e+05
1.493806694216548349e+05
1.534867696602505748e+05
1.517964022840758262e+05
1.417564901846882422e+05
5.225729851824015896e+03
1.547312970815035515e+05
1.438310393379580637e+05
1.604553794845433731e+05
1.542914602937759191e+05
1.500016403171649727e+05
1.368236231879899278e+05
1.418868481360640726e+05
1.513840003616013855e+05
5.621596479540805376e+03
1.427432626901556796e+05
1.446474919220154989e+05
1.588069140472618456e+05
1.644360423009578080e+05
1.521804835927317326e+05
1.560303074075849727e+05
1.691411381625815702e+05
1.534461150716967823e+05
1.000000000000000000e+03
1.567086339953470742e+05
1.500273658487173961e+05
1.516670973456936772e+05
1.519396507534506964e+05
1.485686951959727739e+05
1.516855030461180140e+05
1.546824642765607277e+05
1.450746738157285436e+05
1.631854451088990609e+05
1.478129149313248636e+05
1.000000000000000000e+03
1.563516038721629884e+05
1.386043331526838883e+05
1.432043539153212914e+05
1.524937539311389846e+05
1.498251265448559134e+05
1.463500827569685061e+05
1.513657125043994456e+05
1.508949385533850873e+05
1.398432742616768810e+05
1.408748873246870935e+05
1.547026008052545949e+05
1.537164993593012623e+05
1.462488935628672480e+05
1.505029442691260483e+05
1.634537860727431544e+05
1.649523873082988139e+05
1.450791860776224057e+05
1.549385843395548291e+05
1.550125000441783632e+05
1.482470122670797864e+05
1.462355650239546958e+05
5.816641911223571697e+03
1.540599802536484785e+05
1.541733681702624890e+05
1.448477236945274344e+05
1.492616310666182544e+05
1.419593867934596492e+05
1.574277378681435366e+05
1.702064579100288684e+05
1.605514404763387283e+05
1.471683615359111864e+05
1.513921199683598243e+05
1.591795134343941754e+05
1.581108908044127747e+05
1.402999594182400033e+05
1.475501495464227628e+05
1.449359972614218132e+05
1.391692711384870636e+05
1.511645247271577246e+05
1.393507250714350666e+05
1.459611569717100938e+05
1.458822988501306099e+05
1.701741601549087500e+05
1.436344589351205796e+05
1.543529132646826911e+05
1.450640135098687606e+05
1.410606553021258151e+05
1.515607005084609846e+05
1.529655842355748755e+05
1.558417769966443593e+05
1.513596490334246482e+05
1.608015959876407869e+05
1.530354160698727064e+05
1.463898026611245878e+05
1.449369652814534784e+05
1.598512704716458102e+05
1.527147661380958743e+05
1.479589644888941839e+05
1.314945687654862122e+05
1.485887471333459835e+05
1.498959894323776534e+05
1.714757112818757305e+05
1.511401689142355171e+05
1.527281398262298317e+05
1.564202321119268890e+05
1.594429140405255894e+05
1.463776782708416285e+05
1.419077359764516295e+05
1.623431588763891195e+05
1.000000000000000000e+03
1.565840815464812040e+05
1.507906574218777241e+05
1.482940235363859683e+05
1.277566504811800260e+05
1.620066711207886401e+05
1.456222689322157530e+05
1.517541593661945662e+05
1.507304121832425008e+05
1.578891888235544902e+05
1.416208723388561630e+05
1.536357049975317204e+05
1.498060734430449374e+05
1.550918945003779372e+05
1.509124147097373789e+05
1.448686830884952506e+05
1.551000358173971763e+05
1.430229022529675858e+05
1.433310436262867297e+05
1.474809608262394322e+05
1.466320733683400613e+05
1.349913269054817210e+05
1.499612043214672885e+05
1.533079702404896088e+05
1.344525575181576714e+05
1.462717803033505916e+05
1.503623758645211929e+05
1.505303669363476220e+05
1.249948322198881215e+05
1.242959895028358296e+05
1.640500383847481862e+05
1.438472480564625585e+05
1.493296806814140873e+05
1.517314816133690474e+05
1.479568358342565480e+05
1.478347391355276341e+05
1.472743687074883783e+05
1.558253204644615471e+05
1.552278270604483259e+05
1.495161221299248864e+05
1.508002998781973438e+05
1.597480187269120652e+05
1.502071620557773276e+05
1.482797246662469697e+05
1.453519653937327093e+05
1.498822484018746763e+05
1.476512218260160298e+05
1.516410429740549007e+05
1.565640493133934797e+05
1.487329577970264363e+05
1.581103930853502243e+05
1.498294398413524323e+05
1.503229241723889427e+05
1.491195210177189729e+05
1.668013315474170086e+05
1.466217526976567169e+05
1.485067341427413921e+05
1.435914561632642872e+05
1.497998760845978686e+05
1.621680014366852993e+05
1.439601723080661031e+05
1.582879566329419904e+05
1.388804923346220748e+05
1.406612679757674923e+05
1.440394269186857564e+05
1.501768985976175463e+05
1.493210569087257027e+05
1.490568340529994748e+05
1.523515809586475661e+05
1.476261084959927539e+05
1.468456439895477088e+05
1.503049789942092902e+05
1.570082085743629141e+05
1.520137128370403952e+05
1.000000000000000000e+03
1.576455646828857134e+05
1.443422711326748831e+05
1.639858956276672543e+05
1.414397547815245634e+05
1.511649806690122350e+05
1.480794271069951938e+05
1.707791949791460647e+05
1.615922739799808769e+05
1.355905004025561793e+05
1.446545475000799343e+05
1.485621572384521714e+05
1.556854827131376660e+05
1.436037632076888403e+05
1.273769070826743118e+05
1.614742518414958904e+05
1.491201131673442433e+05
1.649808632335267612e+05
1.453042860136685777e+05
1.728740520590347005e+05
1.491248839816744148e+05
1.633839252487026097e+05
1.495761565129374212e+05
1.425998137040844013e+05
1.532907587604359724e+05
1.546189488798980601e+05
1.486232249094453000e+05
1.000000000000000000e+03
1.646679166817209916e+05
1.351768643725721631e+05
1.481234463466329616e+05
1.447157885300430353e+05
1.512156814797210682e+05
1.533104049476032087e+05
1.515832474591931095e+05
1.636701504496729758e+05
1.539393596845426946e+05
1.447636890897903650e+05
1.541193298342331836e+05
1.504858459809620981e+05
1.547325669737634598e+05
1.886841383274195541e+05
1.473480663815226289e+05
1.421380269924220047e+05
2.106827767307710019e+03
1.732845509937981551e+05
1.656881278567752743e+05
1.536737524970217783e+05
1.000000000000000000e+03
1.507979323949596728e+05
1.561317395283448568e+05
1.469120836170795956e+05
1.451246014092077967e+05
1.462572694550758752e+05
1.455499271061459440e+05
1.579219338198982005e+05
1.470433796809433261e+05
1.486080065182830149e+05
1.533831000524213596e+05
1.376084799262331508e+05
1.499693265786790580e+05
1.458062836429140007e+05
1.522715470838403562e+05
1.518279367525122361e+05
1.417126750112609589e+05
1.505854323279830860e+05
1.500335296169922804e+05
1.495854237293955521e+05
1.507068436939913663e+05
1.471116877764890378e+05
1.366344589456054091e+05
1.552849144250367535e+05
1.392564968080222607e+05
1.491061220896497252e+05
1.528284676699161355e+05
1.424881497489459289e+05
1.543043877904027468e+05
1.493853601724304608e+05
1.497252089744677942e+05
1.519755269052590302e+05
1.300446934458233009e+05
1.458075779477127071e+05
1.641784024107879086e+05
1.448693627505308832e+05
1.475044697737926908e+05
1.522172941254391044e+05
1.513482401091343199e+05
1.432571184919339430e+05
1.497698436314856808e+05
1.508860680310011085e+05
1.479311330188168504e+05
1.413534731554847094e+05
1.505532983874964411e+05
1.518541984583924059e+05
1.520202816257012018e+05
1.486262415805448545e+05
1.596534994963719801e+05
1.493543201444342267e+05
1.000000000000000000e+03
1.488674910028470040e+05
1.562035825178017258e+05
1.515826836068713455e+05
1.305128506448446424e+05
1.502765899162749120e+05
1.615421804739561630e+05
1.499545823272656708e+05
1.494518031399572210e+05
1.318706294587302546e+05
1.414759703643746907e+05
1.507717035341885348e+05
1.548698080530310690e+05
1.558240208719344228e+05
1.512131037854053138e+05
1.529346892962565471e+05
1.546627459452248877e+05
1.452040192233669513e+05
1.519914690863722062e+05
1.434758552931106824e+05
1.309625874258950353e+05
1.458809975112623069e+05
1.429880884906808787e+05
1.466304080705290544e+05
1.443352117257670907e+05
1.495464568430179497e+05
1.498656877647313522e+05
1.478601777579217451e+05
1.571125870462651656e+05
1.408906211426810769e+05
1.476587545682353666e+05
1.469198150714236253e+05
1.258666687317571777e+05
1.450058474733462499e+05
1.484965863482190762e+05
1.592761459696819657e+05
1.583991295837017533e+05
1.520701977227361349e+05
1.512322947827422759e+05
1.504834582686418144e+05
1.537246541173675796e+05
1.469272779258246301e+05
1.557984804467263166e+05
1.641203628095844761e+05
1.527299202942393313e+05
2.662648015685911105e+03
1.457877380548770598e+05
1.580832258183291706e+05
1.457468126713913516e+05
1.463717947787417797e+05
1.539003965449748794e+05
1.526991241642150562e+05
1.617772791484600748e+05
1.513419791919650452e+05
1.509655034416528651e+05
1.351380461902887037e+05
1.494007874319139228e+05
1.607809160990833770e+05
1.092214465788480302e+05
1.414700866489002365e+05
1.468914311287300661e+05
1.407741909485512588e+05
1.469322273433439841e+05
1.451533090289027023e+05
1.296125346001139987e+05
1.035827938032264683e+04
1.573191587902405299e+05
1.523203256739154167e+05
1.750411657776218781e+05
1.610137219165968127e+05
1.378244938546333869e+05
1.476898119969938416e+05
1.501651672016718658e+05
1.000000000000000000e+03
1.545970112870981975e+05
1.481199342657449888e+05
1.472999947010813339e+05
1.478693777720642393e+05
1.520567377500751172e+05
1.475814693714820896e+05
1.540136055725312326e+05
1.484195918924428697e+05
1.555151960485476593e+05
1.362873045890992216e+05
1.465837752340539009e+05
1.511950810771747783e+05
1.593737555563755741e+05
1.487517731140475371e+05
1.466628432470925327e+05
1.588870868248459592e+05
1.306214428934581083e+05
1.499091377170271298e+05
1.622524234814248921e+05
1.416345828816629655e+05
1.506040602856401238e+05
1.536725802637209417e+05
1.508505075182819855e+05
1.501251758661770436e+05
1.464551394679255609e+05
1.522517876716658357e+05
1.341621842012513662e+05
1.433489881692031049e+05
1.569616464457418770e+05
1.000000000000000000e+03
1.513071993046532443e+05
1.519376184943398403e+05
1.487044938286476827e+05
1.499767731494019681e+05
1.597601441879167396e+05
1.649722395106535696e+05
1.557061213761180406e+05
1.415461503679259040e+05
1.597988707423341402e+05
1.532625191416175221e+05
1.502309499707655341e+05
1.534100270305029990e+05
1.460608146868059994e+05
1.386640095358051767e+05
1.487383012806483603e+05
1.497683201502694574e+05
1.479486093877968960e+05
1.492295347194172209e+05
1.523678466035792080e+05
1.469039926298192877e+05
1.517258039864449238e+05
1.267217088482738618e+05
1.665478537010470172e+05
1.464241733807427809e+05
1.578423925204750849e+05
1.576321805601918895e+05
1.477371355159677914e+05
1.508135166446816875e+05
1.473542763810979959e+05
1.000000000000000000e+03
1.529559208234501129e+05
1.476336630661220115e+05
1.428840842033948284e+05
1.463323579106809339e+05
1.344027945520203502e+05
1.420927771031962184e+05
1.614419163010457705e+05
1.599006440911137324e+05
1.545559322399241792e+05
1.487456026012352377e+05
1.470631262218315096e+05
1.526664407436551119e+05
1.516280585103338235e+05
1.443468903832381184e+05
1.424004861666540673e+05
1.485665667299268243e+05
1.228785604202670802e+05
1.257102816943075886e+05
1.505595545615295123e+05
1.516063388709524588e+05
1.513946104699840071e+05
1.504144185137299646e+05
1.498746307901488908e+05
1.525005826344661182e+05
1.428105006773758796e+05
1.579876759632845933e+05
1.396801805899222963e+05
1.481841167007231270e+05
1.433221842096523615e+05
1.589207958191566577e+05
1.497852133758187992e+05
1.412319804168377013e+05
1.600474914171280107e+05
1.391483502640324295e+05
1.456843370336016815e+05
1.389927357241286372e+05
1.522318389932272839e+05
1.652872822357710975e+05
1.567834065724678803e+05
1.529386493821938930e+05
1.484216503367234545e+05
1.607630229446461308e+05
1.503079202751914563e+05
1.329980452287049848e+05
1.484771308879551070e+05
1.481002862581077788e+05
1.515970133030990255e+05
1.528646108701018966e+05
1.494331027329342905e+05
1.532274895343380049e+05
1.529277728531365283e+05
1.487276358257589163e+05
1.499850994105080899e+05
1.609836457200912992e+05
1.423352876904489822e+05
1.486207168991684739e+05
1.436644501381311566e+05
1.548055983760280360e+05
1.471568544409428723e+05
1.664428017579505395e+05
1.554113413147677493e+05
1.594764673609982419e+05
1.541452920358339034e+05
1.445211375288121926e+05
1.499040840511411661e+05
1.443498393051871972e+05
1.633203565417395439e+05
1.562686579330103414e+05
1.500266120167538757e+05
1.444066096170646197e+05
1.491097849598207686e+05
1.581086629248176760e+05
1.549124175669080578e+05
1.419369202483050176e+05
1.449109082229131309e+05
1.488269951586443349e+05
1.224874681854820228e+05
1.532918200227372290e+05
1.558894295736169734e+05
1.496835607289463223e+05
1.455523579387864447e+05
1.498644859205797547e+05
1.543829981670704437e+05
1.497081921077585139e+05
1.422788154722268519e+05
1.407896316311740957e+05
1.507388610176844231e+05
1.524053355858376308e+05
1.492473813456721255e+05
1.554290095164443483e+05
1.524909751786542183e+05
1.462495974560663453e+05
1.556350423307458113e+05
1.497441053327626141e+05
1.425956335089523927e+05
1.510925500878163439e+05
1.612047516769622162e+05
1.500112358281845809e+05
1.523456385231985478e+05
1.569247141859354451e+05
1.593814574754520436e+05
1.479397272847035201e+05
1.490354724044722388e+05
1.536792207680418796e+05
1.471327815653847647e+05
1.530324772500527906e+05
1.578170923436504381e+05
1.599114166669099068e+05
1.512744346830156865e+05
1.442629864315707237e+05
1.530450326518264192e+05
1.632459839886513655e+05
1.465814122780495381e+05
1.460775629829817626e+05
1.466822384721536655e+05
1.647805126430040691e+05
1.474427973988090234e+05
1.444183368190515612e+05
1.488486569031717954e+05
1.480218390103178972e+05
1.000000000000000000e+03
1.466694806816219934e+05
1.499173141646598233e+05
1.466595171048414777e+05
1.635307929867069470e+05
1.463470024779088562e+05
1.546494277679978986e+05
1.646455580535394256e+05
1.461790488104987598e+05
1.349898987437749165e+05
1.412323135347593052e+05
1.494180980794382049e+05
1.547810938197324285e+05
1.488501666710725985e+05
2.381323011333514842e+03
1.488185171175797877e+05
1.498294644761778181e+05
1.543873465863090241e+05
1.581486926593787502e+05
1.402459372523807397e+05
1.455492828224787081e+05
1.499721013336792530e+05
1.552886644092630013e+05
1.464308616122193926e+05
1.686763412621027965e+05
1.538199355820549536e+05
1.454466354771488113e+05
1.428877601126718218e+05
1.567383259896720992e+05
1.520046876240997517e+05
1.609707302268648054e+05
1.396354254535502987e+05
1.495614064373078581e+05
1.616906624450744712e+05
1.410128817776782671e+05
1.453037737332330144e+05
1.486430047809382086e+05
1.490045196029290964e+05
1.424582616031334037e+05
1.490408072646451765e+05
1.499661044568237267e+05
1.548234964299636777e+05
1.492314620156734600e+05
1.480595945001695072e+05
1.489633250309326686e+05
1.478260005457769439e+05
1.527061083338372118e+05
1.493816925347540819e+05
1.472502047385091137e+05
1.486359678050629736e+05
1.445323439629266504e+05
1.420159694112108555e+05
1.525847766665011586e+05
1.494312881510989100e+05
1.554322016873799148e+05
1.487927212083724735e+05
1.452769500795219501e+05
1.544873351503531449e+05
1.509791657263229426e+05
1.536905454063975194e+05
1.478288058008521330e+05
1.821111710328128538e+05
1.380247299962289399e+05
1.509913697553489474e+05
1.503409097844534845e+05
1.513694609662032162e+05
1.406971706773946935e+05
1.509407803126403596e+05
1.528954423736207536e+05
1.517844620962581539e+05
1.497210170190718200e+05
1.545650286958078214e+05
1.443274598333874310e+05
1.263490066183920571e+05
1.521533434356536018e+05
1.473370748224420822e+05
1.466808012649063894e+05
1.646291597476421739e+05
1.518122292863974581e+05
1.558680031934730941e+05
1.510898863809865434e+05
1.504107641456506390e+05
1.530857363250253256e+05
1.564607647138030152e+05
1.459534253308060288e+05
1.492183991362299130e+05
1.492742215287733998e+05
1.484287390247934673e+05
1.464054339281438733e+05
1.482275778026662883e+05
1.495284692530997563e+05
1.437340999571810826e+05
1.404539523154976487e+05
1.441113835052596405e+05
1.593120580937887717e+05
1.540202420706968696e+05
1.463524155572634190e+05
1.509275081393980363e+05
1.528264086811653979e+05
1.490247770929200342e+05
1.515194091857254098e+05
1.393432670592011418e+05
1.383816603362965398e+05
1.478005322217722714e+05
1.462661643778307189e+05
1.449646893254157330e+05
1.493920880746767216e+05
1.502012720521069423e+05
1.455008061392261297e+05
1.467005732095749700e+05
1.462976853272165754e+05
1.533095634076543793e+05
1.552767465645491320e+05
1.523595870769454050e+05
1.511051289500110142e+05
1.463159976308187179e+05
1.444882761036004813e+05
1.495628106022724824e+05
1.485195050950796285e+05
1.503421243358797801e+05
1.496939561848814192e+05
1.517276911249481782e+05
1.478185331977043534e+05
1.507431908265182865e+05
1.513771186739653349e+05
1.469091839943129744e+05
1.508573480668153788e+05
1.511575601049370016e+05
1.476257319848386978e+05
1.497098116832344967e+05
1.547885119816865190e+05
1.440667069554828340e+05
1.710685165730583249e+05
1.467096724262559146e+05
1.482514934651774529e+05
1.527002436900161265e+05
1.487530095848429773e+05
1.617330549110884895e+05
1.501565472931537661e+05
1.483194556218966609e+05
1.467916111559174024e+05
1.378953141364847834e+05
1.446977553378370649e+05
1.465331746264769463e+05
1.541901725295868819e+05
1.491714501515112352e+05
1.538238182306108065e+05
1.506274709504172788e+05
1.445201248596873775e+05
1.660531724640482280e+05
1.492018986556642631e+05
1.497458678811967256e+05
1.473367196377151704e+05
1.531221786329117895e+05
1.550919489747022744e+05
1.375606233082184917e+05
1.502913322133711481e+05
1.548083398046090151e+05
1.544434792883916525e+05
1.482439547535373422e+05
1.548915030841099797e+05
1.490787573668308614e+05
1.485385592927807593e+05
1.562274927516652097e+05
1.531794494987556827e+05
1.461409942600194772e+05
1.490002122404042748e+05
1.478260002153556561e+05
1.558071361322676821e+05
1.505852152598697867e+05
1.454205807389402762e+05
1.580600725315173040e+05
1.483573661668763089e+05
1.505402526404214150e+05
1.521463402614570514e+05
1.478280454569294816e+05
1.395907786212379579e+05
1.560553786895195954e+05
1.439589598668751132e+05
1.500980236429604993e+05
1.526938079247163259e+05
1.382235869346537511e+05
1.512931458431516076e+05
1.443746900984345411e+05
1.549283741005079064e+05
1.497468323328184779e+05
1.500518089235639782e+05
1.509758812943119556e+05
1.483348944959287765e+05
1.547557592443791218e+05
1.532077915564063296e+05
1.524653281046792399e+05
1.551139593485881924e+05
1.449955410335036577e+05
1.468675636890509049e+05
1.614033106317759666e+05
1.530741285794320866e+05
1.504031331782752532e+05
