1.306252224416841927e+05
1.342874028689519328e+05
1.574311440524442587e+05
1.275527715717543033e+05
1.539458306360220886e+05
1.562940369862510124e+05
1.329848103279525239e+05
1.495949620335484215e+05
1.478996703222727519e+05
1.289649980594917724e+05
1.369348934210471634e+05
1.544044732174173405e+05
1.532105425348415447e+05
1.460274422204883303e+05
1.209674504108785914e+05
1.346635620211960049e+05
1.353675286464876554e+05
1.507505006756199582e+05
1.460275388322400395e+05
1.375521528095562535e+05
1.344350298497041513e+05
1.523675637793900969e+05
1.561746871063374274e+05
1.416172963642839750e+05
1.372654304317287169e+05
1.634643284738303046e+05
1.552210417713478091e+05
1.407090825060144998e+05
1.278540744715372421e+05
1.539375973590049853e+03
1.572179176692961482e+05
1.435635661519010318e+05
1.192757807628023293e+05
1.581977883024978510e+05
1.610845790236336470e+05
1.455966021604944835e+05
1.366618396867173142e+05
1.629515713243036007e+05
1.447527548983352608e+05
1.441682007624260150e+05
1.428318626194986573e+05
1.416647405247028801e+05
1.593093811890260840e+05
1.798963858469305851e+05
1.589515185126145952e+05
1.305389923431664211e+05
1.596226700997800508e+05
1.989048577061740507e+05
1.439042876003710262e+05
1.446547678259213571e+05
1.589989705250406696e+05
1.370908924004059518e+05
1.556141449256160995e+05
1.937934578927418333e+05
1.493179941516967665e+05
1.493003123910796712e+05
1.487209589071863447e+05
1.594104204241162515e+05
1.637612451615173486e+05
1.719536393773009186e+05
1.499346842077448091e+05
1.366583528987328755e+05
2.515078657864477645e+04
1.029353668092231383e+05
1.554034625471364998e+05
1.540897304702733818e+05
1.545945838300237665e+05
1.330047262857590104e+05
1.608800026083244593e+05
1.656258265693415306e+05
1.367262994912468421e+05
1.434594604172463878e+05
1.412635160079537309e+05
1.757803390645699692e+05
1.339561626964122988e+05
1.560233405540158856e+05
1.330765565203907609e+05
1.338307230938524590e+05
1.489156853340503003e+05
1.509664766394686885e+05
1.450487491501042678e+05
1.331215786841682566e+05
1.408108987307233620e+05
1.568551689980976225e+05
1.262533691816376813e+05
1.258404947636048892e+05
1.533064618599429668e+05
1.421780212128246494e+05
1.503548909544835915e+05
1.545741205032119469e+05
1.669604503494080564e+05
1.375581598036953364e+05
1.558481835228367418e+05
1.452122591284149967e+05
1.377730748511626152e+05
1.615930426441758464e+05
1.377003420031358546e+05
1.633116970019864966e+05
1.662280917002901842e+05
1.264655250733261055e+05
1.503847350127926038e+05
1.466829804286576400e+05
1.533323747628719138e+05
1.568641107005866070e+05
1.536089307226274977e+05
1.355309672072190733e+05
1.490840426339593250e+05
1.503317415787374193e+05
1.388707588670258992e+05
1.467309169186153158e+05
1.438745071571940498e+05
1.509105866995002143e+05
1.416770696333348751e+05
1.278761953429284331e+05
1.410862274824923952e+05
1.542334193287104135e+05
1.623649606540779350e+05
1.604297752370155067e+05
1.756073829640125623e+05
1.547898058567888220e+05
1.340639787577572570e+05
1.328222150425422005e+05
1.506202475069668435e+05
1.362977132664925884e+05
1.633026592520443082e+05
1.823357904258630006e+05
1.484239513772081118e+05
1.386879406137753977e+05
1.431177277488334512e+05
1.562283594531573181e+05
1.384456294669241470e+05
1.334180895285913430e+05
1.413518963830192515e+05
1.699088890711134009e+05
1.376041496253311634e+05
1.523514338312097825e+05
1.542000367341403326e+05
1.471997849604848307e+05
1.590573444228999142e+05
1.268294050182441133e+05
1.572239203139468736e+05
1.297827665327106224e+05
1.531124071888847684e+05
1.471138155089735519e+05
1.605029065980098676e+05
1.323615543559947109e+05
1.474545430125171843e+05
1.479647737274893734e+05
1.637040148019441694e+05
1.429176561730297108e+05
1.380903273960578663e+05
1.543859545991590712e+05
1.515238619777631829e+05
1.339154482234714960e+05
1.553413852370422683e+05
1.388113128369803017e+05
1.508502682930476731e+05
1.661799798640388181e+05
1.344133124936067907e+05
1.421519423790428555e+05
1.458078945026823785e+05
1.420303114200995478e+05
1.378082744422901305e+05
1.418283376441469300e+05
1.622794129983547318e+05
1.281684689462780370e+05
1.495129938750331930e+05
1.538341306959731737e+05
1.417395734269093373e+05
1.315977491578100889e+05
1.823931565100870794e+05
1.232514609135592327e+05
1.414429964083601371e+05
1.554208021761990094e+05
1.459711766780853213e+05
1.774292065087226802e+05
1.448780676426630234e+05
1.561405337769715989e+05
1.495002070126808831e+05
1.523928848188620177e+05
1.438570364776282222e+05
1.522745422832415206e+05
1.487785947893165285e+05
1.476153477253353340e+05
1.555634885663937894e+05
1.362574783977082407e+05
1.523191487970754970e+05
1.357156889271037944e+05
1.444846755351808097e+05
1.499217066526616109e+05
1.357185474324391398e+05
1.362466938140597485e+05
1.463658540384087537e+05
1.745202143514470954e+05
1.788575924172254163e+05
1.484121044634121354e+05
1.664941938280464674e+05
1.503279008641848341e+05
1.446680893091373728e+05
1.444431084522015590e+05
1.488080892880648898e+05
1.449096482514403469e+05
1.946626910859489290e+05
1.377256710824294423e+05
1.696420205228115665e+05
1.444951918411919323e+05
1.303345901626955892e+05
1.530270135030130332e+05
1.640469815505666193e+05
1.386246868432706397e+05
1.611694947376491036e+05
1.393943486166224757e+05
1.503384149546237313e+05
1.513284616697815072e+05
1.568495824611529533e+05
1.454104408513361705e+05
1.470510126459674502e+05
1.250687678489077080e+05
1.410008052622424730e+05
1.367721554704072769e+05
1.619110642114204529e+05
1.596134883830402105e+05
2.069048036259001237e+05
1.491194476906640048e+05
1.473551416603197868e+05
1.493905548280030780e+05
1.525914677512224007e+05
1.432507226418502396e+05
1.607430754187741259e+05
1.980279558648434468e+05
1.459070948193368677e+05
1.384297830477842363e+05
1.264171818678109848e+05
1.520877819971431163e+05
1.612163459561067284e+05
1.887637578403955267e+05
1.671906810154351697e+05
1.462938991222486366e+05
1.396017509380698903e+05
1.476432183613689267e+05
1.621191005566337844e+05
1.464150351885513228e+05
1.449816580001013353e+05
1.483500800249735767e+05
1.644541055099190853e+05
1.443398048017075926e+05
1.756356397609069536e+05
1.476426336133156146e+05
1.572735127443720121e+05
1.513123408298575087e+05
1.508647455623965943e+05
1.404992998595969111e+05
1.765659851308719954e+05
1.663969794042115973e+05
1.577217700962495583e+05
1.509419930176954076e+05
1.389509671180124860e+05
1.545501801065447216e+05
1.424729211464873515e+05
1.505257288775398629e+05
1.537329180184029101e+05
1.563798783650249534e+05
1.565992843943879416e+05
1.363125798442751984e+05
1.591728157198203844e+05
1.490870070537785359e+05
1.426384577543462219e+05
1.626672470985298278e+05
1.364530582971342956e+05
1.322228571784801607e+05
1.356728940011966624e+05
1.472781345078936138e+05
1.688774904508649779e+05
1.549662995175755932e+05
1.708904190199822478e+05
1.366631770284704398e+05
1.517948831727758225e+05
1.588212727264266578e+05
1.393878456541584746e+05
1.449960852917840239e+05
1.526415863259322359e+05
1.623393886184830335e+05
1.187038824482010823e+05
1.426535592686589516e+05
1.535550424510016455e+05
1.202502722383199143e+05
1.531821372347236611e+05
1.193271648510962550e+05
1.586854458724977449e+05
1.693433709270950058e+05
1.615463755781684886e+05
1.453860584050072357e+05
1.375359767656100448e+05
1.394058387573557557e+05
1.439456498155556910e+05
1.797986127833632927e+05
1.738469704858486366e+05
1.527274891881869407e+05
1.541100984691714402e+05
1.165589912917099136e+05
1.460885051131182699e+05
1.556211509402010415e+05
1.458809819332349289e+05
1.768478918463707087e+05
1.315675016060006747e+05
1.446603655718764348e+05
1.438117852093082911e+05
1.584409727027235494e+05
1.567204680797561305e+05
1.399493941581109248e+05
1.476395589455446170e+05
1.421926287165490503e+05
1.472678872812704940e+05
1.482231258786476974e+05
1.728711199079247308e+05
1.686692749094205792e+05
1.345370180961548758e+05
1.513846085700979456e+05
1.325300474981927546e+05
1.483185028457519365e+05
1.591450501489696035e+05
1.786719794280133501e+05
1.611288704500205058e+05
9.958312273137796728e+04
1.674513045933186659e+05
1.371537735404246487e+05
1.531421966950991191e+05
1.522214151472637604e+05
1.773114926674289163e+05
1.505851671342146292e+05
1.392160327675720328e+05
1.666360598825185443e+05
1.482638923595437373e+05
1.334657777173877694e+05
1.854856242278656282e+05
1.523434740203508118e+05
1.465385151004031359e+05
1.570224026867256325e+05
1.505801546428248985e+05
1.475878353735515557e+05
1.499637090474818833e+05
1.550158142419923970e+05
1.446900979688561056e+05
1.479637184711792506e+05
1.476192133097673941e+05
1.493967825468827214e+05
9.988345225807592215e+04
1.548663869687093247e+05
1.449183330683874374e+05
1.440108087195668195e+05
1.382990047184941941e+05
1.527926928495701868e+05
1.305405702957094036e+05
1.322551286303261586e+05
1.463068425823129364e+05
1.749231277682467189e+05
1.510606482594695699e+05
1.502443189526667411e+05
1.690676018638565147e+05
1.505758760225876176e+05
1.541904025788419531e+05
1.630982145726500021e+05
1.548166707185688720e+05
1.449716226983682718e+05
1.521876016531234491e+05
1.510703512771057140e+05
1.555742110187861545e+05
1.413179511787210067e+05
1.504368085429012717e+05
1.628899739453121729e+05
1.478724696860893164e+05
1.333826055862004578e+05
1.513666121028696944e+05
1.417856067660325789e+05
1.264518650372459524e+05
1.544234139136683661e+05
1.486210358896100661e+05
1.346122353803517472e+05
1.349295288869377691e+05
1.337434050342907431e+05
1.450863106747642742e+05
1.582957665653135628e+05
1.613045435437830747e+05
1.378316784030636773e+05
1.459818178112180321e+05
1.400682129256525077e+05
1.769103287734020851e+05
1.717028985233826388e+05
1.499739870685526694e+05
1.545938417350097443e+05
1.402019703965160297e+05
1.416999295140059839e+05
1.347549122517893265e+05
1.606598622327159683e+05
1.471618590349622536e+05
1.452264410171557392e+05
1.376993213961290312e+05
1.770048118963754969e+05
1.450231714660508442e+05
1.595942880376411194e+05
1.586177539770537405e+05
1.512822273202727665e+05
1.405674031501194113e+05
1.506802809260489885e+05
1.316844605372484948e+05
1.411377381795648544e+05
1.801117355411886529e+05
1.184091542691087125e+04
1.660301011520651227e+05
1.507646731977136515e+05
1.634714537969841913e+05
1.542896583108696796e+05
1.385272138388778258e+05
1.084243195121541648e+05
1.266747477415508765e+05
1.418768413921568717e+05
1.000000000000000000e+03
1.512728127419001248e+05
1.505069250603603432e+05
1.590675775213990710e+05
1.410918500397521711e+05
1.601287631706237153e+05
1.544892423878776608e+05
1.532287713562025165e+05
1.236441303920391656e+05
1.000000000000000000e+03
1.368054217707336647e+05
1.475535512836697744e+05
1.509855145188752795e+05
1.730071082842103497e+05
1.801646214072325383e+05
1.683080625120105688e+05
1.397668914790689014e+05
1.533622294257586764e+05
1.014682233581233158e+05
1.467786526730204641e+05
4.564808261691909138e+03
1.571409702730940771e+05
1.472164339828427474e+05
1.414427316942254838e+05
1.557071998153739551e+05
1.663118194419745123e+05
1.502057329787118942e+05
1.264241366109330847e+05
1.338491153277614794e+05
1.562714712207019329e+05
1.366161044075544633e+05
1.379295079351734894e+05
1.254152101015093067e+05
1.492019948528294917e+05
1.547751515243921604e+05
1.516636055697491101e+05
1.461932695722441422e+05
1.484704864683719061e+05
1.635691611884299491e+05
1.403457307188615086e+05
1.443359045878561155e+05
1.543999904783788079e+05
9.189179075958755857e+04
1.534579478819822252e+05
1.527019840452361968e+05
1.374415826807224366e+05
1.494549046400627121e+05
1.645755885994145065e+05
1.622561088198760699e+05
1.623406199899085914e+05
1.637299503366986173e+05
1.689306564140511327e+05
1.467320970901867258e+05
1.417535309249231068e+05
1.560459373334127304e+05
1.349470877572090831e+05
1.454057185164080001e+05
1.608108185532738280e+05
1.428742089191040141e+05
1.578274785028374172e+05
1.450295578904353315e+05
1.511684952450681594e+05
1.571362060396894522e+05
1.960595300060666050e+05
1.402489200358378584e+05
1.701710028174273320e+05
1.509425877588772855e+05
1.764790167479427764e+05
1.625864104022924730e+05
1.514799331339337805e+05
1.601283832403610577e+05
1.578429563305865449e+05
1.634010223346514103e+05
1.372953854769799218e+05
1.457607530112131208e+05
1.409408377967539418e+05
1.641454685588809079e+05
1.538327348937242641e+05
1.518586166676951980e+05
1.448970590578577248e+05
1.590479467824532767e+05
1.544541508470485860e+05
1.741374884523662622e+05
1.486838460737199639e+05
1.412158183420886053e+05
1.703088552812968555e+05
1.747746976388072071e+05
1.772520345225065539e+05
9.546095244519799598e+04
1.486757270460369764e+05
3.043560208023613450e+04
1.539042174718762399e+05
1.456480048560845316e+05
1.689902514604601893e+05
7.692699116692223470e+04
1.690870462758465437e+05
1.454008839739040413e+05
1.507252908164114342e+05
1.521531268400687259e+05
1.307854446858250885e+05
1.565048031039414345e+05
1.445499685432887636e+05
1.592242174598510319e+05
1.667895701113682007e+05
1.617550346922966419e+05
1.269933333464004972e+05
1.453582237624993431e+05
1.529566269183326804e+05
1.517061080990200862e+05
1.612525169543004304e+05
1.481967773650530726e+05
1.385138919218797819e+05
1.434669272761596076e+05
1.537577627234700776e+05
1.454167530148219666e+05
1.380791707430689130e+05
1.537076337887178233e+05
1.517612981458274880e+05
1.064086109644230164e+05
1.532959157864080044e+05
1.876698763137223432e+05
1.649887249961530324e+05
1.612493653763431357e+05
1.539767780315215059e+05
1.574649084563328943e+05
1.398748875595229329e+05
1.558396889512273774e+05
1.626269956707792589e+05
1.424216531772679009e+05
1.379556660350778548e+05
1.395032888237489096e+05
1.665786576781046751e+05
1.256389396765233396e+05
1.505349053244922834e+05
9.859772871504840441e+04
1.675769861463944544e+05
1.637550752201422583e+05
1.478492239006056043e+05
1.522616489942312473e+05
1.554149284695403767e+05
1.471641061384651985e+05
1.599183028307538771e+05
1.438451075719950604e+05
1.465139819585374789e+05
1.501158253425137955e+05
1.480777209148944239e+05
1.414456147946295096e+05
1.373257162836702191e+05
1.495716274059313000e+05
1.737446062243309279e+05
1.489924593852710677e+05
2.057626823031911626e+05
1.482213315072655969e+05
1.386010225466496777e+05
1.513764967919766204e+05
1.356791061621659610e+05
1.752241606190491584e+05
1.716668758333481965e+05
1.459296719815554970e+05
1.480055213868627616e+05
1.719061128937686735e+05
1.503592217644621851e+05
1.995667105470070965e+05
1.252352344265050051e+05
1.253000961999577839e+03
1.715158691384452977e+05
1.487220367242794891e+05
1.479529377729838307e+05
1.507967244608738401e+05
1.630647809942396707e+05
1.595525644113946764e+05
1.635861054610571882e+05
1.578922140840084176e+05
1.550443611765524838e+05
1.452900461169655027e+05
1.519972593400437618e+05
1.519615137481915881e+05
1.538034074983457685e+05
1.114135028763541195e+05
1.608170552206169814e+05
1.433936120360380446e+05
1.602288955523085024e+05
1.617021439448285382e+05
1.471473118164558255e+05
1.442583468782955897e+05
1.514810948727010400e+05
1.658643035411658930e+05
1.767240150354885845e+05
1.505975550242047757e+05
1.573679496992381464e+05
1.577962445742528071e+05
3.000684199964768050e+04
1.497609138888767629e+05
1.400094847945623915e+05
1.382476149404307944e+05
1.535787717764097324e+05
1.524723735304440488e+05
1.657900613849881920e+05
1.446913951609274372e+05
1.625318868433130556e+05
1.516969855378353677e+05
1.592038340789556969e+05
1.608456663512053492e+05
1.504066607506163127e+05
1.571697852366485167e+05
2.068291957069326891e+05
1.725570869444978889e+05
1.466819244404403435e+05
5.198979595543070900e+04
1.653403927549183427e+05
2.003919396458321135e+05
1.424717854079063109e+05
1.000000000000000000e+03
1.637117647685391421e+05
1.539322580788460909e+05
1.647285393861482444e+05
1.649468343777355331e+05
1.500219578316849656e+05
1.553970061151862319e+05
1.526516021678596444e+05
1.690285338570677850e+05
1.525491410666081647e+05
1.481334797584522748e+05
1.709044344545717468e+05
1.517339113319673925e+05
1.455354738911814347e+05
1.515663843231068458e+05
1.543161836229041219e+05
1.627973390506119176e+05
1.783633853991003125e+05
1.532408067799417186e+05
1.490363110017266590e+05
1.528135872239101445e+05
1.661668708329746150e+05
1.502264605618291826e+05
1.703552919926076429e+05
1.337321584575110755e+05
1.594122631034947408e+05
1.395967213339290756e+05
1.403629009422411036e+05
1.508672063075102051e+05
1.489599723423155083e+05
1.443935039581359306e+05
1.408714597558173991e+05
3.801494338532227266e+04
1.617552428897167265e+05
1.517757648371105606e+05
1.564317502096837561e+05
1.439804400019926252e+05
1.557409528521579923e+05
1.451624442016507965e+05
1.329710353809083172e+05
1.641691411570893251e+05
1.564337144378612284e+05
1.503562105231981841e+05
1.142437671360229724e+05
1.424645740000745864e+05
1.348348451269542566e+05
1.581702628907361359e+05
1.474042437419463822e+05
1.381840784010144125e+05
1.501029154629739642e+05
5.767487121442183707e+03
1.475745154803144396e+05
1.580840793901553261e+05
1.538549646840437199e+05
1.453300345332246798e+05
1.153213288246458105e+05
1.649585042255528097e+05
1.532276187195853854e+05
1.479326095321069297e+05
8.012237811791067361e+04
1.570505648944412824e+05
1.436867400698849815e+05
1.558247386918427947e+05
1.555391265111163084e+05
1.568802469923402241e+05
1.563355465711549623e+05
1.608807814019265061e+05
1.678768770831619040e+05
1.453567467868948006e+05
1.078364157577190053e+05
1.573778560965186625e+05
1.286786412744280533e+05
1.494528505819407874e+05
1.834298657795286272e+05
1.851230534665955638e+05
1.520445622286489815e+05
1.588812692940002016e+05
1.525969001969028031e+05
1.507760667491326167e+05
1.674322308946673875e+05
1.759133568920670950e+05
1.486472683496105310e+05
1.440486505973173480e+05
1.221725104684587423e+05
1.319000043667825812e+05
1.463996139812771580e+05
1.621873163007772528e+05
1.583577046122116735e+05
1.533055775111327530e+05
1.616290350746183249e+05
1.492551489699212252e+05
1.506310999420607113e+05
1.531879871961586177e+05
1.590817288553535473e+05
1.510704392703932826e+05
3.069260079858506288e+04
1.557428522502540727e+05
1.696523066450987535e+05
1.455140232205665670e+05
1.525823634355490503e+05
1.535695344837045122e+05
1.492495163091334398e+05
1.573762181335796195e+05
1.692698032880754618e+05
1.474473857534179115e+05
1.490023737123734609e+05
1.560528564729044156e+05
1.538407258152081631e+05
5.063591056796054909e+04
1.443285551600768813e+05
1.550212979981928656e+05
1.262666966457651724e+05
1.423714350044695311e+05
1.632672284348481917e+05
1.543926899724987452e+05
1.276583021931580333e+04
1.562294013312583556e+05
1.551800381427903776e+05
1.622633715751535492e+05
1.503061121840324195e+05
1.133744024323517224e+05
1.525713689449428639e+05
1.520722300970425713e+05
1.000000000000000000e+03
1.599157957094903395e+05
1.487931577174993290e+05
1.790866671856876055e+05
1.555627959687350376e+05
1.536408058222891996e+05
1.288158794246346370e+05
1.716158092335900583e+05
1.411443627220359340e+05
1.642042049527565832e+05
6.238877240706215525e+04
1.632332885948274925e+05
1.545924373555743950e+05
1.453093834995524958e+05
1.565778601306743512e+05
1.653927073999530403e+05
1.680209130625458492e+05
1.323025776449024852e+05
1.567244503922915901e+05
1.685092147922022850e+05
1.550207602099056530e+05
1.576880059036009479e+05
1.590847619396263035e+05
1.518961677511229645e+05
1.582828479316528246e+05
1.538880685419252550e+05
1.543331854297329555e+05
1.438730645098972600e+05
1.455782446944927215e+05
1.391191079120417999e+05
6.588004441008545109e+04
1.433541945737155329e+05
1.702996008584435331e+05
1.501821428857248684e+05
1.470671298329833662e+05
1.720459296219197568e+05
1.570181527011853177e+05
1.527535484589688713e+05
1.619203453949218674e+05
1.484020364123480103e+05
1.570986163760643103e+05
1.505099534009307099e+05
1.586766022161764558e+05
1.341309633792736277e+05
1.668443583243864996e+05
1.577554262752811192e+05
1.434879560773572011e+05
1.597490476475743053e+05
1.564056757132335042e+05
1.443246969369049766e+05
1.480241831866435241e+05
1.541122605403664347e+05
1.133012654098760540e+05
1.684373132637132367e+05
1.499576410699570552e+05
1.683803266425523907e+05
1.733864626902153541e+05
1.467771140766241297e+05
1.461536010898624663e+05
1.486093852007754031e+05
8.212576443956977528e+03
1.485282628253057774e+05
1.516385985531088081e+05
1.537990689638012846e+05
1.511460749767328089e+05
1.480563226180051861e+05
1.628365298511024739e+05
1.520133145431398007e+05
1.422246077984928561e+05
1.628117142288137402e+05
1.460348016936981876e+05
1.277824994240340893e+05
1.565734180416568124e+05
1.546159634817475162e+05
1.636158572335108183e+05
1.424730692948538053e+05
1.458032002574703074e+05
8.689733958218593034e+04
1.975646234742210945e+05
1.507570535689992248e+05
1.426061716168167477e+05
1.562747635958684841e+05
1.508422063662172295e+05
1.664807258860289003e+05
1.597463026735648455e+05
1.508113272906060156e+05
1.442306356462788535e+05
9.691701418241373904e+04
1.592643376448873314e+05
1.343522052926743927e+05
1.397772079561931314e+05
1.425851509286148939e+05
1.406965322918948077e+05
1.626299947857201914e+05
1.581364268495905853e+05
1.619454656786242849e+05
1.479226773807630816e+05
1.645538216636063589e+05
1.490785595601950190e+05
1.589304896599364874e+05
1.476407099105267262e+05
1.475306772100050002e+05
1.678917101716905890e+05
1.669900536527661316e+05
1.367541872930774407e+05
1.526311230663796596e+05
1.394507184545316850e+05
1.568481748639571015e+05
1.643496096672339772e+05
1.652932782699757954e+05
1.484627612394968455e+05
1.555832954232083575e+05
1.489345801648600318e+05
1.574332258080444008e+05
1.588620533136642771e+05
1.497180038885158137e+05
1.571452911071302078e+05
1.611252763984226913e+05
1.503655836100425222e+05
1.465861109996915911e+05
2.329419088514960022e+05
1.571757895865958708e+05
1.595257946324490476e+05
1.592244272767372604e+05
1.443776902063601301e+05
1.527743536596661434e+05
1.436022905098529300e+05
1.716230886615527852e+05
1.502643787800385326e+05
1.469653554331106134e+05
1.569152711190253031e+05
1.361495577324957121e+05
1.641771844235221797e+05
1.573309143183965061e+05
1.356012156716553727e+05
1.551641987841097871e+05
1.429183216678730387e+05
1.359742630908929568e+05
1.683257626787534391e+05
1.496814218930991483e+05
1.523618118917116662e+05
1.424940242420786817e+05
1.508040353813521797e+05
1.441257219584282138e+05
1.451143642669393448e+05
1.419623996913041628e+05
1.637352550718594284e+05
1.503004978686750692e+05
1.521616047816472128e+05
1.668034507823505846e+05
1.551126943987142004e+05
1.398826702036848292e+05
1.503651765821491717e+05
1.449355283425665984e+05
1.717743984013119771e+05
1.473467330026598938e+05
1.559240056680524722e+05
1.581841088942077477e+05
1.450288565427079157e+05
1.638718163832882128e+05
1.574134051637965895e+05
1.542174215215057775e+05
1.457833637453076662e+05
1.567732962197870947e+05
1.502416665708978544e+05
1.595471288512478350e+05
1.545905561753897928e+05
1.459827575945970311e+05
1.535497071969921526e+05
1.475772139690734621e+05
1.451858631085746456e+05
1.544330455173889059e+05
1.537607840610790008e+05
1.580308895463772933e+05
1.219861512303636409e+05
1.461672854020807717e+05
1.681246489946572983e+05
1.491996711465468979e+05
1.640079176230517623e+05
1.389503686182303936e+05
1.645186129035716294e+05
1.000000000000000000e+03
1.467793721805064706e+05
1.590191133598492597e+05
1.637250459377398365e+05
1.613560262827994593e+05
1.539688687702988973e+05
1.661699730148834642e+05
1.558724620801302372e+05
1.437582724151071452e+05
1.229890084672558442e+05
1.569106518209560600e+05
1.489068641140017717e+05
1.536888904786431231e+05
1.514749189895050658e+05
9.341161223754423190e+03
1.489531984749087424e+05
1.581549617745193827e+05
1.487011133321861562e+05
1.473728287104971823e+05
1.546740806852877722e+05
1.618163343285152514e+05
1.420740503047150851e+05
1.650600998538060812e+05
1.218429391676687665e+05
1.591602659514396510e+05
1.559153720957121986e+05
1.521668030216167099e+05
1.572808922828638169e+05
1.649321221157463733e+05
1.691175199598613253e+05
1.595821833043707593e+05
1.610787381903389178e+05
1.298785712537438958e+05
1.434636544807460741e+05
1.413975190782333957e+05
1.539784133178284101e+05
1.573940412204996101e+05
1.481262100160671980e+05
1.535746702154565428e+05
1.400201591103529208e+05
1.520934417986489134e+05
1.451279005619738309e+05
1.559137192236817209e+05
1.601036521640852443e+05
1.459490929056356545e+05
1.430040005140528956e+05
1.253252279181221966e+05
1.538737600996612164e+05
1.473935653672876942e+05
1.275309084126132075e+05
1.461864807995317678e+05
1.311266277839933464e+05
1.564152966977214965e+05
1.530225729713341570e+05
1.612102989732222341e+05
1.581181307432587491e+05
1.625426319771573762e+05
1.611562497031375824e+05
1.530579981601777254e+05
1.651827388333502458e+05
1.477474828289839497e+05
1.908867713940106332e+05
1.421274951666473935e+05
1.453529353450335329e+05
1.520290125613733544e+05
1.511397240077543247e+05
1.444583516126026225e+05
1.428552289143454691e+05
1.416964244868272508e+05
1.782282502455569047e+05
1.425693180583347566e+05
1.218536317114959675e+05
1.379337787387749413e+05
1.756061931880533230e+05
1.358002537028419611e+05
1.478833750163753866e+05
1.564957839359825884e+05
1.522809397330184584e+05
1.563698959010305989e+05
1.647938769494919979e+05
1.578847927019734634e+05
1.425605006675292389e+05
1.655697644139546901e+05
1.660228338135996892e+05
1.480675406758497411e+05
1.527441862123447645e+05
1.462316229328206973e+05
1.493836744944481470e+05
1.370526907388534164e+05
1.500796773281271453e+05
1.425224133071790566e+05
1.488340500691938505e+05
1.517524630906843522e+05
1.403606078588451201e+05
1.399755905441064388e+05
1.299527971087465558e+05
1.594779913046177535e+05
1.406706673018044676e+05
1.439071424197250453e+05
1.401252691408362880e+05
1.534731604785155214e+05
1.548104385717200348e+05
1.567827332456678560e+05
1.442941770691400161e+05
1.424074330674722441e+05
1.409318191482077236e+05
1.397040131785504054e+05
1.536775388975535461e+05
1.591830959053047991e+05
1.454223048011120700e+05
1.439609893114654988e+05
1.387217201252391096e+05
1.449130090540412930e+05
1.407229916412651946e+05
1.518405716424619604e+05
1.491214017832616228e+05
1.367028489649545518e+05
1.472121148321321234e+05
1.449478542828980135e+05
1.333677358297034516e+05
1.488473220371913048e+05
1.416014164053199347e+05
1.454803350823861838e+05
1.455142110482401622e+05
1.622393356897583872e+05
1.490313133619637229e+05
1.486193655162432697e+05
1.517817660473341530e+05
1.424155692810581822e+05
1.440148807558216795e+05
1.446719057353616809e+05
1.350924736128607183e+05
1.795823075248741661e+05
1.603691587957488955e+05
1.436421606095396564e+05
1.426842656474305841e+05
1.426008703252557607e+05
1.630740996463165502e+05
1.397169835015799617e+05
1.512938037888092222e+05
1.859891299294406781e+05
1.286996830596207001e+05
1.448542733636292105e+05
1.623559043756868923e+05
1.540597539630602987e+05
1.523872170132500469e+05
1.435525083133352746e+05
1.387313005580598256e+05
1.406404480348531215e+05
1.584696414677323482e+05
1.692465411082921200e+05
1.399181579498283099e+05
1.423665553104682476e+05
1.445020426582308428e+05
1.743272461571128224e+05
1.224406003090938757e+05
1.600582128399875655e+05
1.464802206612327136e+05
1.415728693999838142e+05
1.507037467277027026e+05
1.535170032341366168e+05
1.468604304052556399e+05
1.499685630534330267e+05
1.535148881069316412e+05
1.480804180916383339e+05
1.503162087713509682e+05
1.456368778993326996e+05
1.574273717562112724e+05
1.535659562919836026e+05
1.418443668774210382e+05
1.555748628873102716e+05
1.568866029689628922e+05
1.581102151111293933e+05
1.511251478742446343e+05
1.675068681379984773e+05
1.411081376077388995e+05
1.433175301995417394e+05
1.535775321712084406e+05
1.418380648713640403e+05
1.589393686311886413e+05
1.543379035595336463e+05
1.420588421481412952e+05
1.457278364499463933e+05
1.411369782504395989e+05
1.555211926539341803e+05
1.488441049142538686e+05
1.548748429850233952e+05
1.474318970078780258e+05
1.497758158172280528e+05
1.453390805898723775e+05
1.541563945880071842e+05
1.429379407519361994e+05
1.613229986430202844e+05
1.477551927036281268e+05
1.542065141209409048e+05
1.590913639069260098e+05
1.597446056054854416e+05
1.595951667132462026e+05
