0 0 1000.0
1 1 1000.0
2 2 1000.0
3 3 1000.0
4 4 1000.0
5 5 1000.0
1179 1179 1000.0
1180 1180 1000.0
1181 1181 1000.0
1341 1341 1000.0
1342 1342 1000.0
1343 1343 1000.0
1344 1344 1000.0
1345 1345 1000.0
1346 1346 1000.0
1347 1347 1000.0
1348 1348 1000.0
1349 1349 1000.0
1350 1350 1000.0
1351 1351 1000.0
1352 1352 1000.0
1353 1353 1000.0
1354 1354 1000.0
1355 1355 1000.0
1356 1356 1000.0
1357 1357 1000.0
1358 1358 1000.0
1359 1359 1000.0
1360 1360 1000.0
1361 1361 1000.0
1362 1362 1000.0
1363 1363 1000.0
1364 1364 1000.0
1365 1365 1000.0
1366 1366 1000.0
1367 1367 1000.0
1368 1368 1000.0
1369 1369 1000.0
1370 1370 1000.0
1551 1551 1000.0
1552 1552 1000.0
1553 1553 1000.0
1554 1554 1000.0
1555 1555 1000.0
1556 1556 1000.0
1557 1557 1000.0
1558 1558 1000.0
1559 1559 1000.0
1560 1560 1000.0
1561 1561 1000.0
1562 1562 1000.0
1563 1563 1000.0
1564 1564 1000.0
1565 1565 1000.0
1566 1566 1000.0
1567 1567 1000.0
1568 1568 1000.0
1569 1569 1000.0
1570 1570 1000.0
1571 1571 1000.0
1572 1572 1000.0
1573 1573 1000.0
1574 1574 1000.0
1575 1575 1000.0
1576 1576 1000.0
1577 1577 1000.0
1578 1578 1000.0
1579 1579 1000.0
1580 1580 1000.0
1581 1581 1000.0
1582 1582 1000.0
1583 1583 1000.0
1671 1671 1000.0
1672 1672 1000.0
1673 1673 1000.0
1674 1674 1000.0
1675 1675 1000.0
1676 1676 1000.0
1677 1677 1000.0
1678 1678 1000.0
1679 1679 1000.0
1680 1680 1000.0
1681 1681 1000.0
1682 1682 1000.0
1683 1683 1000.0
1684 1684 1000.0
1685 1685 1000.0
1686 1686 1000.0
1687 1687 1000.0
1688 1688 1000.0
1689 1689 1000.0
1690 1690 1000.0
1691 1691 1000.0
1692 1692 1000.0
1693 1693 1000.0
1694 1694 1000.0
1695 1695 1000.0
1696 1696 1000.0
1697 1697 1000.0
1698 1698 1000.0
1699 1699 1000.0
1700 1700 1000.0
1701 1701 1000.0
1702 1702 1000.0
1703 1703 1000.0
1704 1704 1000.0
1705 1705 1000.0
1706 1706 1000.0
1707 1707 1000.0
1708 1708 1000.0
1709 1709 1000.0
1710 1710 1000.0
1711 1711 1000.0
1712 1712 1000.0
1713 1713 1000.0
1714 1714 1000.0
1715 1715 1000.0
1716 1716 1000.0
1717 1717 1000.0
1718 1718 1000.0
1719 1719 1000.0
1720 1720 1000.0
1721 1721 1000.0
1722 1722 1000.0
1723 1723 1000.0
1724 1724 1000.0
1896 1896 1000.0
1897 1897 1000.0
1898 1898 1000.0
1899 1899 1000.0
1900 1900 1000.0
1901 1901 1000.0
1902 1902 1000.0
1903 1903 1000.0
1904 1904 1000.0
1905 1905 1000.0
1906 1906 1000.0
1907 1907 1000.0
1926 1926 1000.0
1927 1927 1000.0
1928 1928 1000.0
1929 1929 1000.0
1930 1930 1000.0
1931 1931 1000.0
1932 1932 1000.0
1933 1933 1000.0
1934 1934 1000.0
1935 1935 1000.0
1936 1936 1000.0
1937 1937 1000.0
1938 1938 1000.0
1939 1939 1000.0
1940 1940 1000.0
1941 1941 1000.0
1942 1942 1000.0
1943 1943 1000.0
1944 1944 1000.0
1945 1945 1000.0
1946 1946 1000.0
1947 1947 1000.0
1948 1948 1000.0
1949 1949 1000.0
1950 1950 1000.0
1951 1951 1000.0
1952 1952 1000.0
1953 1953 1000.0
1954 1954 1000.0
1955 1955 1000.0
1956 1956 1000.0
1957 1957 1000.0
1958 1958 1000.0
1959 1959 1000.0
1960 1960 1000.0
1961 1961 1000.0
1962 1962 1000.0
1963 1963 1000.0
1964 1964 1000.0
1965 1965 1000.0
1966 1966 1000.0
1967 1967 1000.0
1971 1971 1000.0
1972 1972 1000.0
1973 1973 1000.0
1983 1983 1000.0
1984 1984 1000.0
1985 1985 1000.0
1986 1986 1000.0
1987 1987 1000.0
1988 1988 1000.0
