0 0 1000.0
1 1 1000.0
2 2 1000.0
3 3 1000.0
4 4 1000.0
5 5 1000.0
255 255 1000.0
256 256 1000.0
257 257 1000.0
258 258 1000.0
259 259 1000.0
260 260 1000.0
288 288 1000.0
289 289 1000.0
290 290 1000.0
1059 1059 1000.0
1060 1060 1000.0
1061 1061 1000.0
1179 1179 1000.0
1180 1180 1000.0
1181 1181 1000.0
1341 1341 1000.0
1342 1342 1000.0
1343 1343 1000.0
1548 1548 1000.0
1549 1549 1000.0
1550 1550 1000.0
1551 1551 1000.0
1552 1552 1000.0
1553 1553 1000.0
1554 1554 1000.0
1555 1555 1000.0
1556 1556 1000.0
1557 1557 1000.0
1558 1558 1000.0
1559 1559 1000.0
1560 1560 1000.0
1561 1561 1000.0
1562 1562 1000.0
1563 1563 1000.0
1564 1564 1000.0
1565 1565 1000.0
1566 1566 1000.0
1567 1567 1000.0
1568 1568 1000.0
1569 1569 1000.0
1570 1570 1000.0
1571 1571 1000.0
1572 1572 1000.0
1573 1573 1000.0
1574 1574 1000.0
1575 1575 1000.0
1576 1576 1000.0
1577 1577 1000.0
1578 1578 1000.0
1579 1579 1000.0
1580 1580 1000.0
1581 1581 1000.0
1582 1582 1000.0
1583 1583 1000.0
1584 1584 1000.0
1585 1585 1000.0
1586 1586 1000.0
1587 1587 1000.0
1588 1588 1000.0
1589 1589 1000.0
1590 1590 1000.0
1591 1591 1000.0
1592 1592 1000.0
1593 1593 1000.0
1594 1594 1000.0
1595 1595 1000.0
1596 1596 1000.0
1597 1597 1000.0
1598 1598 1000.0
1599 1599 1000.0
1600 1600 1000.0
1601 1601 1000.0
1602 1602 1000.0
1603 1603 1000.0
1604 1604 1000.0
1605 1605 1000.0
1606 1606 1000.0
1607 1607 1000.0
1608 1608 1000.0
1609 1609 1000.0
1610 1610 1000.0
1611 1611 1000.0
1612 1612 1000.0
1613 1613 1000.0
1614 1614 1000.0
1615 1615 1000.0
1616 1616 1000.0
1617 1617 1000.0
1618 1618 1000.0
1619 1619 1000.0
1620 1620 1000.0
1621 1621 1000.0
1622 1622 1000.0
1623 1623 1000.0
1624 1624 1000.0
1625 1625 1000.0
1626 1626 1000.0
1627 1627 1000.0
1628 1628 1000.0
1629 1629 1000.0
1630 1630 1000.0
1631 1631 1000.0
1632 1632 1000.0
1633 1633 1000.0
1634 1634 1000.0
1635 1635 1000.0
1636 1636 1000.0
1637 1637 1000.0
1638 1638 1000.0
1639 1639 1000.0
1640 1640 1000.0
1641 1641 1000.0
1642 1642 1000.0
1643 1643 1000.0
1644 1644 1000.0
1645 1645 1000.0
1646 1646 1000.0
1647 1647 1000.0
1648 1648 1000.0
1649 1649 1000.0
1650 1650 1000.0
1651 1651 1000.0
1652 1652 1000.0
1653 1653 1000.0
1654 1654 1000.0
1655 1655 1000.0
1656 1656 1000.0
1657 1657 1000.0
1658 1658 1000.0
1659 1659 1000.0
1660 1660 1000.0
1661 1661 1000.0
1662 1662 1000.0
1663 1663 1000.0
1664 1664 1000.0
1671 1671 1000.0
1672 1672 1000.0
1673 1673 1000.0
1674 1674 1000.0
1675 1675 1000.0
1676 1676 1000.0
1677 1677 1000.0
1678 1678 1000.0
1679 1679 1000.0
1680 1680 1000.0
1681 1681 1000.0
1682 1682 1000.0
1683 1683 1000.0
1684 1684 1000.0
1685 1685 1000.0
1686 1686 1000.0
1687 1687 1000.0
1688 1688 1000.0
1689 1689 1000.0
1690 1690 1000.0
1691 1691 1000.0
1692 1692 1000.0
1693 1693 1000.0
1694 1694 1000.0
1695 1695 1000.0
1696 1696 1000.0
1697 1697 1000.0
1698 1698 1000.0
1699 1699 1000.0
1700 1700 1000.0
1701 1701 1000.0
1702 1702 1000.0
1703 1703 1000.0
1704 1704 1000.0
1705 1705 1000.0
1706 1706 1000.0
1707 1707 1000.0
1708 1708 1000.0
1709 1709 1000.0
1710 1710 1000.0
1711 1711 1000.0
1712 1712 1000.0
1713 1713 1000.0
1714 1714 1000.0
1715 1715 1000.0
1716 1716 1000.0
1717 1717 1000.0
1718 1718 1000.0
1719 1719 1000.0
1720 1720 1000.0
1721 1721 1000.0
1722 1722 1000.0
1723 1723 1000.0
1724 1724 1000.0
1725 1725 1000.0
1726 1726 1000.0
1727 1727 1000.0
1728 1728 1000.0
1729 1729 1000.0
1730 1730 1000.0
1896 1896 1000.0
1897 1897 1000.0
1898 1898 1000.0
1899 1899 1000.0
1900 1900 1000.0
1901 1901 1000.0
1902 1902 1000.0
1903 1903 1000.0
1904 1904 1000.0
1905 1905 1000.0
1906 1906 1000.0
1907 1907 1000.0
1908 1908 1000.0
1909 1909 1000.0
1910 1910 1000.0
1911 1911 1000.0
1912 1912 1000.0
1913 1913 1000.0
1914 1914 1000.0
1915 1915 1000.0
1916 1916 1000.0
