6 6 1000.0
7 7 1000.0
8 8 1000.0
9 9 1000.0
10 10 1000.0
11 11 1000.0
261 261 1000.0
262 262 1000.0
263 263 1000.0
264 264 1000.0
265 265 1000.0
266 266 1000.0
282 282 1000.0
283 283 1000.0
284 284 1000.0
411 411 1000.0
412 412 1000.0
413 413 1000.0
861 861 1000.0
862 862 1000.0
863 863 1000.0
1047 1047 1000.0
1048 1048 1000.0
1049 1049 1000.0
1050 1050 1000.0
1051 1051 1000.0
1052 1052 1000.0
1053 1053 1000.0
1054 1054 1000.0
1055 1055 1000.0
1056 1056 1000.0
1057 1057 1000.0
1058 1058 1000.0
1062 1062 1000.0
1063 1063 1000.0
1064 1064 1000.0
1065 1065 1000.0
1066 1066 1000.0
1067 1067 1000.0
1068 1068 1000.0
1069 1069 1000.0
1070 1070 1000.0
1071 1071 1000.0
1072 1072 1000.0
1073 1073 1000.0
1074 1074 1000.0
1075 1075 1000.0
1076 1076 1000.0
1077 1077 1000.0
1078 1078 1000.0
1079 1079 1000.0
1080 1080 1000.0
1081 1081 1000.0
1082 1082 1000.0
1083 1083 1000.0
1084 1084 1000.0
1085 1085 1000.0
1086 1086 1000.0
1087 1087 1000.0
1088 1088 1000.0
1089 1089 1000.0
1090 1090 1000.0
1091 1091 1000.0
1092 1092 1000.0
1093 1093 1000.0
1094 1094 1000.0
1095 1095 1000.0
1096 1096 1000.0
1097 1097 1000.0
1098 1098 1000.0
1099 1099 1000.0
1100 1100 1000.0
1101 1101 1000.0
1102 1102 1000.0
1103 1103 1000.0
1104 1104 1000.0
1105 1105 1000.0
1106 1106 1000.0
1107 1107 1000.0
1108 1108 1000.0
1109 1109 1000.0
1110 1110 1000.0
1111 1111 1000.0
1112 1112 1000.0
1113 1113 1000.0
1114 1114 1000.0
1115 1115 1000.0
1119 1119 1000.0
1120 1120 1000.0
1121 1121 1000.0
1122 1122 1000.0
1123 1123 1000.0
1124 1124 1000.0
1125 1125 1000.0
1126 1126 1000.0
1127 1127 1000.0
1128 1128 1000.0
1129 1129 1000.0
1130 1130 1000.0
1131 1131 1000.0
1132 1132 1000.0
1133 1133 1000.0
1134 1134 1000.0
1135 1135 1000.0
1136 1136 1000.0
1137 1137 1000.0
1138 1138 1000.0
1139 1139 1000.0
1140 1140 1000.0
1141 1141 1000.0
1142 1142 1000.0
1143 1143 1000.0
1144 1144 1000.0
1145 1145 1000.0
1146 1146 1000.0
1147 1147 1000.0
1148 1148 1000.0
1149 1149 1000.0
1150 1150 1000.0
1151 1151 1000.0
1152 1152 1000.0
1153 1153 1000.0
1154 1154 1000.0
1155 1155 1000.0
1156 1156 1000.0
1157 1157 1000.0
1158 1158 1000.0
1159 1159 1000.0
1160 1160 1000.0
1161 1161 1000.0
1162 1162 1000.0
1163 1163 1000.0
1164 1164 1000.0
1165 1165 1000.0
1166 1166 1000.0
1167 1167 1000.0
1168 1168 1000.0
1169 1169 1000.0
1170 1170 1000.0
1171 1171 1000.0
1172 1172 1000.0
1173 1173 1000.0
1174 1174 1000.0
1175 1175 1000.0
1185 1185 1000.0
1186 1186 1000.0
1187 1187 1000.0
1188 1188 1000.0
1189 1189 1000.0
1190 1190 1000.0
1191 1191 1000.0
1192 1192 1000.0
1193 1193 1000.0
1194 1194 1000.0
1195 1195 1000.0
1196 1196 1000.0
1197 1197 1000.0
1198 1198 1000.0
1199 1199 1000.0
1200 1200 1000.0
1201 1201 1000.0
1202 1202 1000.0
1203 1203 1000.0
1204 1204 1000.0
1205 1205 1000.0
1206 1206 1000.0
1207 1207 1000.0
1208 1208 1000.0
1209 1209 1000.0
1210 1210 1000.0
1211 1211 1000.0
1437 1437 1000.0
1438 1438 1000.0
1439 1439 1000.0
1440 1440 1000.0
1441 1441 1000.0
1442 1442 1000.0
1443 1443 1000.0
1444 1444 1000.0
1445 1445 1000.0
1446 1446 1000.0
1447 1447 1000.0
1448 1448 1000.0
1449 1449 1000.0
1450 1450 1000.0
1451 1451 1000.0
1452 1452 1000.0
1453 1453 1000.0
1454 1454 1000.0
1455 1455 1000.0
1456 1456 1000.0
1457 1457 1000.0
1815 1815 1000.0
1816 1816 1000.0
1817 1817 1000.0
1818 1818 1000.0
1819 1819 1000.0
1820 1820 1000.0
1821 1821 1000.0
1822 1822 1000.0
1823 1823 1000.0
1824 1824 1000.0
1825 1825 1000.0
1826 1826 1000.0
1827 1827 1000.0
1828 1828 1000.0
1829 1829 1000.0
1830 1830 1000.0
1831 1831 1000.0
1832 1832 1000.0
1833 1833 1000.0
1834 1834 1000.0
1835 1835 1000.0
2136 2136 1000.0
2137 2137 1000.0
2138 2138 1000.0
2139 2139 1000.0
2140 2140 1000.0
2141 2141 1000.0
