255 255 1000.0
256 256 1000.0
257 257 1000.0
258 258 1000.0
259 259 1000.0
260 260 1000.0
261 261 1000.0
262 262 1000.0
263 263 1000.0
264 264 1000.0
265 265 1000.0
266 266 1000.0
408 408 1000.0
409 409 1000.0
410 410 1000.0
1164 1164 1000.0
1165 1165 1000.0
1166 1166 1000.0
1167 1167 1000.0
1168 1168 1000.0
1169 1169 1000.0
1170 1170 1000.0
1171 1171 1000.0
1172 1172 1000.0
1173 1173 1000.0
1174 1174 1000.0
1175 1175 1000.0
1212 1212 1000.0
1213 1213 1000.0
1214 1214 1000.0
1215 1215 1000.0
1216 1216 1000.0
1217 1217 1000.0
1218 1218 1000.0
1219 1219 1000.0
1220 1220 1000.0
1221 1221 1000.0
1222 1222 1000.0
1223 1223 1000.0
1224 1224 1000.0
1225 1225 1000.0
1226 1226 1000.0
1227 1227 1000.0
1228 1228 1000.0
1229 1229 1000.0
1230 1230 1000.0
1231 1231 1000.0
1232 1232 1000.0
1233 1233 1000.0
1234 1234 1000.0
1235 1235 1000.0
1236 1236 1000.0
1237 1237 1000.0
1238 1238 1000.0
1239 1239 1000.0
1240 1240 1000.0
1241 1241 1000.0
1242 1242 1000.0
1243 1243 1000.0
1244 1244 1000.0
1245 1245 1000.0
1246 1246 1000.0
1247 1247 1000.0
1248 1248 1000.0
1249 1249 1000.0
1250 1250 1000.0
1251 1251 1000.0
1252 1252 1000.0
1253 1253 1000.0
1254 1254 1000.0
1255 1255 1000.0
1256 1256 1000.0
1257 1257 1000.0
1258 1258 1000.0
1259 1259 1000.0
1260 1260 1000.0
1261 1261 1000.0
1262 1262 1000.0
1263 1263 1000.0
1264 1264 1000.0
1265 1265 1000.0
1266 1266 1000.0
1267 1267 1000.0
1268 1268 1000.0
1269 1269 1000.0
1270 1270 1000.0
1271 1271 1000.0
1272 1272 1000.0
1273 1273 1000.0
1274 1274 1000.0
1275 1275 1000.0
1276 1276 1000.0
1277 1277 1000.0
1278 1278 1000.0
1279 1279 1000.0
1280 1280 1000.0
1281 1281 1000.0
1282 1282 1000.0
1283 1283 1000.0
1284 1284 1000.0
1285 1285 1000.0
1286 1286 1000.0
1287 1287 1000.0
1288 1288 1000.0
1289 1289 1000.0
1290 1290 1000.0
1291 1291 1000.0
1292 1292 1000.0
1293 1293 1000.0
1294 1294 1000.0
1295 1295 1000.0
1296 1296 1000.0
1297 1297 1000.0
1298 1298 1000.0
1299 1299 1000.0
1300 1300 1000.0
1301 1301 1000.0
1302 1302 1000.0
1303 1303 1000.0
1304 1304 1000.0
1305 1305 1000.0
1306 1306 1000.0
1307 1307 1000.0
1308 1308 1000.0
1309 1309 1000.0
1310 1310 1000.0
1311 1311 1000.0
1312 1312 1000.0
1313 1313 1000.0
1644 1644 1000.0
1645 1645 1000.0
1646 1646 1000.0
1647 1647 1000.0
1648 1648 1000.0
1649 1649 1000.0
1650 1650 1000.0
1651 1651 1000.0
1652 1652 1000.0
1653 1653 1000.0
1654 1654 1000.0
1655 1655 1000.0
1656 1656 1000.0
1657 1657 1000.0
1658 1658 1000.0
1659 1659 1000.0
1660 1660 1000.0
1661 1661 1000.0
1662 1662 1000.0
1663 1663 1000.0
1664 1664 1000.0
2097 2097 1000.0
2098 2098 1000.0
2099 2099 1000.0
2100 2100 1000.0
2101 2101 1000.0
2102 2102 1000.0
2103 2103 1000.0
2104 2104 1000.0
2105 2105 1000.0
2106 2106 1000.0
2107 2107 1000.0
2108 2108 1000.0
2109 2109 1000.0
2110 2110 1000.0
2111 2111 1000.0
2112 2112 1000.0
2113 2113 1000.0
2114 2114 1000.0
2115 2115 1000.0
2116 2116 1000.0
2117 2117 1000.0
2118 2118 1000.0
2119 2119 1000.0
2120 2120 1000.0
2121 2121 1000.0
2122 2122 1000.0
2123 2123 1000.0
2124 2124 1000.0
2125 2125 1000.0
2126 2126 1000.0
2127 2127 1000.0
2128 2128 1000.0
2129 2129 1000.0
2130 2130 1000.0
2131 2131 1000.0
2132 2132 1000.0
2133 2133 1000.0
2134 2134 1000.0
2135 2135 1000.0
2136 2136 1000.0
2137 2137 1000.0
2138 2138 1000.0
2139 2139 1000.0
2140 2140 1000.0
2141 2141 1000.0
2142 2142 1000.0
2143 2143 1000.0
2144 2144 1000.0
2145 2145 1000.0
2146 2146 1000.0
2147 2147 1000.0
2148 2148 1000.0
2149 2149 1000.0
2150 2150 1000.0
2151 2151 1000.0
2152 2152 1000.0
2153 2153 1000.0
2154 2154 1000.0
2155 2155 1000.0
2156 2156 1000.0
2157 2157 1000.0
2158 2158 1000.0
2159 2159 1000.0
