255 255 1000.0
256 256 1000.0
257 257 1000.0
258 258 1000.0
259 259 1000.0
260 260 1000.0
288 288 1000.0
289 289 1000.0
290 290 1000.0
408 408 1000.0
409 409 1000.0
410 410 1000.0
1059 1059 1000.0
1060 1060 1000.0
1061 1061 1000.0
1215 1215 1000.0
1216 1216 1000.0
1217 1217 1000.0
1218 1218 1000.0
1219 1219 1000.0
1220 1220 1000.0
1221 1221 1000.0
1222 1222 1000.0
1223 1223 1000.0
1224 1224 1000.0
1225 1225 1000.0
1226 1226 1000.0
1227 1227 1000.0
1228 1228 1000.0
1229 1229 1000.0
1230 1230 1000.0
1231 1231 1000.0
1232 1232 1000.0
1233 1233 1000.0
1234 1234 1000.0
1235 1235 1000.0
1236 1236 1000.0
1237 1237 1000.0
1238 1238 1000.0
1239 1239 1000.0
1240 1240 1000.0
1241 1241 1000.0
1242 1242 1000.0
1243 1243 1000.0
1244 1244 1000.0
1245 1245 1000.0
1246 1246 1000.0
1247 1247 1000.0
1248 1248 1000.0
1249 1249 1000.0
1250 1250 1000.0
1251 1251 1000.0
1252 1252 1000.0
1253 1253 1000.0
1254 1254 1000.0
1255 1255 1000.0
1256 1256 1000.0
1257 1257 1000.0
1258 1258 1000.0
1259 1259 1000.0
1260 1260 1000.0
1261 1261 1000.0
1262 1262 1000.0
1263 1263 1000.0
1264 1264 1000.0
1265 1265 1000.0
1266 1266 1000.0
1267 1267 1000.0
1268 1268 1000.0
1269 1269 1000.0
1270 1270 1000.0
1271 1271 1000.0
1548 1548 1000.0
1549 1549 1000.0
1550 1550 1000.0
1584 1584 1000.0
1585 1585 1000.0
1586 1586 1000.0
1587 1587 1000.0
1588 1588 1000.0
1589 1589 1000.0
1590 1590 1000.0
1591 1591 1000.0
1592 1592 1000.0
1593 1593 1000.0
1594 1594 1000.0
1595 1595 1000.0
1596 1596 1000.0
1597 1597 1000.0
1598 1598 1000.0
1599 1599 1000.0
1600 1600 1000.0
1601 1601 1000.0
1602 1602 1000.0
1603 1603 1000.0
1604 1604 1000.0
1605 1605 1000.0
1606 1606 1000.0
1607 1607 1000.0
1608 1608 1000.0
1609 1609 1000.0
1610 1610 1000.0
1611 1611 1000.0
1612 1612 1000.0
1613 1613 1000.0
1614 1614 1000.0
1615 1615 1000.0
1616 1616 1000.0
1617 1617 1000.0
1618 1618 1000.0
1619 1619 1000.0
1620 1620 1000.0
1621 1621 1000.0
1622 1622 1000.0
1623 1623 1000.0
1624 1624 1000.0
1625 1625 1000.0
1626 1626 1000.0
1627 1627 1000.0
1628 1628 1000.0
1629 1629 1000.0
1630 1630 1000.0
1631 1631 1000.0
1632 1632 1000.0
1633 1633 1000.0
1634 1634 1000.0
1635 1635 1000.0
1636 1636 1000.0
1637 1637 1000.0
1638 1638 1000.0
1639 1639 1000.0
1640 1640 1000.0
1641 1641 1000.0
1642 1642 1000.0
1643 1643 1000.0
1644 1644 1000.0
1645 1645 1000.0
1646 1646 1000.0
1647 1647 1000.0
1648 1648 1000.0
1649 1649 1000.0
1650 1650 1000.0
1651 1651 1000.0
1652 1652 1000.0
1653 1653 1000.0
1654 1654 1000.0
1655 1655 1000.0
1656 1656 1000.0
1657 1657 1000.0
1658 1658 1000.0
1659 1659 1000.0
1660 1660 1000.0
1661 1661 1000.0
1662 1662 1000.0
1663 1663 1000.0
1664 1664 1000.0
1725 1725 1000.0
1726 1726 1000.0
1727 1727 1000.0
1728 1728 1000.0
1729 1729 1000.0
1730 1730 1000.0
1908 1908 1000.0
1909 1909 1000.0
1910 1910 1000.0
1911 1911 1000.0
1912 1912 1000.0
1913 1913 1000.0
1914 1914 1000.0
1915 1915 1000.0
1916 1916 1000.0
2097 2097 1000.0
2098 2098 1000.0
2099 2099 1000.0
2142 2142 1000.0
2143 2143 1000.0
2144 2144 1000.0
2145 2145 1000.0
2146 2146 1000.0
2147 2147 1000.0
2148 2148 1000.0
2149 2149 1000.0
2150 2150 1000.0
