261 261 1000.0
262 262 1000.0
263 263 1000.0
264 264 1000.0
265 265 1000.0
266 266 1000.0
1047 1047 1000.0
1048 1048 1000.0
1049 1049 1000.0
1083 1083 1000.0
1084 1084 1000.0
1085 1085 1000.0
1086 1086 1000.0
1087 1087 1000.0
1088 1088 1000.0
1089 1089 1000.0
1090 1090 1000.0
1091 1091 1000.0
1092 1092 1000.0
1093 1093 1000.0
1094 1094 1000.0
1095 1095 1000.0
1096 1096 1000.0
1097 1097 1000.0
1098 1098 1000.0
1099 1099 1000.0
1100 1100 1000.0
1101 1101 1000.0
1102 1102 1000.0
1103 1103 1000.0
1104 1104 1000.0
1105 1105 1000.0
1106 1106 1000.0
1107 1107 1000.0
1108 1108 1000.0
1109 1109 1000.0
1110 1110 1000.0
1111 1111 1000.0
1112 1112 1000.0
1113 1113 1000.0
1114 1114 1000.0
1115 1115 1000.0
1119 1119 1000.0
1120 1120 1000.0
1121 1121 1000.0
1122 1122 1000.0
1123 1123 1000.0
1124 1124 1000.0
1125 1125 1000.0
1126 1126 1000.0
1127 1127 1000.0
1128 1128 1000.0
1129 1129 1000.0
1130 1130 1000.0
1131 1131 1000.0
1132 1132 1000.0
1133 1133 1000.0
1134 1134 1000.0
1135 1135 1000.0
1136 1136 1000.0
1137 1137 1000.0
1138 1138 1000.0
1139 1139 1000.0
1140 1140 1000.0
1141 1141 1000.0
1142 1142 1000.0
1143 1143 1000.0
1144 1144 1000.0
1145 1145 1000.0
1146 1146 1000.0
1147 1147 1000.0
1148 1148 1000.0
1149 1149 1000.0
1150 1150 1000.0
1151 1151 1000.0
1152 1152 1000.0
1153 1153 1000.0
1154 1154 1000.0
1155 1155 1000.0
1156 1156 1000.0
1157 1157 1000.0
1158 1158 1000.0
1159 1159 1000.0
1160 1160 1000.0
1161 1161 1000.0
1162 1162 1000.0
1163 1163 1000.0
1164 1164 1000.0
1165 1165 1000.0
1166 1166 1000.0
1167 1167 1000.0
1168 1168 1000.0
1169 1169 1000.0
1170 1170 1000.0
1171 1171 1000.0
1172 1172 1000.0
1173 1173 1000.0
1174 1174 1000.0
1175 1175 1000.0
1206 1206 1000.0
1207 1207 1000.0
1208 1208 1000.0
1209 1209 1000.0
1210 1210 1000.0
1211 1211 1000.0
1212 1212 1000.0
1213 1213 1000.0
1214 1214 1000.0
1272 1272 1000.0
1273 1273 1000.0
1274 1274 1000.0
1275 1275 1000.0
1276 1276 1000.0
1277 1277 1000.0
1278 1278 1000.0
1279 1279 1000.0
1280 1280 1000.0
1281 1281 1000.0
1282 1282 1000.0
1283 1283 1000.0
1284 1284 1000.0
1285 1285 1000.0
1286 1286 1000.0
1287 1287 1000.0
1288 1288 1000.0
1289 1289 1000.0
1290 1290 1000.0
1291 1291 1000.0
1292 1292 1000.0
1293 1293 1000.0
1294 1294 1000.0
1295 1295 1000.0
1296 1296 1000.0
1297 1297 1000.0
1298 1298 1000.0
1299 1299 1000.0
1300 1300 1000.0
1301 1301 1000.0
1302 1302 1000.0
1303 1303 1000.0
1304 1304 1000.0
1305 1305 1000.0
1306 1306 1000.0
1307 1307 1000.0
1308 1308 1000.0
1309 1309 1000.0
1310 1310 1000.0
1311 1311 1000.0
1312 1312 1000.0
1313 1313 1000.0
1815 1815 1000.0
1816 1816 1000.0
1817 1817 1000.0
1818 1818 1000.0
1819 1819 1000.0
1820 1820 1000.0
1833 1833 1000.0
1834 1834 1000.0
1835 1835 1000.0
2100 2100 1000.0
2101 2101 1000.0
2102 2102 1000.0
2103 2103 1000.0
2104 2104 1000.0
2105 2105 1000.0
2106 2106 1000.0
2107 2107 1000.0
2108 2108 1000.0
2109 2109 1000.0
2110 2110 1000.0
2111 2111 1000.0
2112 2112 1000.0
2113 2113 1000.0
2114 2114 1000.0
2115 2115 1000.0
2116 2116 1000.0
2117 2117 1000.0
2118 2118 1000.0
2119 2119 1000.0
2120 2120 1000.0
2121 2121 1000.0
2122 2122 1000.0
2123 2123 1000.0
2124 2124 1000.0
2125 2125 1000.0
2126 2126 1000.0
2127 2127 1000.0
2128 2128 1000.0
2129 2129 1000.0
2130 2130 1000.0
2131 2131 1000.0
2132 2132 1000.0
2133 2133 1000.0
2134 2134 1000.0
2135 2135 1000.0
2136 2136 1000.0
2137 2137 1000.0
2138 2138 1000.0
2139 2139 1000.0
2140 2140 1000.0
2141 2141 1000.0
2151 2151 1000.0
2152 2152 1000.0
2153 2153 1000.0
2154 2154 1000.0
2155 2155 1000.0
2156 2156 1000.0
2157 2157 1000.0
2158 2158 1000.0
2159 2159 1000.0
