6 6 1000.0
7 7 1000.0
8 8 1000.0
9 9 1000.0
10 10 1000.0
11 11 1000.0
282 282 1000.0
283 283 1000.0
284 284 1000.0
411 411 1000.0
412 412 1000.0
413 413 1000.0
861 861 1000.0
862 862 1000.0
863 863 1000.0
1050 1050 1000.0
1051 1051 1000.0
1052 1052 1000.0
1053 1053 1000.0
1054 1054 1000.0
1055 1055 1000.0
1056 1056 1000.0
1057 1057 1000.0
1058 1058 1000.0
1062 1062 1000.0
1063 1063 1000.0
1064 1064 1000.0
1065 1065 1000.0
1066 1066 1000.0
1067 1067 1000.0
1068 1068 1000.0
1069 1069 1000.0
1070 1070 1000.0
1071 1071 1000.0
1072 1072 1000.0
1073 1073 1000.0
1074 1074 1000.0
1075 1075 1000.0
1076 1076 1000.0
1077 1077 1000.0
1078 1078 1000.0
1079 1079 1000.0
1080 1080 1000.0
1081 1081 1000.0
1082 1082 1000.0
1185 1185 1000.0
1186 1186 1000.0
1187 1187 1000.0
1188 1188 1000.0
1189 1189 1000.0
1190 1190 1000.0
1191 1191 1000.0
1192 1192 1000.0
1193 1193 1000.0
1194 1194 1000.0
1195 1195 1000.0
1196 1196 1000.0
1197 1197 1000.0
1198 1198 1000.0
1199 1199 1000.0
1200 1200 1000.0
1201 1201 1000.0
1202 1202 1000.0
1203 1203 1000.0
1204 1204 1000.0
1205 1205 1000.0
1371 1371 1000.0
1372 1372 1000.0
1373 1373 1000.0
1374 1374 1000.0
1375 1375 1000.0
1376 1376 1000.0
1377 1377 1000.0
1378 1378 1000.0
1379 1379 1000.0
1380 1380 1000.0
1381 1381 1000.0
1382 1382 1000.0
1383 1383 1000.0
1384 1384 1000.0
1385 1385 1000.0
1386 1386 1000.0
1387 1387 1000.0
1388 1388 1000.0
1389 1389 1000.0
1390 1390 1000.0
1391 1391 1000.0
1392 1392 1000.0
1393 1393 1000.0
1394 1394 1000.0
1395 1395 1000.0
1396 1396 1000.0
1397 1397 1000.0
1398 1398 1000.0
1399 1399 1000.0
1400 1400 1000.0
1401 1401 1000.0
1402 1402 1000.0
1403 1403 1000.0
1404 1404 1000.0
1405 1405 1000.0
1406 1406 1000.0
1407 1407 1000.0
1408 1408 1000.0
1409 1409 1000.0
1410 1410 1000.0
1411 1411 1000.0
1412 1412 1000.0
1413 1413 1000.0
1414 1414 1000.0
1415 1415 1000.0
1416 1416 1000.0
1417 1417 1000.0
1418 1418 1000.0
1419 1419 1000.0
1420 1420 1000.0
1421 1421 1000.0
1422 1422 1000.0
1423 1423 1000.0
1424 1424 1000.0
1425 1425 1000.0
1426 1426 1000.0
1427 1427 1000.0
1428 1428 1000.0
1429 1429 1000.0
1430 1430 1000.0
1431 1431 1000.0
1432 1432 1000.0
1433 1433 1000.0
1434 1434 1000.0
1435 1435 1000.0
1436 1436 1000.0
1437 1437 1000.0
1438 1438 1000.0
1439 1439 1000.0
1440 1440 1000.0
1441 1441 1000.0
1442 1442 1000.0
1443 1443 1000.0
1444 1444 1000.0
1445 1445 1000.0
1446 1446 1000.0
1447 1447 1000.0
1448 1448 1000.0
1449 1449 1000.0
1450 1450 1000.0
1451 1451 1000.0
1452 1452 1000.0
1453 1453 1000.0
1454 1454 1000.0
1455 1455 1000.0
1456 1456 1000.0
1457 1457 1000.0
1821 1821 1000.0
1822 1822 1000.0
1823 1823 1000.0
1824 1824 1000.0
1825 1825 1000.0
1826 1826 1000.0
1827 1827 1000.0
1828 1828 1000.0
1829 1829 1000.0
1830 1830 1000.0
1831 1831 1000.0
1832 1832 1000.0
1968 1968 1000.0
1969 1969 1000.0
1970 1970 1000.0
1974 1974 1000.0
1975 1975 1000.0
1976 1976 1000.0
1977 1977 1000.0
1978 1978 1000.0
1979 1979 1000.0
1980 1980 1000.0
1981 1981 1000.0
1982 1982 1000.0
1989 1989 1000.0
1990 1990 1000.0
1991 1991 1000.0
1992 1992 1000.0
1993 1993 1000.0
1994 1994 1000.0
1995 1995 1000.0
1996 1996 1000.0
1997 1997 1000.0
1998 1998 1000.0
1999 1999 1000.0
2000 2000 1000.0
