0 0 1000.0
1 1 1000.0
2 2 1000.0
6 6 1000.0
7 7 1000.0
8 8 1000.0
255 255 1000.0
256 256 1000.0
257 257 1000.0
261 261 1000.0
262 262 1000.0
263 263 1000.0
1344 1344 1000.0
1345 1345 1000.0
1346 1346 1000.0
1350 1350 1000.0
1351 1351 1000.0
1352 1352 1000.0
1356 1356 1000.0
1357 1357 1000.0
1358 1358 1000.0
1362 1362 1000.0
1363 1363 1000.0
1364 1364 1000.0
1371 1371 1000.0
1372 1372 1000.0
1373 1373 1000.0
1386 1386 1000.0
1387 1387 1000.0
1388 1388 1000.0
1404 1404 1000.0
1405 1405 1000.0
1406 1406 1000.0
1551 1551 1000.0
1552 1552 1000.0
1553 1553 1000.0
1557 1557 1000.0
1558 1558 1000.0
1559 1559 1000.0
1560 1560 1000.0
1561 1561 1000.0
1562 1562 1000.0
1572 1572 1000.0
1573 1573 1000.0
1574 1574 1000.0
1584 1584 1000.0
1585 1585 1000.0
1586 1586 1000.0
1593 1593 1000.0
1594 1594 1000.0
1595 1595 1000.0
1611 1611 1000.0
1612 1612 1000.0
1613 1613 1000.0
1743 1743 1000.0
1744 1744 1000.0
1745 1745 1000.0
1746 1746 1000.0
1747 1747 1000.0
1748 1748 1000.0
1749 1749 1000.0
1750 1750 1000.0
1751 1751 1000.0
1752 1752 1000.0
1753 1753 1000.0
1754 1754 1000.0
1755 1755 1000.0
1756 1756 1000.0
1757 1757 1000.0
1758 1758 1000.0
1759 1759 1000.0
1760 1760 1000.0
1761 1761 1000.0
1762 1762 1000.0
1763 1763 1000.0
1764 1764 1000.0
1765 1765 1000.0
1766 1766 1000.0
1767 1767 1000.0
1768 1768 1000.0
1769 1769 1000.0
1770 1770 1000.0
1771 1771 1000.0
1772 1772 1000.0
1773 1773 1000.0
1774 1774 1000.0
1775 1775 1000.0
1776 1776 1000.0
1777 1777 1000.0
1778 1778 1000.0
1779 1779 1000.0
1780 1780 1000.0
1781 1781 1000.0
1782 1782 1000.0
1783 1783 1000.0
1784 1784 1000.0
1785 1785 1000.0
1786 1786 1000.0
1787 1787 1000.0
1788 1788 1000.0
1789 1789 1000.0
1790 1790 1000.0
1791 1791 1000.0
1792 1792 1000.0
1793 1793 1000.0
1794 1794 1000.0
1795 1795 1000.0
1796 1796 1000.0
1797 1797 1000.0
1798 1798 1000.0
1799 1799 1000.0
1800 1800 1000.0
1801 1801 1000.0
1802 1802 1000.0
1803 1803 1000.0
1804 1804 1000.0
1805 1805 1000.0
1806 1806 1000.0
1807 1807 1000.0
1808 1808 1000.0
1809 1809 1000.0
1810 1810 1000.0
1811 1811 1000.0
1812 1812 1000.0
1813 1813 1000.0
1814 1814 1000.0
1815 1815 1000.0
1816 1816 1000.0
1817 1817 1000.0
1818 1818 1000.0
1819 1819 1000.0
1820 1820 1000.0
1821 1821 1000.0
1822 1822 1000.0
1823 1823 1000.0
1824 1824 1000.0
1825 1825 1000.0
1826 1826 1000.0
1827 1827 1000.0
1828 1828 1000.0
1829 1829 1000.0
1830 1830 1000.0
1831 1831 1000.0
1832 1832 1000.0
1833 1833 1000.0
1834 1834 1000.0
1835 1835 1000.0
2019 2019 1000.0
2020 2020 1000.0
2021 2021 1000.0
2022 2022 1000.0
2023 2023 1000.0
2024 2024 1000.0
2025 2025 1000.0
2026 2026 1000.0
2027 2027 1000.0
2028 2028 1000.0
2029 2029 1000.0
2030 2030 1000.0
2031 2031 1000.0
2032 2032 1000.0
2033 2033 1000.0
2034 2034 1000.0
2035 2035 1000.0
2036 2036 1000.0
2037 2037 1000.0
2038 2038 1000.0
2039 2039 1000.0
2040 2040 1000.0
2041 2041 1000.0
2042 2042 1000.0
2043 2043 1000.0
2044 2044 1000.0
2045 2045 1000.0
2046 2046 1000.0
2047 2047 1000.0
2048 2048 1000.0
2049 2049 1000.0
2050 2050 1000.0
2051 2051 1000.0
2052 2052 1000.0
2053 2053 1000.0
2054 2054 1000.0
2055 2055 1000.0
2056 2056 1000.0
2057 2057 1000.0
2058 2058 1000.0
2059 2059 1000.0
2060 2060 1000.0
2061 2061 1000.0
2062 2062 1000.0
2063 2063 1000.0
2064 2064 1000.0
2065 2065 1000.0
2066 2066 1000.0
2067 2067 1000.0
2068 2068 1000.0
2069 2069 1000.0
2070 2070 1000.0
2071 2071 1000.0
2072 2072 1000.0
2073 2073 1000.0
2074 2074 1000.0
2075 2075 1000.0
2076 2076 1000.0
2077 2077 1000.0
2078 2078 1000.0
2079 2079 1000.0
2080 2080 1000.0
2081 2081 1000.0
2082 2082 1000.0
2083 2083 1000.0
2084 2084 1000.0
2085 2085 1000.0
2086 2086 1000.0
2087 2087 1000.0
2088 2088 1000.0
2089 2089 1000.0
2090 2090 1000.0
2142 2142 1000.0
2143 2143 1000.0
2144 2144 1000.0
2145 2145 1000.0
2146 2146 1000.0
2147 2147 1000.0
2148 2148 1000.0
2149 2149 1000.0
2150 2150 1000.0
2151 2151 1000.0
2152 2152 1000.0
2153 2153 1000.0
2154 2154 1000.0
2155 2155 1000.0
2156 2156 1000.0
2157 2157 1000.0
2158 2158 1000.0
2159 2159 1000.0
