0 0 1000.0
1 1 1000.0
2 2 1000.0
3 3 1000.0
4 4 1000.0
5 5 1000.0
6 6 1000.0
7 7 1000.0
8 8 1000.0
9 9 1000.0
10 10 1000.0
11 11 1000.0
1341 1341 1000.0
1342 1342 1000.0
1343 1343 1000.0
1344 1344 1000.0
1345 1345 1000.0
1346 1346 1000.0
1347 1347 1000.0
1348 1348 1000.0
1349 1349 1000.0
1350 1350 1000.0
1351 1351 1000.0
1352 1352 1000.0
1353 1353 1000.0
1354 1354 1000.0
1355 1355 1000.0
1356 1356 1000.0
1357 1357 1000.0
1358 1358 1000.0
1359 1359 1000.0
1360 1360 1000.0
1361 1361 1000.0
1362 1362 1000.0
1363 1363 1000.0
1364 1364 1000.0
1365 1365 1000.0
1366 1366 1000.0
1367 1367 1000.0
1368 1368 1000.0
1369 1369 1000.0
1370 1370 1000.0
1371 1371 1000.0
1372 1372 1000.0
1373 1373 1000.0
1374 1374 1000.0
1375 1375 1000.0
1376 1376 1000.0
1377 1377 1000.0
1378 1378 1000.0
1379 1379 1000.0
1380 1380 1000.0
1381 1381 1000.0
1382 1382 1000.0
1383 1383 1000.0
1384 1384 1000.0
1385 1385 1000.0
1386 1386 1000.0
1387 1387 1000.0
1388 1388 1000.0
1389 1389 1000.0
1390 1390 1000.0
1391 1391 1000.0
1392 1392 1000.0
1393 1393 1000.0
1394 1394 1000.0
1395 1395 1000.0
1396 1396 1000.0
1397 1397 1000.0
1398 1398 1000.0
1399 1399 1000.0
1400 1400 1000.0
1401 1401 1000.0
1402 1402 1000.0
1403 1403 1000.0
1404 1404 1000.0
1405 1405 1000.0
1406 1406 1000.0
1407 1407 1000.0
1408 1408 1000.0
1409 1409 1000.0
1410 1410 1000.0
1411 1411 1000.0
1412 1412 1000.0
1413 1413 1000.0
1414 1414 1000.0
1415 1415 1000.0
1416 1416 1000.0
1417 1417 1000.0
1418 1418 1000.0
1419 1419 1000.0
1420 1420 1000.0
1421 1421 1000.0
1422 1422 1000.0
1423 1423 1000.0
1424 1424 1000.0
1425 1425 1000.0
1426 1426 1000.0
1427 1427 1000.0
1428 1428 1000.0
1429 1429 1000.0
1430 1430 1000.0
1431 1431 1000.0
1432 1432 1000.0
1433 1433 1000.0
1434 1434 1000.0
1435 1435 1000.0
1436 1436 1000.0
1437 1437 1000.0
1438 1438 1000.0
1439 1439 1000.0
1440 1440 1000.0
1441 1441 1000.0
1442 1442 1000.0
1443 1443 1000.0
1444 1444 1000.0
1445 1445 1000.0
1446 1446 1000.0
1447 1447 1000.0
1448 1448 1000.0
1449 1449 1000.0
1450 1450 1000.0
1451 1451 1000.0
1452 1452 1000.0
1453 1453 1000.0
1454 1454 1000.0
1455 1455 1000.0
1456 1456 1000.0
1457 1457 1000.0
1674 1674 1000.0
1675 1675 1000.0
1676 1676 1000.0
1677 1677 1000.0
1678 1678 1000.0
1679 1679 1000.0
1680 1680 1000.0
1681 1681 1000.0
1682 1682 1000.0
1683 1683 1000.0
1684 1684 1000.0
1685 1685 1000.0
1686 1686 1000.0
1687 1687 1000.0
1688 1688 1000.0
1689 1689 1000.0
1690 1690 1000.0
1691 1691 1000.0
1926 1926 1000.0
1927 1927 1000.0
1928 1928 1000.0
1929 1929 1000.0
1930 1930 1000.0
1931 1931 1000.0
1932 1932 1000.0
1933 1933 1000.0
1934 1934 1000.0
1935 1935 1000.0
1936 1936 1000.0
1937 1937 1000.0
1938 1938 1000.0
1939 1939 1000.0
1940 1940 1000.0
1941 1941 1000.0
1942 1942 1000.0
1943 1943 1000.0
1944 1944 1000.0
1945 1945 1000.0
1946 1946 1000.0
1947 1947 1000.0
1948 1948 1000.0
1949 1949 1000.0
1950 1950 1000.0
1951 1951 1000.0
1952 1952 1000.0
1953 1953 1000.0
1954 1954 1000.0
1955 1955 1000.0
1956 1956 1000.0
1957 1957 1000.0
1958 1958 1000.0
1959 1959 1000.0
1960 1960 1000.0
1961 1961 1000.0
1962 1962 1000.0
1963 1963 1000.0
1964 1964 1000.0
1965 1965 1000.0
1966 1966 1000.0
1967 1967 1000.0
1968 1968 1000.0
1969 1969 1000.0
1970 1970 1000.0
1971 1971 1000.0
1972 1972 1000.0
1973 1973 1000.0
1974 1974 1000.0
1975 1975 1000.0
1976 1976 1000.0
1977 1977 1000.0
1978 1978 1000.0
1979 1979 1000.0
1980 1980 1000.0
1981 1981 1000.0
1982 1982 1000.0
1983 1983 1000.0
1984 1984 1000.0
1985 1985 1000.0
1986 1986 1000.0
1987 1987 1000.0
1988 1988 1000.0
1989 1989 1000.0
1990 1990 1000.0
1991 1991 1000.0
1992 1992 1000.0
1993 1993 1000.0
1994 1994 1000.0
1995 1995 1000.0
1996 1996 1000.0
1997 1997 1000.0
1998 1998 1000.0
1999 1999 1000.0
2000 2000 1000.0
