6 6 1.0
7 7 1.0
8 8 1.0
9 9 1.0
10 10 1.0
11 11 1.0
261 261 1.0
262 262 1.0
263 263 1.0
264 264 1.0
265 265 1.0
266 266 1.0
282 282 1.0
283 283 1.0
284 284 1.0
411 411 1.0
412 412 1.0
413 413 1.0
861 861 1.0
862 862 1.0
863 863 1.0
1047 1047 1.0
1048 1048 1.0
1049 1049 1.0
1050 1050 1.0
1051 1051 1.0
1052 1052 1.0
1053 1053 1.0
1054 1054 1.0
1055 1055 1.0
1056 1056 1.0
1057 1057 1.0
1058 1058 1.0
1062 1062 1.0
1063 1063 1.0
1064 1064 1.0
1065 1065 1.0
1066 1066 1.0
1067 1067 1.0
1068 1068 1.0
1069 1069 1.0
1070 1070 1.0
1071 1071 1.0
1072 1072 1.0
1073 1073 1.0
1074 1074 1.0
1075 1075 1.0
1076 1076 1.0
1077 1077 1.0
1078 1078 1.0
1079 1079 1.0
1080 1080 1.0
1081 1081 1.0
1082 1082 1.0
1083 1083 1.0
1084 1084 1.0
1085 1085 1.0
1086 1086 1.0
1087 1087 1.0
1088 1088 1.0
1089 1089 1.0
1090 1090 1.0
1091 1091 1.0
1092 1092 1.0
1093 1093 1.0
1094 1094 1.0
1095 1095 1.0
1096 1096 1.0
1097 1097 1.0
1098 1098 1.0
1099 1099 1.0
1100 1100 1.0
1101 1101 1.0
1102 1102 1.0
1103 1103 1.0
1104 1104 1.0
1105 1105 1.0
1106 1106 1.0
1107 1107 1.0
1108 1108 1.0
1109 1109 1.0
1110 1110 1.0
1111 1111 1.0
1112 1112 1.0
1113 1113 1.0
1114 1114 1.0
1115 1115 1.0
1119 1119 1.0
1120 1120 1.0
1121 1121 1.0
1122 1122 1.0
1123 1123 1.0
1124 1124 1.0
1125 1125 1.0
1126 1126 1.0
1127 1127 1.0
1128 1128 1.0
1129 1129 1.0
1130 1130 1.0
1131 1131 1.0
1132 1132 1.0
1133 1133 1.0
1134 1134 1.0
1135 1135 1.0
1136 1136 1.0
1137 1137 1.0
1138 1138 1.0
1139 1139 1.0
1140 1140 1.0
1141 1141 1.0
1142 1142 1.0
1143 1143 1.0
1144 1144 1.0
1145 1145 1.0
1146 1146 1.0
1147 1147 1.0
1148 1148 1.0
1149 1149 1.0
1150 1150 1.0
1151 1151 1.0
1152 1152 1.0
1153 1153 1.0
1154 1154 1.0
1155 1155 1.0
1156 1156 1.0
1157 1157 1.0
1158 1158 1.0
1159 1159 1.0
1160 1160 1.0
1161 1161 1.0
1162 1162 1.0
1163 1163 1.0
1164 1164 1.0
1165 1165 1.0
1166 1166 1.0
1167 1167 1.0
1168 1168 1.0
1169 1169 1.0
1170 1170 1.0
1171 1171 1.0
1172 1172 1.0
1173 1173 1.0
1174 1174 1.0
1175 1175 1.0
1185 1185 1.0
1186 1186 1.0
1187 1187 1.0
1188 1188 1.0
1189 1189 1.0
1190 1190 1.0
1191 1191 1.0
1192 1192 1.0
1193 1193 1.0
1194 1194 1.0
1195 1195 1.0
1196 1196 1.0
1197 1197 1.0
1198 1198 1.0
1199 1199 1.0
1200 1200 1.0
1201 1201 1.0
1202 1202 1.0
1203 1203 1.0
1204 1204 1.0
1205 1205 1.0
1206 1206 1.0
1207 1207 1.0
1208 1208 1.0
1209 1209 1.0
1210 1210 1.0
1211 1211 1.0
1437 1437 1.0
1438 1438 1.0
1439 1439 1.0
1440 1440 1.0
1441 1441 1.0
1442 1442 1.0
1443 1443 1.0
1444 1444 1.0
1445 1445 1.0
1446 1446 1.0
1447 1447 1.0
1448 1448 1.0
1449 1449 1.0
1450 1450 1.0
1451 1451 1.0
1452 1452 1.0
1453 1453 1.0
1454 1454 1.0
1455 1455 1.0
1456 1456 1.0
1457 1457 1.0
1815 1815 1.0
1816 1816 1.0
1817 1817 1.0
1818 1818 1.0
1819 1819 1.0
1820 1820 1.0
1821 1821 1.0
1822 1822 1.0
1823 1823 1.0
1824 1824 1.0
1825 1825 1.0
1826 1826 1.0
1827 1827 1.0
1828 1828 1.0
1829 1829 1.0
1830 1830 1.0
1831 1831 1.0
1832 1832 1.0
1833 1833 1.0
1834 1834 1.0
1835 1835 1.0
2136 2136 1.0
2137 2137 1.0
2138 2138 1.0
2139 2139 1.0
2140 2140 1.0
2141 2141 1.0
