0 0 1.0
1 1 1.0
2 2 1.0
3 3 1.0
4 4 1.0
5 5 1.0
255 255 1.0
256 256 1.0
257 257 1.0
258 258 1.0
259 259 1.0
260 260 1.0
288 288 1.0
289 289 1.0
290 290 1.0
1059 1059 1.0
1060 1060 1.0
1061 1061 1.0
1179 1179 1.0
1180 1180 1.0
1181 1181 1.0
1341 1341 1.0
1342 1342 1.0
1343 1343 1.0
1548 1548 1.0
1549 1549 1.0
1550 1550 1.0
1551 1551 1.0
1552 1552 1.0
1553 1553 1.0
1554 1554 1.0
1555 1555 1.0
1556 1556 1.0
1557 1557 1.0
1558 1558 1.0
1559 1559 1.0
1560 1560 1.0
1561 1561 1.0
1562 1562 1.0
1563 1563 1.0
1564 1564 1.0
1565 1565 1.0
1566 1566 1.0
1567 1567 1.0
1568 1568 1.0
1569 1569 1.0
1570 1570 1.0
1571 1571 1.0
1572 1572 1.0
1573 1573 1.0
1574 1574 1.0
1575 1575 1.0
1576 1576 1.0
1577 1577 1.0
1578 1578 1.0
1579 1579 1.0
1580 1580 1.0
1581 1581 1.0
1582 1582 1.0
1583 1583 1.0
1584 1584 1.0
1585 1585 1.0
1586 1586 1.0
1587 1587 1.0
1588 1588 1.0
1589 1589 1.0
1590 1590 1.0
1591 1591 1.0
1592 1592 1.0
1593 1593 1.0
1594 1594 1.0
1595 1595 1.0
1596 1596 1.0
1597 1597 1.0
1598 1598 1.0
1599 1599 1.0
1600 1600 1.0
1601 1601 1.0
1602 1602 1.0
1603 1603 1.0
1604 1604 1.0
1605 1605 1.0
1606 1606 1.0
1607 1607 1.0
1608 1608 1.0
1609 1609 1.0
1610 1610 1.0
1611 1611 1.0
1612 1612 1.0
1613 1613 1.0
1614 1614 1.0
1615 1615 1.0
1616 1616 1.0
1617 1617 1.0
1618 1618 1.0
1619 1619 1.0
1620 1620 1.0
1621 1621 1.0
1622 1622 1.0
1623 1623 1.0
1624 1624 1.0
1625 1625 1.0
1626 1626 1.0
1627 1627 1.0
1628 1628 1.0
1629 1629 1.0
1630 1630 1.0
1631 1631 1.0
1632 1632 1.0
1633 1633 1.0
1634 1634 1.0
1635 1635 1.0
1636 1636 1.0
1637 1637 1.0
1638 1638 1.0
1639 1639 1.0
1640 1640 1.0
1641 1641 1.0
1642 1642 1.0
1643 1643 1.0
1644 1644 1.0
1645 1645 1.0
1646 1646 1.0
1647 1647 1.0
1648 1648 1.0
1649 1649 1.0
1650 1650 1.0
1651 1651 1.0
1652 1652 1.0
1653 1653 1.0
1654 1654 1.0
1655 1655 1.0
1656 1656 1.0
1657 1657 1.0
1658 1658 1.0
1659 1659 1.0
1660 1660 1.0
1661 1661 1.0
1662 1662 1.0
1663 1663 1.0
1664 1664 1.0
1671 1671 1.0
1672 1672 1.0
1673 1673 1.0
1674 1674 1.0
1675 1675 1.0
1676 1676 1.0
1677 1677 1.0
1678 1678 1.0
1679 1679 1.0
1680 1680 1.0
1681 1681 1.0
1682 1682 1.0
1683 1683 1.0
1684 1684 1.0
1685 1685 1.0
1686 1686 1.0
1687 1687 1.0
1688 1688 1.0
1689 1689 1.0
1690 1690 1.0
1691 1691 1.0
1692 1692 1.0
1693 1693 1.0
1694 1694 1.0
1695 1695 1.0
1696 1696 1.0
1697 1697 1.0
1698 1698 1.0
1699 1699 1.0
1700 1700 1.0
1701 1701 1.0
1702 1702 1.0
1703 1703 1.0
1704 1704 1.0
1705 1705 1.0
1706 1706 1.0
1707 1707 1.0
1708 1708 1.0
1709 1709 1.0
1710 1710 1.0
1711 1711 1.0
1712 1712 1.0
1713 1713 1.0
1714 1714 1.0
1715 1715 1.0
1716 1716 1.0
1717 1717 1.0
1718 1718 1.0
1719 1719 1.0
1720 1720 1.0
1721 1721 1.0
1722 1722 1.0
1723 1723 1.0
1724 1724 1.0
1725 1725 1.0
1726 1726 1.0
1727 1727 1.0
1728 1728 1.0
1729 1729 1.0
1730 1730 1.0
1896 1896 1.0
1897 1897 1.0
1898 1898 1.0
1899 1899 1.0
1900 1900 1.0
1901 1901 1.0
1902 1902 1.0
1903 1903 1.0
1904 1904 1.0
1905 1905 1.0
1906 1906 1.0
1907 1907 1.0
1908 1908 1.0
1909 1909 1.0
1910 1910 1.0
1911 1911 1.0
1912 1912 1.0
1913 1913 1.0
1914 1914 1.0
1915 1915 1.0
1916 1916 1.0
