6 6 1.0
7 7 1.0
8 8 1.0
9 9 1.0
10 10 1.0
11 11 1.0
282 282 1.0
283 283 1.0
284 284 1.0
411 411 1.0
412 412 1.0
413 413 1.0
861 861 1.0
862 862 1.0
863 863 1.0
1050 1050 1.0
1051 1051 1.0
1052 1052 1.0
1053 1053 1.0
1054 1054 1.0
1055 1055 1.0
1056 1056 1.0
1057 1057 1.0
1058 1058 1.0
1062 1062 1.0
1063 1063 1.0
1064 1064 1.0
1065 1065 1.0
1066 1066 1.0
1067 1067 1.0
1068 1068 1.0
1069 1069 1.0
1070 1070 1.0
1071 1071 1.0
1072 1072 1.0
1073 1073 1.0
1074 1074 1.0
1075 1075 1.0
1076 1076 1.0
1077 1077 1.0
1078 1078 1.0
1079 1079 1.0
1080 1080 1.0
1081 1081 1.0
1082 1082 1.0
1185 1185 1.0
1186 1186 1.0
1187 1187 1.0
1188 1188 1.0
1189 1189 1.0
1190 1190 1.0
1191 1191 1.0
1192 1192 1.0
1193 1193 1.0
1194 1194 1.0
1195 1195 1.0
1196 1196 1.0
1197 1197 1.0
1198 1198 1.0
1199 1199 1.0
1200 1200 1.0
1201 1201 1.0
1202 1202 1.0
1203 1203 1.0
1204 1204 1.0
1205 1205 1.0
1371 1371 1.0
1372 1372 1.0
1373 1373 1.0
1374 1374 1.0
1375 1375 1.0
1376 1376 1.0
1377 1377 1.0
1378 1378 1.0
1379 1379 1.0
1380 1380 1.0
1381 1381 1.0
1382 1382 1.0
1383 1383 1.0
1384 1384 1.0
1385 1385 1.0
1386 1386 1.0
1387 1387 1.0
1388 1388 1.0
1389 1389 1.0
1390 1390 1.0
1391 1391 1.0
1392 1392 1.0
1393 1393 1.0
1394 1394 1.0
1395 1395 1.0
1396 1396 1.0
1397 1397 1.0
1398 1398 1.0
1399 1399 1.0
1400 1400 1.0
1401 1401 1.0
1402 1402 1.0
1403 1403 1.0
1404 1404 1.0
1405 1405 1.0
1406 1406 1.0
1407 1407 1.0
1408 1408 1.0
1409 1409 1.0
1410 1410 1.0
1411 1411 1.0
1412 1412 1.0
1413 1413 1.0
1414 1414 1.0
1415 1415 1.0
1416 1416 1.0
1417 1417 1.0
1418 1418 1.0
1419 1419 1.0
1420 1420 1.0
1421 1421 1.0
1422 1422 1.0
1423 1423 1.0
1424 1424 1.0
1425 1425 1.0
1426 1426 1.0
1427 1427 1.0
1428 1428 1.0
1429 1429 1.0
1430 1430 1.0
1431 1431 1.0
1432 1432 1.0
1433 1433 1.0
1434 1434 1.0
1435 1435 1.0
1436 1436 1.0
1437 1437 1.0
1438 1438 1.0
1439 1439 1.0
1440 1440 1.0
1441 1441 1.0
1442 1442 1.0
1443 1443 1.0
1444 1444 1.0
1445 1445 1.0
1446 1446 1.0
1447 1447 1.0
1448 1448 1.0
1449 1449 1.0
1450 1450 1.0
1451 1451 1.0
1452 1452 1.0
1453 1453 1.0
1454 1454 1.0
1455 1455 1.0
1456 1456 1.0
1457 1457 1.0
1821 1821 1.0
1822 1822 1.0
1823 1823 1.0
1824 1824 1.0
1825 1825 1.0
1826 1826 1.0
1827 1827 1.0
1828 1828 1.0
1829 1829 1.0
1830 1830 1.0
1831 1831 1.0
1832 1832 1.0
1968 1968 1.0
1969 1969 1.0
1970 1970 1.0
1974 1974 1.0
1975 1975 1.0
1976 1976 1.0
1977 1977 1.0
1978 1978 1.0
1979 1979 1.0
1980 1980 1.0
1981 1981 1.0
1982 1982 1.0
1989 1989 1.0
1990 1990 1.0
1991 1991 1.0
1992 1992 1.0
1993 1993 1.0
1994 1994 1.0
1995 1995 1.0
1996 1996 1.0
1997 1997 1.0
1998 1998 1.0
1999 1999 1.0
2000 2000 1.0
