3 3 1.0
4 4 1.0
5 5 1.0
9 9 1.0
10 10 1.0
11 11 1.0
258 258 1.0
259 259 1.0
260 260 1.0
264 264 1.0
265 265 1.0
266 266 1.0
285 285 1.0
286 286 1.0
287 287 1.0
537 537 1.0
538 538 1.0
539 539 1.0
768 768 1.0
769 769 1.0
770 770 1.0
1053 1053 1.0
1054 1054 1.0
1055 1055 1.0
1065 1065 1.0
1066 1066 1.0
1067 1067 1.0
1077 1077 1.0
1078 1078 1.0
1079 1079 1.0
1089 1089 1.0
1090 1090 1.0
1091 1091 1.0
1107 1107 1.0
1108 1108 1.0
1109 1109 1.0
1134 1134 1.0
1135 1135 1.0
1136 1136 1.0
1161 1161 1.0
1162 1162 1.0
1163 1163 1.0
1227 1227 1.0
1228 1228 1.0
1229 1229 1.0
1248 1248 1.0
1249 1249 1.0
1250 1250 1.0
1260 1260 1.0
1261 1261 1.0
1262 1262 1.0
1275 1275 1.0
1276 1276 1.0
1277 1277 1.0
1296 1296 1.0
1297 1297 1.0
1298 1298 1.0
1302 1302 1.0
1303 1303 1.0
1304 1304 1.0
1311 1311 1.0
1312 1312 1.0
1313 1313 1.0
1467 1467 1.0
1468 1468 1.0
1469 1469 1.0
1470 1470 1.0
1471 1471 1.0
1472 1472 1.0
1473 1473 1.0
1474 1474 1.0
1475 1475 1.0
1476 1476 1.0
1477 1477 1.0
1478 1478 1.0
1479 1479 1.0
1480 1480 1.0
1481 1481 1.0
1482 1482 1.0
1483 1483 1.0
1484 1484 1.0
1485 1485 1.0
1486 1486 1.0
1487 1487 1.0
1488 1488 1.0
1489 1489 1.0
1490 1490 1.0
1491 1491 1.0
1492 1492 1.0
1493 1493 1.0
1494 1494 1.0
1495 1495 1.0
1496 1496 1.0
1497 1497 1.0
1498 1498 1.0
1499 1499 1.0
1500 1500 1.0
1501 1501 1.0
1502 1502 1.0
1503 1503 1.0
1504 1504 1.0
1505 1505 1.0
1506 1506 1.0
1507 1507 1.0
1508 1508 1.0
1509 1509 1.0
1510 1510 1.0
1511 1511 1.0
1512 1512 1.0
1513 1513 1.0
1514 1514 1.0
1515 1515 1.0
1516 1516 1.0
1517 1517 1.0
1518 1518 1.0
1519 1519 1.0
1520 1520 1.0
1521 1521 1.0
1522 1522 1.0
1523 1523 1.0
1524 1524 1.0
1525 1525 1.0
1526 1526 1.0
1527 1527 1.0
1528 1528 1.0
1529 1529 1.0
1530 1530 1.0
1531 1531 1.0
1532 1532 1.0
1842 1842 1.0
1843 1843 1.0
1844 1844 1.0
1845 1845 1.0
1846 1846 1.0
1847 1847 1.0
1848 1848 1.0
1849 1849 1.0
1850 1850 1.0
1851 1851 1.0
1852 1852 1.0
1853 1853 1.0
1854 1854 1.0
1855 1855 1.0
1856 1856 1.0
1857 1857 1.0
1858 1858 1.0
1859 1859 1.0
1860 1860 1.0
1861 1861 1.0
1862 1862 1.0
1863 1863 1.0
1864 1864 1.0
1865 1865 1.0
1866 1866 1.0
1867 1867 1.0
1868 1868 1.0
1869 1869 1.0
1870 1870 1.0
1871 1871 1.0
1872 1872 1.0
1873 1873 1.0
1874 1874 1.0
1875 1875 1.0
1876 1876 1.0
1877 1877 1.0
1878 1878 1.0
1879 1879 1.0
1880 1880 1.0
1881 1881 1.0
1882 1882 1.0
1883 1883 1.0
1884 1884 1.0
1885 1885 1.0
1886 1886 1.0
1887 1887 1.0
1888 1888 1.0
1889 1889 1.0
1890 1890 1.0
1891 1891 1.0
1892 1892 1.0
1893 1893 1.0
1894 1894 1.0
1895 1895 1.0
1896 1896 1.0
1897 1897 1.0
1898 1898 1.0
1899 1899 1.0
1900 1900 1.0
1901 1901 1.0
1902 1902 1.0
1903 1903 1.0
1904 1904 1.0
1905 1905 1.0
1906 1906 1.0
1907 1907 1.0
1908 1908 1.0
1909 1909 1.0
1910 1910 1.0
1911 1911 1.0
1912 1912 1.0
1913 1913 1.0
1914 1914 1.0
1915 1915 1.0
1916 1916 1.0
1983 1983 1.0
1984 1984 1.0
1985 1985 1.0
1986 1986 1.0
1987 1987 1.0
1988 1988 1.0
1989 1989 1.0
1990 1990 1.0
1991 1991 1.0
1992 1992 1.0
1993 1993 1.0
1994 1994 1.0
1995 1995 1.0
1996 1996 1.0
1997 1997 1.0
1998 1998 1.0
1999 1999 1.0
2000 2000 1.0
