-4.999240810190073298e-03
-5.001165100343444615e-03
1.078363989353838531e-06
-5.001753718765944608e-03
-5.000469436337019909e-03
1.000115716887691082e-02
-5.264572924346046234e-03
4.954637210436845483e-03
6.042426957110992030e-06
-5.206203876741422043e-03
4.954354747075145893e-03
9.978394009965457084e-03
-4.270604549763440394e-03
-1.579987108547902148e-03
6.000642626036958860e-03
-4.350937048236665564e-03
1.485471957704867160e-03
5.998115367052550724e-03
-3.939206896300596027e-03
-1.460383764176824460e-03
5.031271024816963075e-03
-3.942001840328641406e-03
-1.458639180188835496e-03
6.973792852299760640e-03
-4.019647933689166237e-03
1.366844258718635579e-03
5.031326909213844865e-03
-4.015860503297797972e-03
1.369520403099215838e-03
6.964029437803542603e-03
-3.113090492199514434e-03
-1.149750693264499574e-03
4.515245030808028200e-03
-3.111948954084041170e-03
-1.152247659889999538e-03
7.489461552088598137e-03
-3.180060638326885451e-03
1.069483579493691943e-03
4.515515413452530352e-03
-3.177622413291828016e-03
1.071761396970650863e-03
7.481342292015710424e-03
-2.287971310320539853e-03
-3.930239759610352351e-03
6.006251972776696646e-03
-2.395669553223725521e-03
3.846542190351088294e-03
5.990852478349007609e-03
-2.173836122882902375e-03
-8.084667853799087662e-04
4.695697211881504941e-03
-2.175093543195426478e-03
-8.035057437314813882e-04
7.306998062192395643e-03
-2.222612110342188623e-03
7.268115642963933086e-04
4.690461113670179108e-03
-2.221133491774348375e-03
7.309257903697225769e-04
7.305809380124989559e-03
-2.114773425204110983e-03
-3.627635593074303791e-03
5.035983939784788137e-03
-2.114117683211804398e-03
-3.622871648884127150e-03
6.975283543571479151e-03
-2.225129178576428987e-03
3.542872952751546789e-03
5.024345748141693935e-03
-2.219908322251719704e-03
3.545254384801720289e-03
6.957474068386220248e-03
-1.669177610446490653e-03
-2.860787568733266263e-03
4.519314034227461981e-03
-1.674108744997416728e-03
-2.854890973630092900e-03
7.490715130122343676e-03
-1.780585069102903848e-03
2.772959956646702147e-03
4.507047494598341586e-03
-1.773676074777252171e-03
2.772454395523179030e-03
7.474322376707562103e-03
-1.565045766258787042e-03
-5.848548175224830810e-04
5.486713636107521525e-03
-1.564793755187651215e-03
-5.836623982555240280e-04
6.516685471576083230e-03
-1.598983376266787477e-03
4.983815444911208082e-04
5.481173180856431168e-03
-1.597683038725308900e-03
5.015567699100787315e-04
6.514272117543238802e-03
-1.174052902753331372e-03
-1.990126031920098990e-03
4.699159783794005889e-03
-1.173380346862329133e-03
-1.985132736944108731e-03
7.310468537983844627e-03
-1.264807679833016875e-03
1.891391856359377803e-03
4.684269687514341050e-03
-1.260957296529172144e-03
1.895404992694009081e-03
7.301246124553698036e-03
-8.532327251979776161e-04
-1.420697029527765711e-03
5.488729247109283907e-03
-8.518121240142757051e-04
-1.419859723916151728e-03
6.518419917014543416e-03
-9.243316136409240142e-04
1.317612260553521156e-03
5.474616922965321215e-03
-9.216168717604134161e-04
1.322695233241857719e-03
6.510072253492454018e-03
2.154256915643097973e-04
-1.629965272363205920e-03
5.484133102029372341e-03
2.172555067961800472e-04
-1.627351864875071488e-03
6.515965245356946864e-03
1.402785042182487789e-04
1.486503783156409644e-03
5.472308038642178379e-03
1.409112577540552074e-04
1.486106091218706259e-03
6.501576017211766097e-03
3.358681709905688892e-04
-2.283481257720757461e-03
4.694198260132520679e-03
3.374009502982817043e-04
-2.276570968160143964e-03
7.307534647179074298e-03
2.433538838432140023e-04
2.131274547869868672e-03
4.682496462494557810e-03
2.452983646059995484e-04
2.130502447775654059e-03
7.291084082715668276e-03
5.182786529818604777e-04
-3.277440673095195853e-03
4.516530540018210207e-03
5.195779260480040294e-04
-3.268168105800245849e-03
7.489813812209868485e-03
4.074274481945534929e-04
3.120432463879112446e-03
4.501526009559910640e-03
4.116601305777531990e-04
3.118921868199976081e-03
7.470547602920140154e-03
6.755799928768605259e-04
-4.150004764674788439e-03
5.037942105879644576e-03
6.753920683267579080e-04
-4.143567748188733101e-03
6.974680215434137139e-03
5.604449121381858403e-04
3.996295191480927871e-03
5.014713582704763417e-03
5.637477847945306531e-04
3.998038952078313522e-03
6.954914883148502654e-03
7.364968790323025722e-04
-4.495264279125932121e-03
6.007727308971057972e-03
6.253737851998564462e-04
4.344649377539377272e-03
5.984118140989767680e-03
1.143505426311564131e-03
-1.104965594951172166e-03
5.474267717487174383e-03
1.145282522160414587e-03
-1.101773254306088676e-03
6.506877951644143149e-03
1.082855048661545251e-03
9.270508520940178585e-04
5.474215248288792461e-03
1.083650857597342554e-03
9.292862573491143287e-04
6.502027299307647744e-03
1.483072808924700654e-03
-9.035703881006383479e-05
5.473823597010118482e-03
1.482521884313590119e-03
-8.893450752405716300e-05
6.504443704660526487e-03
1.655554827264243490e-03
-1.536197615625375761e-03
4.685868536196177887e-03
1.659083943257204548e-03
-1.525847158779963016e-03
7.300768741917327068e-03
1.574043813574868729e-03
1.341014231144460091e-03
4.682397851736257513e-03
1.580500890696863794e-03
1.344746880059792364e-03
7.291220406657951403e-03
2.137857541012430987e-03
-9.899635009633351408e-05
4.682530966596684489e-03
2.143370301038181706e-03
-9.351577016955095229e-05
7.294384344106757088e-03
2.438137814517079595e-03
-2.188340895025011994e-03
4.513242768030159210e-03
2.439581478598010743e-03
-2.177715140944782093e-03
7.480495299150566497e-03
2.333810251163884360e-03
1.978687485089025179e-03
4.493255235143457475e-03
2.341499933653053232e-03
1.988254719854266536e-03
7.466619835985500303e-03
3.119745270707150863e-03
-2.759125697171528266e-03
5.032505024517320083e-03
3.122882055651390616e-03
-2.749608338604272832e-03
6.966106564087807401e-03
3.005649615333104777e-03
2.551718368440578522e-03
5.002370284283111715e-03
3.012518225570044467e-03
2.559083240402376582e-03
6.951615003158048006e-03
3.144196545456122687e-03
-1.031208000785697906e-04
4.499503377443210550e-03
3.153658066655254822e-03
-9.021242703408717837e-05
7.470605607696912710e-03
3.392432477724708229e-03
-2.977677370608948233e-03
5.999769772437405987e-03
3.280532907302182669e-03
2.780350297547974116e-03
5.976041140257022655e-03
4.034932146198083776e-03
-9.406861444184974369e-05
5.014112169172042950e-03
4.043723106313869969e-03
-8.676871659057030909e-05
6.953061635946498550e-03
4.392736342006164224e-03
-8.697479994592113351e-05
5.982996287089905642e-03
4.962654729729117781e-03
-5.203361101432532609e-03
1.545422474294925495e-05
4.957024110207156747e-03
-5.135743662859521518e-03
9.989360051837328780e-03
4.472773648350880128e-03
4.513892698542797642e-03
-3.978792117256415390e-04
4.521265709236244393e-03
4.617570333519441760e-03
1.026347119455106593e-02
-8.287964989973959458e-04
-3.538004108709762955e-03
2.520897389858272209e-03
5.273079911301242328e-04
-1.232503324532026713e-03
4.191221765556094395e-03
-3.790143852568459999e-03
-3.870322160780685899e-03
5.427968623870014706e-03
3.988728888542727655e-03
2.799182644141483310e-04
3.486605618815610558e-03
1.218672516003102731e-03
-6.112266957985342192e-04
3.189635844865357922e-03
-5.389964759830031486e-04
4.929699396832593755e-03
5.842503067276006573e-03
-3.992913253969062638e-03
-2.093380797401610011e-04
1.004087778118273148e-02
5.325486831839369240e-04
-5.066538183124436392e-03
3.988400989401417150e-03
-1.333604827523324557e-03
-5.206929856471250156e-04
1.209602171731912054e-03
-4.716493291751551616e-04
-1.443075476557038883e-03
1.067174730271273951e-03
1.827811270135835725e-03
-3.710071921901323191e-03
8.631239672249128511e-03
3.459794319911094988e-03
-2.853778069845873400e-03
8.391749844240240647e-03
3.426022471376991181e-03
-1.570448926903867358e-03
3.804635483303741433e-03
-1.591510942207113085e-03
-1.476392438690009431e-03
1.915497915990422564e-03
-1.384210240877066424e-03
3.690822430487318388e-03
1.618484017099451524e-03
-1.859803741544757390e-03
9.356598124055787169e-04
1.954291536378073395e-03
4.628358649199242384e-04
-1.529618447440517746e-03
8.847067849579455523e-03
-3.065487913077334431e-04
3.541313924172130676e-03
1.721774324103541448e-03
2.864366917216445833e-04
-2.171061117867985942e-03
1.400891533355616862e-03
2.500953380812734415e-03
2.055421504691139938e-04
3.096974345425808350e-03
3.776473892357926944e-03
1.241019942385791254e-03
2.972926944666158533e-03
6.376828377411093230e-04
-3.405352493523155014e-03
5.813680147821497120e-03
-4.149691258897450843e-03
-4.104976366799327654e-03
1.670466863086399233e-03
-7.988667193501274976e-04
2.734525395198055941e-03
6.407580578890230416e-03
-3.805831324089826995e-03
-4.149487755277810226e-03
6.841134548084195667e-03
-4.301927537194739741e-03
-4.254050671822569470e-03
8.008553265910317923e-03
-4.306937609380858539e-03
-4.203941699838197044e-03
9.007337004413007095e-03
-3.981759327198605529e-03
-3.158221855213845606e-03
7.985041764539119310e-04
-4.262223276889422728e-03
-2.909720778289580541e-03
1.736169333354124550e-03
-3.682944966404395806e-03
-2.804919471714585263e-03
3.312338646567818991e-03
1.663696296670211065e-03
3.740380081402883312e-03
8.210144729350306661e-03
-4.070667068061619744e-03
-3.047105100129347995e-03
6.689081129045526368e-03
-4.152211707149797322e-03
-3.323101480171641343e-03
8.249418842963986490e-03
-2.919845466530561484e-03
8.875342827225368323e-04
6.076509875884449942e-03
-4.184744707290854147e-03
-1.729196466771109946e-03
1.107295774406713996e-03
1.813746996313088649e-03
-2.176476065814433869e-03
5.352622129579822155e-03
-3.966892621698142260e-03
-1.881433602227338374e-03
8.104808701236136670e-03
-4.186305919517531969e-03
-5.365435692673722846e-04
1.017576214475946188e-03
1.898977407757358304e-03
-3.460247682559499868e-03
5.035253335481263380e-03
-3.259201482534671273e-03
3.967835790252444497e-03
8.886986050456185601e-03
-4.238736777978212994e-03
-7.415591872322989256e-04
7.832673029808211521e-03
8.760423081892593222e-04
2.863500282450514960e-03
5.828686448248836076e-03
-4.242663151626501102e-03
7.603853625380623199e-04
8.924685435998841758e-04
-3.881189681218615972e-03
4.125258912534000865e-04
2.932348924682375360e-03
-4.123841795226785081e-03
5.666977901284203862e-04
7.951649566181166057e-03
-4.470909846409209555e-03
1.984823395548606598e-03
8.736449837191749383e-04
3.322957855898591990e-04
-8.125082554413440555e-05
7.041744429523138366e-03
4.951941474513971153e-03
-4.165858062608380867e-03
9.073924542420085115e-04
-3.775788143438991995e-03
4.950155311051403738e-03
2.255518090256015094e-03
-4.187335369472534527e-03
2.842099451351808199e-03
1.575727304552138573e-03
-4.308060742988281851e-03
2.894688895644599580e-03
2.987769404954291816e-03
-4.312934179718118030e-03
3.073072933342042151e-03
9.176357205828966287e-03
-4.228569839583442430e-03
4.016947110831770723e-03
2.700259046515056556e-03
-4.101007732084123621e-03
4.029431666840834272e-03
4.225864282643767081e-03
-3.965113684492620715e-03
3.902367027389825552e-03
5.588004086817558932e-03
-4.217402713890745433e-03
3.862469898595945368e-03
7.274908927534453826e-03
-3.031896785596633389e-03
-4.102716923239736573e-03
9.573724794904424221e-04
-2.727855057602839983e-03
-4.080722278542044633e-03
2.137766367378513173e-03
-3.038078272049071684e-03
-3.984504421459286565e-03
3.176157341778984653e-03
-2.999740041595670356e-03
-4.161600921749942540e-03
7.845860685760817563e-03
-1.089986235914711847e-03
-2.032710870056124875e-03
8.682649295405494086e-03
-3.083832791515118531e-03
-3.138981148564686484e-03
1.878367797014316018e-03
-3.043959153924983597e-03
-2.918412895498878178e-03
8.210139174098485607e-03
-1.027081964212601473e-03
2.942409398136459995e-03
2.681930838170218899e-03
-3.061346884490381056e-03
-2.162359464298972949e-03
9.053093757301109530e-04
-3.070601060469643241e-03
-1.936793311786574878e-03
2.040120310693635183e-03
-2.955687192210743226e-03
-7.758871469336740562e-04
8.030275212059726896e-04
-3.418688075304216444e-03
-7.844609369596693095e-04
1.864391239462376108e-03
-3.092943592331238653e-03
-8.574887016492170264e-04
3.176111073453906711e-03
-3.121955551913785550e-03
-8.717666236064999363e-04
9.035911112068868711e-03
-3.237747969243559565e-03
5.777309609672942776e-04
7.191274496475845348e-04
-3.075773946955737744e-03
4.734811186974219430e-04
1.753752436726400184e-03
-3.291933060284960109e-03
2.493821278311449531e-04
8.778514955596523200e-03
-3.307313104874326764e-03
2.068952656243295586e-03
8.931039095278216731e-04
-3.221208937071002101e-03
1.845176043327451240e-03
2.005200168194524665e-03
-3.641267403321932390e-03
1.742850859536961136e-03
3.267635833454937948e-03
-2.884957116380548487e-03
1.889775658386760480e-03
5.871760823771085373e-03
-3.134752146700273655e-03
1.459345836678643598e-03
6.635701514414562088e-03
-3.339977742073097899e-03
1.652335091538203885e-03
8.488611788846729331e-03
-3.101525198856504555e-03
3.267272868770709771e-03
8.603431316361081138e-04
-3.191826888645311888e-03
3.179794906137662410e-03
2.212755011822842895e-03
-3.053940890629163948e-03
3.201163572007009392e-03
3.329227503666568229e-03
-3.680814958206742385e-03
2.741249828468725336e-03
4.329249217711515774e-03
-3.474702154923427037e-03
3.014240727035443195e-03
7.940538992449485897e-03
-3.445971078119336884e-03
4.041427276263988462e-03
1.587925817993802047e-03
-3.192667061060497965e-03
4.142571561491207102e-03
3.096561957224824423e-03
-1.907366292335713328e-03
1.810890257770966794e-03
2.890116148970911427e-03
3.858810355331902635e-03
-3.105289478994247270e-03
4.302788796612402877e-03
-8.039103923387268475e-04
-3.895954271100583906e-03
8.003757786394585100e-03
-1.688170098782868292e-03
-4.152268927604252716e-03
9.995588852524479526e-04
-2.456524839381744527e-03
1.975181701952656924e-03
1.003063301281136716e-02
-1.556930924943892300e-03
-4.122854478009778910e-03
9.309427821734987674e-03
-2.118175839901852847e-03
-3.109405491101048264e-03
6.352560946764634507e-04
-1.843790559703992454e-03
-2.890474960767260102e-03
1.812697572578025407e-03
-1.840455140452895147e-03
-3.180823475744388052e-03
2.992740473006782857e-03
-1.928706855315753203e-03
-3.267618626743204555e-03
8.840862753179254754e-03
-1.790430983058523880e-03
-1.685047697206901000e-03
8.915825105799551897e-04
-1.925100214481332336e-03
-1.817500071338962186e-03
3.255384459816860424e-03
1.828934857978288184e-03
7.046344632600984575e-04
3.623815923289045761e-03
-2.025930796977674832e-03
-4.645892981572195151e-04
2.010633977836083323e-03
-2.685627708373469150e-03
-9.007559576918954501e-04
5.980519264824998849e-03
-1.859813998402614580e-03
-8.318016956767929331e-04
8.924401950318142096e-03
-2.106911244457109009e-03
2.793848080196223828e-04
9.249458120809265268e-04
-2.055981879054346369e-03
5.037526455511896501e-04
3.174304822856117633e-03
-2.142184078434868945e-03
3.890172641561983995e-04
8.826435181050038339e-03
-2.152633732272698792e-03
1.600637909815267419e-03
9.657605077350699943e-04
-1.801694139642149792e-03
1.877204937049189917e-03
5.595232772364857297e-03
-2.103218862201690267e-03
1.733969627245189084e-03
6.590434541858533786e-03
-2.211495248053714242e-03
1.824687175080191848e-03
8.845696124419663922e-03
-1.985797019927077432e-03
2.778920871886146875e-03
7.772452427874021377e-04
-2.231030938370895476e-03
2.991412269912269335e-03
1.806337907412624948e-03
-1.940930873664622417e-03
2.818577669338558165e-03
3.057083130176704421e-03
-1.896075888515450988e-03
2.921807271661794846e-03
5.657339751877773527e-03
-2.030161572605686335e-03
2.804345676611529579e-03
6.444568713030685188e-03
-2.181802254003082069e-03
3.138660723914694396e-03
8.925409901744368879e-03
-2.120027596337806415e-03
3.942042693837290342e-03
7.407261367387267146e-04
-1.954017764338908739e-03
3.900546633513714539e-03
3.095861900809657435e-03
2.531024537651278307e-03
6.064123158766252788e-04
5.818147036073548738e-03
-7.899711913959973474e-04
-4.221713557401093365e-03
8.654246030268772935e-04
-9.761708277390944433e-04
-4.273408187815904563e-03
4.310537425757141050e-03
-4.203013450244822780e-04
-4.528400922977427259e-03
6.901585465781815039e-03
-3.812457643081906843e-04
-4.205491567089946620e-03
9.017585825767955587e-03
-6.769589269317857413e-04
-2.972324822726234075e-03
9.106261346904109431e-04
-7.842299809886284397e-04
-2.704661331453371825e-03
5.671462053206572339e-03
-5.907521865392669413e-04
-3.160697075425317540e-03
9.194729975076145270e-03
-6.151860444048144489e-04
-2.117239690791646034e-03
2.021945079936688164e-03
-5.913605209178896373e-04
-2.179913200314998866e-03
3.276673418669903345e-03
-5.613474698609784846e-04
-1.753762980354121089e-03
4.188840937992567397e-03
-5.811464267218920295e-04
-4.434643865783780546e-04
6.720196857014668979e-04
-8.094943001067891495e-04
-6.788796265044918024e-04
2.828063631487034990e-03
-5.575643588281581353e-04
-5.897744502826261217e-04
4.445542847949864214e-03
-5.127708764142698905e-04
-3.795865076675937347e-04
5.881217732015611536e-03
-4.414164904276268709e-04
-8.170083177199412121e-04
8.134577428403925656e-03
-6.209030591682606921e-04
4.106836525575895190e-04
1.859944919993178521e-03
-6.838907826267843831e-04
6.457057253964319397e-04
4.345279451502126987e-03
-8.393806581579662000e-04
7.139039863999587822e-04
8.161659675026600516e-03
-1.034252120457191358e-03
2.046614675630155540e-03
1.545469137567313930e-03
-9.268862776135365720e-04
1.900335319982932687e-03
3.881208441406819223e-03
-8.367733428226233365e-04
1.918452896268443104e-03
8.405468713139180661e-03
-7.558014502689017634e-04
3.006797626058169571e-03
3.727070364647127026e-03
-8.198357933705365712e-04
3.491291682418708880e-03
8.330974938630686735e-03
-8.841966718670773431e-04
4.111957718329988659e-03
7.009070345586678472e-04
-6.684273478352954810e-04
4.083473803354139946e-03
3.098432377903341788e-03
-6.336194455538350168e-04
4.052793121308136993e-03
4.208097833301221481e-03
3.006242566520285226e-03
3.755697379883763884e-03
6.744925825335403025e-03
-8.614400961075611377e-04
4.331110576745485566e-03
7.122824570886790788e-03
4.839285126992589757e-04
-4.144167927105812943e-03
7.615753758330543605e-04
5.913642114584170047e-04
-4.236468312385547295e-03
1.857649225197793635e-03
8.852833381193783626e-04
-4.274879252014971050e-03
3.382255039773590481e-03
7.489690742767882159e-04
-4.376181597922453557e-03
7.928537456963665950e-03
4.515703699787667409e-04
-3.069115408096821825e-03
1.827660034330467554e-03
3.199659171847621299e-04
-3.211235878392869943e-03
3.142939897141372018e-03
5.090202278688451057e-04
-1.783863963198026011e-03
2.702996967733302391e-03
8.588445515340362071e-04
-2.100205578622815414e-03
5.681150405739471797e-03
5.278980750832873046e-04
-6.892982889351250385e-04
8.020975204368853070e-04
4.393679610263602400e-04
-8.384091898302703473e-04
1.815891126863715529e-03
4.760613566117775507e-04
-5.274878676984951810e-04
5.690033774719237269e-03
4.486897160248488957e-04
5.951835887619014252e-04
8.764214053048548399e-04
5.146012950495974401e-04
7.415596320423352775e-04
3.185555082666761961e-03
1.030633246016414499e-04
4.391864414627336577e-04
5.707425899228691854e-03
8.162384831032025705e-04
1.747863762829429180e-04
4.526702507704013015e-03
2.120643192579434134e-04
1.716210395821221417e-03
1.750215287026929628e-03
4.194856214950924635e-04
1.853403601013501331e-03
9.102665749856743774e-03
4.275064208785371231e-04
2.777201591031246489e-03
3.160454617457516147e-03
5.672987203849477007e-04
3.100106998852584020e-03
8.596942731907844873e-03
1.911592789931328129e-04
3.897279266641401254e-03
7.275816518901489973e-04
6.770744480426314543e-05
4.067934937570863441e-03
8.131248198966560883e-03
-2.378403737439410172e-03
-1.504366464378111522e-03
1.005320508481775434e-02
-1.098641913453280409e-04
-3.955198707639891176e-03
3.901689193300637501e-03
1.759476093257545185e-03
-4.247237854681311028e-03
8.770953384924953626e-04
1.730811591397252635e-03
-4.286344514301153839e-03
2.050994344617480380e-03
2.129757061359253533e-03
-4.342543315635132538e-03
6.906758385390067770e-03
1.607307282807520334e-03
-3.112627155254444472e-03
8.136587154068354241e-04
1.749092785855283676e-03
-3.214357850286583048e-03
1.999793248383988434e-03
1.710957457651982863e-03
-3.614481978380258871e-03
3.214587955264288331e-03
1.677715171566306713e-03
-2.767124308096708882e-03
6.138118892140147914e-03
1.843527279289837320e-03
-1.848740246085537556e-03
8.530936336572739762e-04
1.456052556817714547e-03
-1.918123536781050692e-03
1.989366434879433470e-03
1.749320325419832312e-03
-1.960040409968310735e-03
3.401504279379411171e-03
1.778718818953112886e-03
-2.082058238964613200e-03
8.659685864815367187e-03
1.669027786823714049e-03
-7.594742204833335219e-04
7.499429863935487333e-04
2.072855810776005978e-03
-8.165726974680895776e-04
1.893846333131453657e-03
1.460171463841077434e-03
-5.861870888876027398e-04
8.677519691711699928e-03
1.728615033086586391e-03
4.640901069531912682e-04
6.860138739337516122e-04
1.656291232490756738e-03
3.819032012108517513e-04
2.025420313774007209e-03
1.792587690616992630e-03
6.726875233161631277e-04
8.686972082158676833e-03
1.479513804950728260e-03
1.541268635950925102e-03
6.971432062817145862e-04
1.559336209729149554e-03
1.718541064037694714e-03
3.195685113128709284e-03
1.911759566963188058e-03
1.838066513823287699e-03
5.789858348244264312e-03
1.687030529081558032e-03
1.891059304411062602e-03
8.173228609832581398e-03
1.687607973139002796e-03
1.730661529147177122e-03
9.175184917045811975e-03
1.810518643704113993e-03
2.900911119406868015e-03
7.853639716306168609e-04
1.303924111159905858e-03
2.993782106118981177e-03
1.927186631426266745e-03
1.546270112727670927e-03
2.513922215963292420e-03
6.567835551588806046e-03
1.627167101359083346e-03
3.029500504332635191e-03
9.103815719669273304e-03
1.524025790877788205e-03
3.941329529946454267e-03
6.560571380107131385e-04
1.405647324766963859e-03
3.977971735052132293e-03
3.005056209704049571e-03
1.722657323361364646e-03
3.751285264362018423e-03
4.121438937748220059e-03
-2.011572115909945804e-03
4.942303016545427675e-03
4.110691855143591873e-03
3.233255739062268833e-03
-4.417722605293151333e-03
7.884694505426139343e-04
3.261299997882992872e-03
-4.249442237787996735e-03
1.992568150548399385e-03
2.749600110965278680e-03
-3.969214330174336211e-03
4.235160800744351868e-03
3.304583285431285204e-03
-4.121101198492309672e-03
5.400729501813900275e-03
3.070186157767341214e-03
-3.901450495590849925e-03
8.132288459805762579e-03
2.831990994162721705e-03
-3.147998391994381341e-03
7.434501287187394352e-04
2.956500723645011028e-03
-3.339027046221999372e-03
1.758696752479207764e-03
2.943648771357123672e-03
-2.883880525758279485e-03
3.112989765117610795e-03
2.935251282017925338e-03
-3.082317680522995811e-03
9.129155086594236898e-03
2.861325608688780869e-03
-2.027237042980538275e-03
1.674383655032073929e-03
2.594224289104918833e-03
-1.826197548938013641e-03
5.889654657804407542e-03
2.823272772800777732e-03
-9.917748878547150496e-04
9.037296889361171731e-04
2.758487297065521059e-03
-7.338059947540540029e-04
3.020382351851827463e-03
2.716649642964068072e-03
-6.209864060246222560e-04
5.799066900508287152e-03
3.037317859645883873e-03
-7.373806740642729765e-04
8.495591943887104147e-03
3.022312989333114219e-03
2.931505027403685380e-04
7.654830247193302774e-04
2.941627216674938886e-03
2.265094348598900500e-04
2.016702196015760472e-03
2.856608199804404422e-03
6.752207059975477797e-04
8.388821620688272779e-03
2.670003586471056834e-03
1.781688255872429386e-03
7.025002515558679324e-04
2.508476896016386022e-03
1.661212919711484723e-03
1.863533070248431537e-03
2.842195672398257784e-03
1.553537983817186588e-03
3.233920854709246024e-03
2.850362990413210160e-03
3.592110941843234834e-03
9.375789339423982668e-03
2.940430213890665549e-03
1.657907533384767257e-03
9.031850198287049228e-03
2.940395548902450997e-03
2.992655079026103684e-03
8.618049417046954284e-04
2.903850419196832115e-03
2.985734878281531141e-03
1.941763957225742894e-03
2.462609010969710101e-03
2.759563783247126912e-03
3.333540749958888681e-03
2.821084957119101601e-03
3.029254012609787234e-03
8.239192433435562832e-03
2.615706845901968024e-03
3.873168869257267478e-03
4.799523204177976159e-04
2.620978813288932230e-03
3.829438311497720092e-03
1.732523856743872813e-03
2.661696634623667707e-03
3.845138860480842944e-03
2.914887290460797028e-03
3.005978220494909085e-03
3.857265682667275486e-03
4.325726923614212245e-03
4.174379829091009152e-03
-4.395375231659979370e-03
4.248016606471264126e-03
4.225422734063574194e-03
-4.220500309478928021e-03
9.188558871629755667e-03
4.018721765979067773e-03
-3.425897741528856344e-03
9.719824703491102783e-04
4.039584315427951697e-03
-3.519676492158211982e-03
3.013579853941410810e-03
4.115920015909493683e-03
-3.408308070551599369e-03
8.017953719884115399e-03
4.079243578127415490e-03
-3.098909485213566326e-03
9.064146823022201094e-03
4.136751958017873508e-03
-2.200701574699761090e-03
6.811685387910440146e-04
4.158931832262949789e-03
-1.988094904313650584e-03
4.360150944987106064e-03
4.004223831997060987e-03
-1.975675763100322602e-03
8.050945935214963087e-03
4.083280966499203482e-03
-1.813502692967716018e-03
9.029458708715321427e-03
3.957237016587556583e-03
-1.108794572459462181e-03
7.719015110603270544e-04
3.618997853700145831e-03
-9.368111452113013840e-04
1.896835001026118354e-03
3.965324603974000259e-03
-7.779244288268984033e-04
3.162461362916015040e-03
4.039964579205292290e-03
-6.276413507354234146e-04
4.202929121050526587e-03
4.073895780868880961e-03
-6.462694680942181061e-04
8.097098769447929473e-03
4.026417251130283252e-03
-8.007442189905329992e-04
9.276299859393054986e-03
4.020858968532926153e-03
2.648267678472278190e-04
1.644279220290799934e-03
4.083671089977646516e-03
3.869071939106591505e-04
8.291646945768747778e-03
3.645929118688668712e-03
1.414778435760605333e-03
1.860259603403817755e-03
3.867281982742693403e-03
1.799548854729287987e-03
4.248073201048705241e-03
3.818761868334699227e-03
1.748859246347329432e-03
8.125522349132063143e-03
3.802326583098724223e-03
2.833659821942009771e-03
5.808261988232593957e-04
3.901148652111346374e-03
2.615250449190397938e-03
1.586282960348833282e-03
3.639988498519158497e-03
2.546259421965913535e-03
2.913333882698127854e-03
3.881993854908504914e-03
3.275028767067406262e-03
5.389252028493274338e-03
4.014868539884200276e-03
2.834171671146875834e-03
6.845720074606946939e-03
3.800586059754238345e-03
2.608946419285684739e-03
9.222803608483872567e-03
3.761933772998665802e-03
3.849671615535994827e-03
4.148383250191967791e-04
3.658070906518812518e-03
3.767215469241038794e-03
1.518523577484134218e-03
3.787052048693906933e-03
3.855246226527146540e-03
2.842946721723151136e-03
8.711826629580943140e-04
4.916991571883968029e-03
6.624726777331962739e-03
-3.965559249315330978e-03
4.957067575411113619e-03
8.226452255488684445e-03
-3.776565100130401757e-03
4.964006521784156654e-03
9.989356842825009020e-03
-3.149287709153207257e-03
4.953276892507958544e-03
7.149979810501636175e-03
1.797397618924407659e-03
-5.080294413290377571e-03
8.070359141958570806e-03
-2.534578651809019957e-03
4.959837581093614993e-03
8.772890659586311118e-03
-2.484269545211826961e-03
4.962599749410334833e-03
1.001219368328724185e-02
-1.671793407286155516e-03
4.942860313663550303e-03
6.178781876392939500e-03
-1.398713943000119610e-03
4.942470870522058107e-03
7.749267867696986098e-03
-1.254710515004183857e-03
4.931962285599340856e-03
8.893198273447679159e-03
-1.371287873436499239e-03
4.931797745057045490e-03
1.004412165897958058e-02
-9.602121798384122839e-04
4.925799648639419756e-03
4.412136385701984770e-03
-1.056421582234742828e-04
4.919501333575490749e-03
7.559486200163448993e-03
-2.345959807969630274e-04
4.894419111129560962e-03
8.913016487354782566e-03
-1.893667277923056992e-04
4.871292992940626579e-03
1.009458112040235826e-02
3.341141806142978164e-04
4.861440327191592255e-03
3.070908226973150575e-03
1.150102765850068110e-03
4.850311108159760173e-03
3.977212316333974575e-03
9.432941689551086774e-05
4.890137839342493208e-03
3.998017355281066262e-03
1.087091914250963012e-03
4.864797606096656069e-03
7.782404032512294650e-03
1.015614145121300797e-03
4.826553584641182608e-03
8.867224978534050603e-03
8.584814357913778332e-04
4.798337245417544535e-03
1.013705790662142517e-02
9.467174975327869108e-04
4.908764001289976295e-03
5.588228904219439547e-03
1.501987362227366792e-03
4.779958809765814248e-03
2.496859081898622143e-03
4.155962152221487609e-04
3.944253574078061125e-03
3.338896820651665598e-03
2.260733004611942352e-03
4.797760466377212762e-03
3.866637731500147373e-03
2.294443728059967092e-03
4.868758834320294215e-03
5.113882568289286439e-03
2.183375879388830838e-03
4.891442790931045670e-03
6.445298751052632759e-03
2.256175532400672180e-03
4.826646489773146059e-03
7.613537194883175652e-03
2.259466768898195019e-03
4.771740601467418415e-03
8.968085238490929034e-03
2.153184659418052108e-03
4.742169054155557714e-03
1.017408900344087160e-02
3.378274772437905860e-03
4.631136819028264587e-03
1.138527688657210322e-03
2.209016038641843042e-03
4.704343118827343517e-03
1.294176151149718790e-03
3.370129627888329791e-03
4.682158379076823383e-03
2.419843772019407684e-03
3.445563305530867544e-03
4.731392123439353420e-03
3.699722823722078734e-03
3.490014608399330098e-03
4.775243048878537698e-03
5.005502359917949826e-03
3.510184902613387205e-03
4.807782714378840833e-03
6.325051664667426070e-03
3.457513999734140690e-03
4.765480088434388174e-03
7.648459176169010616e-03
3.463292555840617216e-03
4.705492243613404110e-03
9.065054248442788384e-03
3.336559677814812750e-03
4.678266553497243199e-03
1.021041421075725639e-02
4.521510452492980003e-03
4.563365863084722397e-03
1.095865920806473074e-03
4.563814242817824246e-03
4.622745217711768904e-03
2.371519037480075785e-03
4.603527605999743928e-03
4.681260305289257871e-03
3.654756092425144685e-03
4.644939406010307678e-03
4.711028735115611529e-03
7.677073692788497113e-03
-4.348002995317643525e-03
2.669831402689352897e-03
5.192219974316593205e-03
-1.906488338415764181e-03
-5.019400896641004750e-03
6.901949926871521479e-03
2.712959913140339414e-03
3.953784302654830135e-03
5.449125866162666740e-03
-3.070050465156484894e-03
4.951122245840012051e-03
5.447170215740052869e-03
-4.532138060356749772e-03
4.955665852894536837e-03
7.087927918503704027e-04
-2.630264504471926251e-03
4.950584352886050303e-03
1.450105893511768624e-03
-2.636119413502273356e-03
4.948518204904452621e-03
2.651543551392393679e-03
-3.237251595251416317e-03
4.950315838833724107e-03
3.871618858171813841e-03
-1.433349472005025988e-03
4.914078453551511995e-03
1.202488377674999602e-03
-1.349770373371761596e-03
4.927015415414467449e-03
2.600028142864196923e-03
-5.076848578264341267e-05
4.854879297634200584e-03
1.659610328523713823e-03
9.749728069691895524e-04
4.784782949529722655e-03
1.242146348522622399e-03
4.884136690831888082e-03
6.210753358328575751e-05
7.736194422358730512e-03
4.945475939469821773e-03
-3.718237471913907796e-03
5.001180902603444278e-03
4.952391575401028471e-03
-3.785315006047362731e-03
6.184097416434745573e-03
4.949951517489585215e-03
-3.762570037009242696e-03
7.403481478844209027e-03
4.954793048289584875e-03
-3.741153517660285831e-03
8.721928493016934889e-03
4.957016846314389949e-03
-3.704076345239152527e-03
1.000097368390651456e-02
4.939312174715265215e-03
-3.272261324239190017e-03
1.957197679098654410e-03
4.944981866861108272e-03
-3.505466182395256067e-03
3.667268940745661062e-03
4.936293129603058771e-03
-2.398952863556934063e-03
3.987215958836735387e-03
4.934163933751290788e-03
-2.388529287869815571e-03
5.494813877559597340e-03
4.938473241600807584e-03
-2.436922993385551989e-03
7.546552569647171221e-03
4.942452880022131512e-03
-2.470190678612101554e-03
8.743837068924675826e-03
4.949525123944137697e-03
-2.485180854158380772e-03
1.001272055654813323e-02
4.916193960235165812e-03
-1.727311622573505156e-03
3.189736222075309404e-03
4.916416267798959933e-03
-1.215899597350105247e-03
7.540589657199106219e-03
4.917144387277173900e-03
-1.260765793226963560e-03
8.784097632242937950e-03
4.924061512393924575e-03
-1.279545998934477876e-03
1.003194112707497636e-02
4.893354224604040160e-03
-7.377431679532844323e-04
4.351797261443229176e-03
4.905132064140676693e-03
-6.987739675692596032e-04
5.084233433780450430e-03
4.906557511464574445e-03
-6.924611546506093855e-04
6.312108804406824439e-03
4.864334310013208353e-03
-4.279165811993453822e-06
8.941930266303113953e-03
4.864502570625105909e-03
-9.426066781457742301e-05
1.006864599588482012e-02
4.844601444528858630e-03
4.797197056365354556e-04
4.337032898412978774e-03
4.886593566440149833e-03
4.234490757083392331e-04
5.473674033363620448e-03
4.880550286828667580e-03
1.212802363772233494e-03
6.314533257547134439e-03
4.888332004619484056e-03
4.512519633045452964e-04
6.759944976998513710e-03
4.829651187524322369e-03
1.125504829891133506e-03
7.778965834245360825e-03
4.780417869173601494e-03
1.203579881463874525e-03
8.972529794306112125e-03
4.753566462823166812e-03
1.066253098734823998e-03
1.013183992579144189e-02
4.846102150565049713e-03
1.688982011015694330e-03
6.851700998985666390e-03
4.677193796492428064e-03
2.240991960805960304e-03
1.018846712840800785e-02
4.724116375456224697e-03
2.806639138800032327e-03
8.179515445140046401e-03
4.642059227718530259e-03
3.616831926342792443e-03
9.002347049773701607e-03
4.606588691144026561e-03
3.300711746583509434e-03
1.022215368775438588e-02
3.562704836331845662e-03
1.148037466633506547e-03
6.949231065530524741e-03
3.771527352095038668e-03
1.521028749401569886e-03
5.977138861898699009e-03
3.762329135678485828e-03
-1.921374242265998494e-03
5.993096266246422318e-03
1.671930758642489398e-03
3.337181706256432939e-03
5.009708797086052413e-03
-7.882886628418314971e-04
2.932258813209419161e-03
7.473094663686636469e-03
-2.979981274042275453e-03
-2.594139627815681033e-03
5.032545520704164062e-03
-3.954135000383053947e-03
-7.567711826024324647e-04
6.970012704419498682e-03
-3.996573506305970032e-03
6.644795435653729886e-04
6.964768375634148440e-03
-3.092506863543035764e-03
2.499302924519893054e-03
5.028220599473626901e-03
-5.000878064803713878e-03
-5.001543611273279177e-03
9.912743820150299572e-04
-5.002280335274585446e-03
-3.876148610566963141e-03
-2.627280447646873700e-06
-5.002616635801739042e-03
-4.180389425922889472e-03
7.099447961797838904e-04
-5.002359861819970915e-03
-3.062227126478462517e-03
-4.579609484464059969e-06
-5.006626351265340731e-03
-2.853098210416910117e-03
8.829120146692561724e-04
-5.005267942982807167e-03
-1.837291819075716117e-03
-5.216789528547004446e-06
-5.020409669739481738e-03
-1.276432816421112443e-03
4.265116688322130416e-03
-5.012490234106360687e-03
-6.132451952478047957e-04
-1.085683831135002760e-05
-5.019158354186224746e-03
-8.283018241643831528e-04
1.717002337471416722e-03
-5.018941640357954016e-03
-6.659110319773214404e-04
3.272186449210799479e-03
-5.137328024748042191e-03
5.790349488677268763e-04
-2.437220797089322937e-05
-5.110885107121725460e-03
4.988803070997237374e-04
1.938419406162653893e-03
-5.126482289845392393e-03
1.048211947720174538e-03
3.475916752474943368e-03
-5.092350719803825747e-03
4.114940712302957919e-04
4.354587210503386464e-03
-5.073165345916683458e-03
-7.033348540631056873e-06
7.012733124199049643e-03
-5.197431778146239904e-03
1.791510431990908170e-03
-1.687379337082014008e-05
-5.165696762852741049e-03
1.719412974339031355e-03
1.676087087861097670e-03
-5.165502654318892238e-03
2.211939336842555590e-03
3.136868945054380360e-03
-5.140029709719444624e-03
2.123319412439312551e-03
4.665916284074312671e-03
-5.138268516232614470e-03
2.175142097322965793e-03
6.120623897902957231e-03
-5.132140568064854150e-03
2.291995356387148755e-03
7.336004163081706261e-03
-5.235024630695302855e-03
3.014117622872279113e-03
-7.945816408351935866e-06
-5.194584579077682861e-03
2.896318931552926967e-03
1.782469407403609396e-03
-5.153097050384633677e-03
3.175780834260418569e-03
4.266386326139432784e-03
-5.146540699080579678e-03
3.513956833103649372e-03
6.115256664901990574e-03
-5.160925244044802830e-03
3.495470738642993212e-03
8.342745536059670980e-03
-5.168621481052644746e-03
3.521408474246183733e-03
9.271818643032047128e-03
-5.237865526221834739e-03
4.235381324257709960e-03
7.183912031554454559e-04
-5.207434651991584354e-03
4.110762842847131074e-03
1.910007815970858180e-03
-5.180276420964028544e-03
3.801230888580100619e-03
3.308623798079030499e-03
-5.157403230135433787e-03
4.230369279162738382e-03
4.898839179189156887e-03
-5.179981712151335467e-03
4.183555780814960691e-03
9.130892462085912764e-03
-5.168565959752602010e-03
4.941790080445864972e-03
7.330345527688149516e-03
-5.180368114915739550e-03
4.949809785621503942e-03
8.657494884122483511e-03
-5.225272068606630349e-03
4.949721528220540900e-03
1.407428531944559212e-03
-5.206600526985873806e-03
4.947554730690816721e-03
2.453583708751574857e-03
-5.179674051788226048e-03
4.946079568113652403e-03
3.679639457526846878e-03
-5.160592239967681447e-03
4.946524327004604704e-03
4.901806227103608360e-03
-5.157347784352619806e-03
4.946483309181196053e-03
6.119660286414729464e-03
2.062399584711937205e-03
3.498563807092499277e-03
5.979631911182580785e-03
-3.062661624377932545e-03
-3.006021149056326957e-03
6.003738971118099781e-03
-3.742336342311215584e-03
-2.208655092627581293e-03
6.003361311209299243e-03
-4.615329053670996079e-03
3.636866548105983227e-03
9.993673447682413502e-03
-3.566012199041601258e-03
-1.796779597653367852e-03
1.005357470063107488e-02
-3.470585074439215632e-03
1.112998699792228747e-03
1.003609441747208876e-02
-3.580394670200665128e-03
2.470591583377053108e-03
1.001488133793620658e-02
-3.667738040591135302e-03
-3.402657619750887232e-03
1.004621514640450380e-02
-2.190151756966552798e-03
-2.403731274516906699e-03
1.006275589919029996e-02
-2.426918819882900417e-03
7.353814353881889200e-05
1.004781621981533368e-02
-2.630153954822473349e-03
3.721951405647571775e-03
1.001829746512165019e-02
-1.181242605978220610e-03
-1.171620650324846878e-03
1.004955749715111257e-02
-1.072421798464689383e-03
1.273040778119902898e-04
1.005165886430700421e-02
-1.268290549622594658e-03
1.261794978482954710e-03
1.003937481584112577e-02
-1.357419476205916397e-03
2.655287434701102903e-03
1.003445344085213305e-02
-1.344124698862100712e-03
4.042313530824920113e-03
1.004330692434687866e-02
1.025856346583441700e-04
-1.620931683519143129e-04
1.004031070362312004e-02
-9.791282825611077119e-05
1.184326237168851050e-03
1.003550117649299085e-02
-2.762909506794169155e-04
2.521202365381078857e-03
1.005034210239720907e-02
-1.925785032450036372e-04
4.143141134680001884e-03
1.008316908277570936e-02
1.181828101850148976e-03
1.171073198021663859e-03
1.005082616880728988e-02
1.056181822385299403e-03
2.885202881066409406e-03
1.008493090705417199e-02
2.164952576656901852e-03
3.783210097492412539e-03
1.014674374098310100e-02
2.770668335483463494e-03
2.313986448588206159e-03
1.011249382867283365e-02
3.529135661150157709e-03
3.558954406452302828e-03
1.018414525765622657e-02
-3.484492352274466600e-03
2.540899729950385402e-03
5.995323507651318003e-03
1.180242463121788498e-03
2.670236976096291345e-03
7.467682491357543854e-03
1.869437390869560728e-03
3.226197956063511438e-03
6.952238247057200560e-03
2.909207219166255048e-03
-8.078229145967905870e-04
4.503246039571296572e-03
1.786656099062300428e-03
-3.516811256038276847e-03
6.970478999556774594e-03
6.575069939788707584e-04
-5.070029755626113098e-03
5.805224830364476285e-03
-4.285481815214636954e-03
-5.001609550175984374e-03
-3.237430773007426200e-06
-4.284568839847574181e-03
-5.003588387931673549e-03
1.223767363987124032e-03
-3.061852676417131398e-03
-5.005993137538576263e-03
-4.425294820845693852e-06
-1.836853688231640568e-03
-5.003136533723838604e-03
-2.744019495252509413e-06
-1.758438707511649716e-03
-5.005340247547697234e-03
8.689467020434027932e-04
-2.031338139296587873e-03
-5.007422327713504859e-03
1.886052976477530603e-03
-1.840728331543469570e-03
-5.014459314148532465e-03
3.667266441405042047e-03
-6.145552681454905398e-04
-5.006053918794068497e-03
-5.446144291897672054e-06
-3.488349989503482370e-04
-5.013189794763442918e-03
9.879362889292945746e-04
-6.141396272559869344e-04
-5.008798030160283195e-03
1.937697884398925999e-03
-6.168317599453904468e-04
-5.017844211170288324e-03
3.162906362567756684e-03
7.451120444382961731e-04
-5.117888514140844607e-03
-2.625187926751604173e-05
5.825646319217890265e-04
-5.100591849194030872e-03
6.987346521552202433e-04
5.146391631518663695e-04
-5.077344532169123133e-03
2.245685046801736400e-03
1.976093395244464274e-03
-5.169384949808361260e-03
-8.082923862639302027e-06
2.033577690182166147e-03
-5.150886830525116047e-03
1.075776482899528383e-03
1.786847787411100560e-03
-5.131443424479280140e-03
1.940649088001618816e-03
1.731155330640116695e-03
-5.112542096052907249e-03
3.195802490401573274e-03
1.782780309058680642e-03
-5.085433989361291991e-03
4.888770084941892677e-03
1.799635049299948405e-03
-5.081669542212013599e-03
6.842438892154727864e-03
3.532171011327132557e-03
-5.201176008445122269e-03
1.052893324910407739e-05
2.945808365147498890e-03
-5.153278321093452893e-03
1.825028338949385726e-03
3.013501253060779390e-03
-5.126021246030679039e-03
3.176536674601467772e-03
3.015380970683264033e-03
-5.093535722028122784e-03
4.905092984458563066e-03
3.015416917186535418e-03
-5.084175781539568111e-03
6.840826521326853586e-03
4.128844201137571446e-03
-5.160182313304125835e-03
1.769377031254805747e-03
3.967503355415464249e-03
-5.135832854426197226e-03
2.940871705910595886e-03
4.013099506355559051e-03
-5.109221565308189744e-03
4.078355225152213367e-03
3.964420825995678722e-03
-5.092982440506896823e-03
5.296028850475800395e-03
4.080249620954853711e-03
-5.101043757892986634e-03
7.932025391127264791e-03
3.735592994401737855e-03
-5.110265434811940045e-03
8.901575667805019729e-03
4.954523637295003835e-03
-5.164974734494062920e-03
1.449926068634304439e-03
4.953396718867482569e-03
-5.143356069463761969e-03
2.465159096722162151e-03
4.954785926918787997e-03
-5.108579885257751030e-03
3.895196299884733440e-03
4.952541188789582466e-03
-5.093411683112770288e-03
4.904371896663380082e-03
4.952103993758041368e-03
-5.089520966694960347e-03
6.123282664431788092e-03
4.958696895490420815e-03
-5.091598596287663474e-03
7.490634750009257312e-03
4.961443700702279462e-03
-5.113733270192453127e-03
8.560093657341925205e-03
3.562373443777390892e-03
1.103008690896379327e-03
5.009492302621863270e-03
-7.612510712547374686e-04
3.782813616755507230e-03
6.957056656299941133e-03
-2.046461585666843001e-03
-5.018605858781413805e-03
5.461932132098386988e-03
-5.000885837890373456e-03
-5.000574066718408393e-03
2.448814063679220429e-03
-5.003859315744225295e-03
-4.996953438074692132e-03
3.738522223002699839e-03
-5.003205149289789884e-03
-5.004004190581728614e-03
4.893720186196688117e-03
-5.002378404426941622e-03
-5.003041732346840027e-03
6.118871555664122039e-03
-5.003350705042762178e-03
-5.003331682289337626e-03
7.344937863814018746e-03
-5.001475120938792852e-03
-5.001470769906005316e-03
8.568649525058192468e-03
-3.104570552526288250e-03
-5.008526564770686071e-03
2.250767022325280819e-03
-4.285705064745962828e-03
-5.005636484864685667e-03
3.161914682484632221e-03
-4.111046469897518610e-03
-5.008551464335528336e-03
5.589034417762693031e-03
-4.285468710186896880e-03
-5.007525354669936299e-03
8.062510271851031432e-03
-3.065280178538324404e-03
-5.014557901412607967e-03
4.381998025364762170e-03
-3.137892342616909868e-03
-5.020889116706836637e-03
6.638401661449247308e-03
-2.985289437979766081e-03
-5.002311522545464101e-03
9.134549276880531143e-03
-1.851061673477896047e-03
-5.009174951135284166e-03
8.403245550183175219e-03
-6.257868877409299493e-04
-5.036412807838832814e-03
5.609214719718553371e-03
-1.096661884464924364e-04
-5.026951645970527058e-03
7.349305838603421501e-03
-7.543513823484759070e-04
-5.008273626133040099e-03
8.258301037109059758e-03
6.337601882355343953e-04
-5.050228300417626028e-03
8.487226898779913833e-03
1.545249916275118337e-03
-5.075689432382186027e-03
9.199551174895509789e-03
-7.632937966548759227e-04
3.782070709318466166e-03
5.018541146851730923e-03
-1.499179919764979029e-03
3.998801072048114615e-03
5.988378791280855873e-03
-6.526665687964922080e-04
-3.889151381618992029e-03
5.037937375085401251e-03
-8.214816923271948046e-04
-4.196219535787400721e-03
6.007368235839806794e-03
-4.057625225358916024e-03
-3.751335547081713438e-03
-3.435955921753456444e-05
-4.305486720904871251e-03
-1.854929441243255862e-03
-3.910112442476397330e-05
-3.919251280689301994e-03
5.952997741035848155e-04
-5.478015656521309924e-05
-4.234305409366569128e-03
1.581599232632122706e-03
-4.185687709993101530e-05
-4.121576849762989200e-03
3.089215154111677169e-03
-2.593387739929102937e-05
-2.989820024643454182e-03
-2.223308951297155861e-03
-7.411720586363148905e-05
-3.135070467404852020e-03
-6.460256040715982393e-04
-7.784483165687747458e-05
-2.613503870873488434e-03
3.400359762187803799e-04
-7.613060622292353605e-05
-2.704453721711603999e-03
1.810618009024278887e-03
-6.828280537604483386e-05
-2.804724879939883304e-03
3.010994587529257360e-03
-6.192589027499389022e-05
-3.481058273175150885e-03
3.900765436288739993e-03
-4.333632137354012491e-05
-1.856325644068208304e-03
-9.495911322542923251e-04
-1.000604246676225606e-04
-1.203697394498040672e-03
4.747288964496030792e-04
-1.013117280468432100e-04
-2.061927391138480403e-03
3.916991313154510879e-03
-8.149372082867657448e-05
3.425362775725516963e-04
-7.951496847609689422e-04
-1.032511582625431713e-04
-3.389387898965045415e-04
9.113109761325532065e-05
-1.079683059716751546e-04
-8.646863699256825695e-04
1.712810378792741688e-03
-1.127018935773179244e-04
-1.084699742511790284e-03
3.133386572661379845e-03
-1.162190406420140392e-04
1.014809947492886213e-03
6.583123589880946576e-04
-1.346939120523109193e-04
2.010132031442482710e-04
1.403910136273068534e-03
-1.236405881278765612e-04
2.822241211877249216e-04
2.864405700743602890e-03
-1.552965674788908353e-04
1.777437778498699951e-03
2.801952649772632316e-03
-2.196182154107574928e-04
2.148305676558371052e-03
3.871766571869945505e-03
-2.723795999124264326e-04
3.277016116861506800e-03
3.704966387157167945e-03
-3.154245933322396981e-04
1.902860639002103543e-03
4.676331132421985420e-03
-2.870557098573750651e-04
2.990556688123631977e-03
4.597648865545290141e-03
-3.386102138631406151e-04
-3.839491955275464632e-03
4.958338380045051487e-03
-3.037376028797041694e-05
-2.834472092422158241e-03
4.954349074516499127e-03
-5.518329974454684762e-05
-1.630474776950426117e-03
4.923355139080274993e-03
-9.694425966688655668e-05
-4.477410214412752771e-04
4.857459869459341065e-03
-1.503541572328617444e-04
1.064101656466546293e-03
4.737549844357238395e-03
-2.420582866918662298e-04
-4.296529904324575613e-03
-4.597471734772070337e-04
5.999857014889251224e-03
-2.500336848891422572e-03
-1.869459538631429354e-03
7.489524390450193018e-03
-2.330617111028733188e-03
-3.838152505741810900e-03
1.004511876230667136e-02
-9.781377521626494556e-04
-3.601117265638582778e-03
1.005430554956008790e-02
-1.114501181407713017e-03
-2.402942685538990517e-03
1.005700965123705083e-02
5.779697529626238463e-05
-2.150341613286261677e-03
1.004961349187656790e-02
8.501445897509409509e-04
-3.915188604430817031e-03
1.004296492910858145e-02
1.283763556202567125e-03
-2.434033389053937447e-03
1.004169649007850482e-02
1.245576318611543590e-03
-1.222467247202608295e-03
1.004027532757087969e-02
1.220516019045983806e-03
9.224659780486046143e-05
1.004031596354064068e-02
2.522130779260401898e-03
-3.681432086854379698e-03
1.002211240724414261e-02
2.555355987000466206e-03
-2.490776645562110814e-03
1.002846816362712098e-02
2.601560665981875273e-03
-1.199812451900724494e-03
1.003269409926304742e-02
2.337021387025693068e-03
-4.926288930482518280e-06
1.004313608656856767e-02
2.606681767492495787e-03
1.174074466233228017e-03
1.008164002927369567e-02
3.791740587888413772e-03
-3.802945000489987674e-03
1.000558055611169665e-02
3.752288480658515484e-03
-6.711521338678755257e-05
1.005459392914270084e-02
3.783863256549270700e-03
-2.639897066867169777e-03
1.001960042015456222e-02
3.920081091427487716e-03
-1.350011571906505579e-03
1.002922669242600068e-02
3.771295430124889728e-03
1.104431206806904620e-03
1.010060592929000640e-02
-4.055316319277330918e-03
-5.003208890355038269e-03
1.000319994662773534e-02
-2.763217468160793656e-03
-5.002720186958224506e-03
1.000310504552096545e-02
-1.836348072976626495e-03
-5.004456713462693447e-03
1.000380449042427219e-02
-6.136205247066027621e-04
-5.007745756182911505e-03
1.000527692864090941e-02
9.496003736786693761e-04
-5.074978514281128922e-03
1.002344072543475545e-02
1.801318899880694152e-03
-5.094282132413474606e-03
1.001823134676189248e-02
3.017041474585892540e-03
-5.119616399128348004e-03
9.999405049232291259e-03
2.907477991614055516e-03
5.358436407191507350e-04
7.470110362289710676e-03
-3.088967853213722952e-03
2.505836199779856721e-03
6.960907756700576883e-03
1.742266953905172644e-03
-3.928125515934300684e-03
6.005366423023772958e-03
-5.039979922167994730e-03
-9.919064535702046964e-04
6.512218057981272734e-03
-5.002935037945538226e-03
-4.346859146372383624e-03
1.581234164085008323e-03
-5.009481778035312916e-03
-3.439029761584279712e-03
2.159503475323552770e-03
-5.009515102529061605e-03
-4.287634799667898108e-03
5.611226107639056063e-03
-5.006121051939814090e-03
-4.286857876463085089e-03
6.839434474310920539e-03
-5.004990327929638265e-03
-3.944959860618391274e-03
8.137623375967614758e-03
-5.003654752464196595e-03
-3.611505124618654902e-03
9.087979903768582043e-03
-5.012166235474503802e-03
-2.213831055925654170e-03
3.380926909287425980e-03
-5.011870566797007633e-03
-3.484551760656849368e-03
4.419682572606079170e-03
-5.012030583741998967e-03
-3.064446069928504577e-03
5.614521174009910569e-03
-5.014907116636166742e-03
-3.091941012208628600e-03
6.902701124542107332e-03
-5.007500018280791609e-03
-2.696869450048258385e-03
8.345565386249371997e-03
-5.030472166815389869e-03
-1.830645187512237393e-03
5.766192518136343571e-03
-5.019507517785597693e-03
-1.664686754956649570e-03
7.339373291368892285e-03
-5.087917628589963027e-03
1.811637604221378011e-04
5.653033511756017787e-03
-5.018002227028209306e-03
-1.091417332504820108e-04
9.293839243685051224e-03
-5.114440066279520546e-03
1.079298610597303424e-03
7.073102861999713310e-03
-5.083406198942790576e-03
3.355798086682832901e-04
8.140467048012666948e-03
-5.129414174361631579e-03
1.658249440531364737e-03
8.692619710281445158e-03
-5.005080909431644000e-03
-2.344661997368034136e-03
1.000480207596143346e-02
-5.006411482300725940e-03
-1.328486670674881550e-03
1.000603694035550988e-02
-5.117715700858230070e-03
1.085763866761765232e-03
1.001452378287303289e-02
-5.155374246796869293e-03
2.305453286692754882e-03
9.999468347738984381e-03
-5.183908519423904154e-03
3.525573550343565152e-03
9.987845069547510515e-03
-5.193317006538133128e-03
4.111066205420403803e-03
9.983495719842644042e-03
2.945439609998736202e-03
-7.165014832607705152e-04
7.476165706275119879e-03
-2.554704830990623191e-03
1.835848355948621656e-03
7.479777838205867516e-03
2.910390613546276831e-03
4.923864259619672350e-04
4.497031177471728577e-03
-6.625918200591417130e-04
-2.085171664300108658e-03
4.698209927918004652e-03
3.627496330332138832e-03
-1.302471746014325108e-03
5.022346345985862805e-03
-3.098280287785825250e-03
-2.452361277600155660e-03
6.973970730858028086e-03
-3.074176692362830775e-03
-4.302668941204847511e-03
-4.064471349929085818e-05
-2.863111489704581788e-03
-3.462139507646075278e-03
-6.349493294608784145e-05
-1.856806729348800446e-03
-4.309077154497021646e-03
-4.782724374106257228e-05
-6.298295446241985399e-04
-4.314312466980688328e-03
-4.971206116611210691e-05
-6.541437344183499616e-04
-3.124562597515694040e-03
-7.938304284985622696e-05
-4.947447627589270699e-04
-1.093043512614064834e-03
-1.037254227576895195e-04
5.890129637394897737e-04
-4.393145739264715625e-03
-4.564531875029042505e-05
3.016374012731246447e-04
-3.349848489140043462e-03
-6.903634275709375216e-05
5.262755537650782656e-04
-1.975387530409240290e-03
-8.855559901164143134e-05
1.131116329924322173e-03
-2.256417212317471800e-04
-1.221912825600766645e-04
1.804128709464362153e-03
-4.452920450819775576e-03
-2.526076045456891937e-05
1.791467025051783494e-03
-3.241507608970777259e-03
-5.565645480492138189e-05
1.792220995812674475e-03
-1.310760671320960417e-03
-9.912806848116833083e-05
2.283856854235283979e-03
3.334780292751375385e-05
-1.465041574673522191e-04
1.818167892364045378e-03
1.492413776087326725e-03
-1.796321214189627109e-04
3.021074639212989726e-03
-4.477999867718038783e-03
-1.394056670303957085e-05
3.517763384350636961e-03
-3.278452343267383110e-03
-4.124555211077215566e-05
3.078063406457448234e-03
-1.988054682859743526e-03
-8.373130142582325454e-05
3.315972638727357827e-03
3.045451119470694856e-04
-1.753205592138075528e-04
2.901691055744446898e-03
1.216906007918608281e-03
-2.077413779738795192e-04
2.897288292027020654e-03
2.334767157574492696e-03
-2.467977750488702321e-04
4.334167031523646421e-03
-4.148683662373940650e-03
-1.349192208208925504e-05
3.664622404330125129e-03
-7.120863665320451789e-04
-1.361600877024264275e-04
3.810117796482198355e-03
1.535561164966340892e-03
-2.481171937454709569e-04
-8.612914324797243731e-04
-3.851750328404584915e-03
6.976627826246054216e-03
3.497155958871356069e-03
-1.687156750707075699e-03
6.961487536407264670e-03
4.883874398971433869e-03
-1.320657183127432093e-03
1.346867512485229240e-03
4.834819287882225619e-03
-1.015513209187965729e-04
2.564576522257174841e-03
4.761938822356745482e-03
3.480582630875296199e-04
6.991778020819592720e-04
4.702053184260508202e-03
1.385512356933249435e-03
1.364364572896034503e-03
4.772499833586543901e-03
1.107768777305907001e-03
2.755067689579197062e-03
4.694694601528884119e-03
2.257058441199488990e-03
2.428511767286949206e-03
4.775792251410461084e-03
1.935260866489346698e-03
3.702763294343958903e-03
4.832809386561618195e-03
2.030977839547324238e-03
5.377758995206455284e-03
4.612212847662373535e-03
2.637292238448380247e-03
7.640408462575975362e-04
4.629678696841539251e-03
3.487832657320275639e-03
2.433864627808317044e-03
4.719178107475769691e-03
3.411779984453001090e-03
4.292108227577535150e-03
4.561066403671413041e-03
3.864138207693673926e-03
1.121887585192505796e-03
4.749753436603519618e-03
3.823307619050600025e-03
6.205224901113317280e-03
4.692715305708530620e-03
4.735251017673498299e-03
5.346162043354212370e-03
4.571590282007352742e-03
4.648863401964938372e-03
9.359782699807989853e-03
4.944361590829809971e-03
-2.916809266754729658e-03
-4.354058211726273157e-05
4.914087117672208925e-03
-2.065023723874025857e-03
-7.116705311795127231e-05
4.843150437071726093e-03
-8.047390899577868328e-04
-1.563749520407690865e-04
4.713993771603931446e-03
6.188512289401380210e-04
-2.264768621747367740e-04
4.632200328958313226e-03
1.694472016279267032e-03
-2.900799742750873630e-04
4.545655950299027845e-03
2.968322170475104754e-03
-3.457600991181484455e-04
-7.359442218504973774e-04
-3.031882599473249753e-03
4.518599338996617983e-03
1.229010636291060637e-03
-2.877414035426569244e-03
4.518135387179057424e-03
