-4.665242490257470905e-03
-5.084844067580838317e-03
-1.617936829056407287e-04
-4.747210649920690154e-03
-5.088874245289682838e-03
1.004063068034878776e-02
-4.654824700979246985e-03
5.104132715787231510e-03
-1.526553398690483180e-04
-4.751076575981122950e-03
5.086721330161121310e-03
1.005056520320145828e-02
-4.121101131365884594e-03
-1.546307391105177344e-03
5.956794804150622458e-03
-4.126382840939035040e-03
1.539604805265546925e-03
5.960198541803744983e-03
-3.782912364947419327e-03
-1.425843599419352251e-03
4.989549161700582852e-03
-3.801760494767317776e-03
-1.426558772121018894e-03
6.930074005212750847e-03
-3.787003792378688862e-03
1.421587837067835600e-03
4.995799102925281565e-03
-3.800860539448838987e-03
1.418929843428046352e-03
6.932890221838088410e-03
-2.948525246863376113e-03
-1.120391078388082145e-03
4.484203979907730453e-03
-2.972291155068826438e-03
-1.121419137555373360e-03
7.449303224546862008e-03
-2.952056476611260218e-03
1.118773628428501284e-03
4.488462498324315327e-03
-2.971877313816475782e-03
1.112681494287173171e-03
7.452369305209683402e-03
-2.163516753707179444e-03
-3.918249739981064655e-03
5.975840267481933796e-03
-2.166242439233216719e-03
3.911770778738012620e-03
5.980361458660403938e-03
-2.009367470464552483e-03
-7.745644552834762223e-04
4.672443004659943520e-03
-2.028228028098968440e-03
-7.751516551059544746e-04
7.278063500215516991e-03
-2.011379932940836335e-03
7.730674505966227345e-04
4.673843824103137735e-03
-2.030758388983602402e-03
7.688435775361613213e-04
7.277782059078481691e-03
-1.982117042757709953e-03
-3.614353785018940748e-03
5.009364735076991121e-03
-1.994529709228706673e-03
-3.612076659492125062e-03
6.944248273805618023e-03
-1.985560882147482595e-03
3.609252094777639589e-03
5.013918859977825951e-03
-1.995786928745305749e-03
3.606101579910975588e-03
6.949900567924216510e-03
-1.535042248722733298e-03
-2.841714751165657412e-03
4.496459874261817848e-03
-1.555849663839680482e-03
-2.840820052158920823e-03
7.461803829976495876e-03
-1.539751142767607642e-03
2.839464243217550577e-03
4.500045590926437383e-03
-1.556748745171759960e-03
2.833489018445975883e-03
7.464742506316985639e-03
-1.405266156037714284e-03
-5.482539886800366679e-04
5.466469466209830999e-03
-1.411811474008437331e-03
-5.494317276474600456e-04
6.494355398721902983e-03
-1.405360162001639563e-03
5.459656541370547797e-04
5.466464067138647812e-03
-1.411462655498029383e-03
5.441357685812109974e-04
6.494101503040836804e-03
-1.035816712674937244e-03
-1.961651406818125647e-03
4.678480052119294609e-03
-1.053605351901671424e-03
-1.963075071269017487e-03
7.286352817422778183e-03
-1.038617887298566578e-03
1.961662217658397683e-03
4.680894510961743950e-03
-1.052819587130030335e-03
1.956948461596344068e-03
7.289624075824500948e-03
-7.147066357250671633e-04
-1.387234930880547768e-03
5.470722850161377840e-03
-7.221121604836415811e-04
-1.388660153369110925e-03
6.499174542627060396e-03
-7.159804047049713165e-04
1.385770509185575792e-03
5.471425721858708471e-03
-7.208075655347444266e-04
1.384169352420909060e-03
6.502107188277223698e-03
3.408552796200578906e-04
-1.581284721671588882e-03
5.475181444929751867e-03
3.370124336433223461e-04
-1.580606073455984592e-03
6.506564566108678435e-03
3.416758785558057939e-04
1.580070168135366783e-03
5.478100495968247011e-03
3.370837769901377685e-04
1.577189886465105205e-03
6.508996558217019883e-03
4.610736565571070165e-04
-2.235392575477829994e-03
4.686575704122770622e-03
4.499130088909736509e-04
-2.232888694359106384e-03
7.296730441746526047e-03
4.613596298786032130e-04
2.234768446814063437e-03
4.689653058879950619e-03
4.479116693659174046e-04
2.230924557514456057e-03
7.299055093157061531e-03
6.400614606239808354e-04
-3.234065008548102707e-03
4.509366279715348001e-03
6.243809002030111010e-04
-3.232104332002059925e-03
7.475770256860236711e-03
6.378443117202240017e-04
3.234263631309411673e-03
4.514067501593281746e-03
6.241989473290946886e-04
3.228394062884360361e-03
7.479527340032203486e-03
7.924168066146861740e-04
-4.111106490237031313e-03
5.027553267085290226e-03
7.824333357822317939e-04
-4.109082818063459867e-03
6.961169316218502462e-03
7.895917337976186660e-04
4.110060243742158850e-03
5.032675403921732342e-03
7.802596267088662786e-04
4.107173439575990612e-03
6.966201163579662826e-03
8.492913621454433641e-04
-4.455135216820735669e-03
5.994396166303626178e-03
8.458167567149594591e-04
4.455513252394112042e-03
6.000540810760551964e-03
1.266323797019099778e-03
-1.031085357076898159e-03
5.480156810347915422e-03
1.262768289685019295e-03
-1.029892954490863434e-03
6.510170584167829580e-03
1.266098751138391510e-03
1.028378342645901600e-03
5.481483884753225212e-03
1.262144835980511795e-03
1.026203813151865775e-03
6.511426023779301291e-03
1.628013342473950660e-03
-9.174283035879334718e-07
5.481776840064326965e-03
1.625161367866929159e-03
-1.490045775850684141e-06
6.509726498144026430e-03
1.772748376035107988e-03
-1.455802582545104784e-03
4.693238194337439120e-03
1.765525456020945825e-03
-1.453944732297064550e-03
7.301243591072118996e-03
1.771749394225916648e-03
1.455308849101948467e-03
4.695195131788760558e-03
1.763681932835421120e-03
1.451800379752214753e-03
7.303211595491744881e-03
2.284375860045275396e-03
3.654360367081132332e-07
4.697046999596091524e-03
2.278251122626689853e-03
-1.283493803215053346e-06
7.300984645821273142e-03
2.545434318898999720e-03
-2.105666774626644908e-03
4.518040974685802631e-03
2.536532295793966340e-03
-2.104399803924671911e-03
7.482383767759798882e-03
2.543624759720574183e-03
2.105757714226524913e-03
4.519034881751538869e-03
2.534828164077648424e-03
2.101571408878893411e-03
7.486020813361562477e-03
3.222299234897414103e-03
-2.677054117560859810e-03
5.035532483078470137e-03
3.217000728270133243e-03
-2.675627089047273328e-03
6.970811786490292532e-03
3.218609877585613434e-03
2.677426171397406362e-03
5.036786680783696471e-03
3.212184469039680666e-03
2.674819602938580294e-03
6.973654578210586319e-03
3.287724435465591653e-03
-3.422280720163092840e-08
4.518670453785365859e-03
3.282327724673103457e-03
-1.032805694845421883e-06
7.484986610161869711e-03
3.488578867386766570e-03
-2.901863296421115703e-03
6.003966204340493648e-03
3.486254713817584731e-03
2.901970984979932496e-03
6.006762482387156821e-03
4.171135945476691156e-03
2.388705001047924096e-07
5.032760116606563652e-03
4.167033535876172104e-03
-1.271471607219196082e-06
6.970428903123371094e-03
4.516886311117316276e-03
-4.964110948356022715e-07
6.001848179749779029e-03
5.004286421441591845e-03
-5.003544061180004165e-03
-3.757566043685499942e-06
5.001592359222768736e-03
-5.001508773986108707e-03
1.000148949647625997e-02
5.003852166374249053e-03
5.002986032909279533e-03
-2.556933560606262360e-06
5.001260990407767511e-03
5.001258955264481845e-03
1.000189805409598155e-02
-6.722778319375728555e-04
-3.555854036279819212e-03
2.497192480517950591e-03
6.693799344508484083e-04
-1.158325408561690101e-03
4.192272239799797566e-03
-3.632489630279525650e-03
-3.885976044166466678e-03
5.387815497611089278e-03
4.166733017555581710e-03
4.551580095429424403e-04
3.542059547011304488e-03
1.388749014287288469e-03
-4.974490479650604856e-04
3.200954935080351903e-03
-3.214293101499419449e-04
5.023076248697909939e-03
5.851989878194935324e-03
-3.774933721962870845e-03
-2.060859107944653225e-04
1.002578943153342554e-02
6.214525477371348220e-04
-5.041581562755363850e-03
3.979411211079952534e-03
-1.072641755611376032e-03
-4.572371519045359198e-04
1.216530910124542092e-03
-2.516021333243268062e-04
-1.376858296068469338e-03
1.076043901591727326e-03
1.899238573313592488e-03
-3.656249074449289486e-03
8.626767785052547738e-03
3.527252682986338744e-03
-2.760942615565374018e-03
8.398978403616108937e-03
3.534759518305628182e-03
-1.451971767076788407e-03
3.814338134253432606e-03
-1.374090378194574519e-03
-1.447645658297255257e-03
1.906432267339871599e-03
-9.776551803220494101e-04
3.826098414699719008e-03
1.635536104169956016e-03
-1.556430655251608754e-03
1.005191413805849943e-03
1.943120125733017100e-03
5.809095257944592999e-04
-1.462967745582248631e-03
8.831078948258489977e-03
8.217522282248991593e-05
3.724257854334988085e-03
1.772481920279464192e-03
4.586808714047531442e-04
-2.102488156432190999e-03
1.404426570724177838e-03
2.693349709889633452e-03
3.635406248583678804e-04
3.127550664560311937e-03
4.002942358551992569e-03
1.457432544132154307e-03
3.052678192365683787e-03
7.525866632176087282e-04
-3.360843345387650415e-03
5.803490776490372559e-03
-3.883058238773659260e-03
-4.159283336419563812e-03
1.570090417505511180e-03
-5.866737386613516065e-04
2.813658681066184050e-03
6.408738392252412604e-03
-3.658517297767908440e-03
-4.167749221482388092e-03
6.802443106470454012e-03
-4.113747826246387344e-03
-4.304047481413453453e-03
7.990914325907748708e-03
-4.103449506927104792e-03
-4.260676385446912802e-03
9.004232537714504034e-03
-3.697624985372289456e-03
-3.189093134458139550e-03
7.040312645948675367e-04
-3.993021142954110599e-03
-2.939273056371325635e-03
1.638741584009853263e-03
-3.479650062232636076e-03
-2.815115921208481437e-03
3.260780957609464830e-03
1.955340304609518454e-03
3.919043991263681907e-03
8.178138456287585567e-03
-3.930478511139919723e-03
-3.039949631796665455e-03
6.644129624782863820e-03
-3.978437398702132539e-03
-3.353087074619164401e-03
8.220252115071649199e-03
-2.720860212521580054e-03
9.323796429378782826e-04
6.050801618359634947e-03
-3.902824181969929626e-03
-1.733508393656872865e-03
1.009680760589355599e-03
1.926175841769870627e-03
-2.105222492833422419e-03
5.354246051444146691e-03
-3.810543823515776841e-03
-1.875056835308521732e-03
8.069465079217892287e-03
-3.889975437547391491e-03
-5.243163954839691809e-04
9.213536038692764956e-04
2.007624367622366963e-03
-3.395736653427985658e-03
5.031333742908379592e-03
-2.939829613422270151e-03
4.044561707239363764e-03
8.900723750058807740e-03
-4.071363264606679168e-03
-7.201222254867657756e-04
7.802630766349325647e-03
1.087099777424693856e-03
2.968604928468396905e-03
5.843470170315131704e-03
-3.848686096156279154e-03
7.921513226309570511e-04
8.008568725707132388e-04
-3.596813607709301204e-03
4.341259327456726321e-04
2.874217616842026767e-03
-3.913944687647632342e-03
5.977770347098243899e-04
7.930975055766897874e-03
-4.005539522136945460e-03
2.056581057499429297e-03
7.690999642368200311e-04
4.849513317730773398e-04
-8.033976011321664978e-06
7.037650862242885060e-03
5.002885472030291041e-03
-3.985031979448972438e-03
9.111004890853705929e-04
-3.319921080020881397e-03
5.082202649000249449e-03
2.188048239329006429e-03
-3.737419857236745201e-03
2.933780657083215077e-03
1.484071953999364967e-03
-3.920082057946193063e-03
2.984192480010588230e-03
2.907651488635578426e-03
-3.981389830352558522e-03
3.148666972233051062e-03
9.202097537953453713e-03
-3.799521733810343801e-03
4.130062170839309162e-03
2.621633025894082401e-03
-3.755645559487021546e-03
4.130602225381185648e-03
4.169859080606126527e-03
-3.677209828454279864e-03
3.996824124049678899e-03
5.556792876316711538e-03
-3.922675272824049410e-03
3.957125606298505897e-03
7.272143154445371432e-03
-2.784046026830893934e-03
-4.150652073477836129e-03
8.915048530668893663e-04
-2.516121122291420549e-03
-4.118334368286396575e-03
2.090141555385308277e-03
-2.850657701001062250e-03
-4.015995666925255975e-03
3.128505765205219242e-03
-2.859047054062507053e-03
-4.187265088884659960e-03
7.817225612726406633e-03
-9.642813203256547739e-04
-2.010123043838869545e-03
8.649697930411863467e-03
-2.854727526258302606e-03
-3.163250649788365738e-03
1.832842546167635965e-03
-2.902921480108117472e-03
-2.927669970401767987e-03
8.167620793287854244e-03
-6.953571270182347603e-04
3.057409479954501137e-03
2.695019221217103984e-03
-2.797391937222878499e-03
-2.160335864940072896e-03
8.587068530921103957e-04
-2.839468722383187496e-03
-1.936294119153688948e-03
1.995479996047266457e-03
-2.676265993357458510e-03
-7.458825392887612291e-04
7.680380982456555018e-04
-3.156289093333394021e-03
-7.755437875972617801e-04
1.807251095506713602e-03
-2.886135122921280535e-03
-8.395163749676319261e-04
3.140662864729397256e-03
-2.958458218300547959e-03
-8.486287897748503702e-04
8.995096303321070685e-03
-2.871860687312796905e-03
6.169105197341906086e-04
6.735538952365366155e-04
-2.757210720114788068e-03
5.122535010964967108e-04
1.716413494349084638e-03
-3.099115359286990726e-03
2.822587495070852143e-04
8.752536560981990024e-03
-2.880177689756918506e-03
2.144390877789227080e-03
8.378783352278489690e-04
-2.861862255528464447e-03
1.907464585598448413e-03
1.957925883516509636e-03
-3.332169587751661853e-03
1.798661981239084353e-03
3.221526542213768839e-03
-2.663734252007340843e-03
1.943536281890451568e-03
5.849747571138230219e-03
-2.923311214406007323e-03
1.507716843479885637e-03
6.609064059272965440e-03
-3.093619503352304859e-03
1.696052100080785215e-03
8.463984621618514392e-03
-2.640141699578853109e-03
3.369483159430081923e-03
8.100744291542473323e-04
-2.792615358253560092e-03
3.268309257197911030e-03
2.167027403122835216e-03
-2.717134848224488867e-03
3.280801136370398337e-03
3.295754996249933375e-03
-3.404030748606987327e-03
2.815640795735980043e-03
4.289791882373224230e-03
-3.216507368837402854e-03
3.079528284207059576e-03
7.936509291124143467e-03
-2.996965227152410902e-03
4.151792205201745856e-03
1.528527901625566969e-03
-2.811221484493130543e-03
4.244183411246165057e-03
3.054723559351329217e-03
-1.613189363613862009e-03
1.879820235056474430e-03
2.876044784850653128e-03
3.935052594551854445e-03
-3.016084585777690282e-03
4.301536446831379090e-03
-6.923641973998679363e-04
-3.901621265234147661e-03
7.969193121354781542e-03
-1.483535351665087694e-03
-4.200552166026831798e-03
9.520442101510769679e-04
-2.172949651543193503e-03
2.029906848353833955e-03
1.002214464190043924e-02
-1.429411781084885579e-03
-4.149908533501997683e-03
9.287052022672916129e-03
-1.882948967226896189e-03
-3.118852894067199698e-03
6.056894816419390809e-04
-1.640449526497285860e-03
-2.895634119925172018e-03
1.788782916788343421e-03
-1.663552709953168085e-03
-3.186686888654573311e-03
2.968633224763278771e-03
-1.797881145401134797e-03
-3.278368942407449207e-03
8.801159500514221454e-03
-1.542138770126799327e-03
-1.651050971008010369e-03
8.803174717029438844e-04
-1.745884611524335574e-03
-1.792322899096175605e-03
3.235094851432579813e-03
2.027758540594974332e-03
8.390138143009931698e-04
3.639724189554667099e-03
-1.776102629482843127e-03
-4.225374771832288135e-04
1.996868874133886102e-03
-2.534047543921647515e-03
-8.662045412469468681e-04
5.950121138858709309e-03
-1.706029182398057994e-03
-8.036416281295269198e-04
8.888703428863350617e-03
-1.785406960413535825e-03
3.413139668050372763e-04
9.100353451414824619e-04
-1.815837985940609803e-03
5.505396775056680585e-04
3.162101633321102220e-03
-1.949149508247120235e-03
4.297890591422045083e-04
8.795523411931991525e-03
-1.778374266577855377e-03
1.685735396302008192e-03
9.446198158278794853e-04
-1.583297757271652506e-03
1.933212681334568316e-03
5.584255986260962430e-03
-1.890385440925364865e-03
1.783527919601605614e-03
6.572685626923056856e-03
-1.971984619078915278e-03
1.880026792334900734e-03
8.827498625450208580e-03
-1.563162091790705564e-03
2.896536422598725447e-03
7.670810852960382141e-04
-1.838658852539425950e-03
3.089563780565265667e-03
1.790235792169506254e-03
-1.627533091241122748e-03
2.897426665105320900e-03
3.044449338332651678e-03
-1.668051046845748456e-03
2.984617269716249941e-03
5.648867968078582699e-03
-1.810811955424019475e-03
2.863225889163989891e-03
6.434037787737920122e-03
-1.907074001467345048e-03
3.210375705639166143e-03
8.913117733743364593e-03
-1.657463151608299995e-03
4.076524054433487872e-03
7.346234765615819754e-04
-1.609612160994170968e-03
3.997059230003062458e-03
3.090113035326848452e-03
2.687713547631079801e-03
7.039661799178068783e-04
5.832354951467322995e-03
-6.120118821902655873e-04
-4.268251529741596759e-03
8.312885074488264624e-04
-8.543959673506975726e-04
-4.273415979501363725e-03
4.296115980879929019e-03
-3.052434850485825891e-04
-4.515518478233167959e-03
6.878185607919490990e-03
-2.828204515088981737e-04
-4.224267096070596222e-03
8.995164108265854552e-03
-4.914649751303804643e-04
-2.965840029089067496e-03
9.048305029113742426e-04
-6.596127339561083051e-04
-2.681159719033402930e-03
5.651974689146053304e-03
-4.780888085359624598e-04
-3.158220357497425537e-03
9.152250068151412260e-03
-4.324544000399549145e-04
-2.083251550043851551e-03
2.017948445745861540e-03
-4.385313137988335768e-04
-2.151997614410608439e-03
3.263281345542956482e-03
-4.141290068961165499e-04
-1.717093260848786629e-03
4.175180425374419406e-03
-3.112300632063744470e-04
-3.423315611709995066e-04
6.927966901069235097e-04
-6.029870068125188975e-04
-6.207994706820403304e-04
2.827826066259437037e-03
-3.920136167384890300e-04
-5.345613258080510232e-04
4.439655911409210939e-03
-3.562867592390088316e-04
-3.295915020198606957e-04
5.870827382999865666e-03
-3.050396883601583209e-04
-7.635472890946434603e-04
8.110782201260078456e-03
-3.477025178766470284e-04
5.115831959618917036e-04
1.874038131407552120e-03
-4.788569239188240402e-04
7.157537238105403290e-04
4.345269817212275842e-03
-6.494955687887963777e-04
7.836908525293918891e-04
8.144409528314466851e-03
-6.836743655048418879e-04
2.167037149842998816e-03
1.558796760034348704e-03
-6.806580476503719303e-04
1.984260711655790998e-03
3.882877618841820092e-03
-6.119078785015598767e-04
1.999080885045390141e-03
8.393437919683060730e-03
-4.862643717441612564e-04
3.112273770472338309e-03
3.733547683835645482e-03
-5.593094305982114055e-04
3.588576296484870514e-03
8.326319854795191655e-03
-4.334960597871524539e-04
4.293989507972742654e-03
7.488878156935587600e-04
-3.260334216124886149e-04
4.223166636283880171e-03
3.130085978565318085e-03
-3.626272584385835992e-04
4.165801018301441318e-03
4.224493767904676650e-03
3.239755485473535482e-03
3.891076675789225184e-03
6.743998676013884808e-03
-6.382028560882382082e-04
4.420559451293463657e-03
7.125889058564836842e-03
6.199868651299634322e-04
-4.112364550404145301e-03
7.408479170739937746e-04
7.101175374283110733e-04
-4.216130142309392793e-03
1.835507233414941349e-03
9.819460737549546517e-04
-4.235874978174908843e-03
3.372792532359771174e-03
8.342796123252445989e-04
-4.354896760164954014e-03
7.912383296461064294e-03
5.905794903033547046e-04
-3.023433391668821357e-03
1.823754751956861275e-03
4.434393170713567538e-04
-3.178184667603392403e-03
3.134803871276198133e-03
6.643113845813780312e-04
-1.712464567734929295e-03
2.707779976634928313e-03
9.773142594147314101e-04
-2.042262634679817366e-03
5.676686241576800462e-03
7.596238421625579667e-04
-5.554131308704747657e-04
8.229556400173291706e-04
6.452441154336768358e-04
-7.327661503186603349e-04
1.829260884292191643e-03
6.180081600880035862e-04
-4.565531716082512140e-04
5.689106504796711573e-03
7.444591879598375225e-04
7.620371014113386590e-04
9.110006094934962806e-04
7.380103372475937734e-04
8.658778883602218958e-04
3.198987650756384468e-03
2.804157981049439541e-04
5.183733988230225997e-04
5.710442529800342955e-03
9.911104533522111480e-04
2.679914648593240242e-04
4.533230973366960889e-03
5.302813297092906454e-04
1.882670374267330585e-03
1.786128784004927927e-03
6.535842847309226728e-04
1.971090975285420127e-03
9.100935626874242720e-03
7.256178603015271894e-04
2.942948251452511075e-03
3.192840602571058329e-03
8.362891180870986275e-04
3.237248537074481972e-03
8.587228394983499602e-03
6.331368408413185194e-04
4.135897090417507173e-03
8.196361857826909864e-04
3.522249827879836382e-04
4.190085310877143115e-03
8.118074789463752480e-03
-2.217803942348074101e-03
-1.493035614296121328e-03
1.001189134148749819e-02
5.198591237120449732e-06
-3.937422138858173541e-03
3.890015982770605053e-03
1.878392863199208939e-03
-4.148149255210904773e-03
8.552903542330336176e-04
1.836665915841784917e-03
-4.211073332120058091e-03
2.030606672012564423e-03
2.229054298152687713e-03
-4.284978378600807873e-03
6.904007373754968147e-03
1.733432924766362257e-03
-3.000685122987521106e-03
8.088617465083410571e-04
1.854834623865814994e-03
-3.123428084422190734e-03
1.989197505564647712e-03
1.804653981354672034e-03
-3.545237759784850180e-03
3.200893687525779591e-03
1.786610839909373279e-03
-2.702706692877689283e-03
6.136847311222062840e-03
2.002755672375682201e-03
-1.696452862244805706e-03
8.721702255100217006e-04
1.597262860501399854e-03
-1.804440954839826167e-03
2.000491635909759820e-03
1.871236392997971919e-03
-1.862671794885181536e-03
3.408334692975501477e-03
1.880950337305524814e-03
-2.001201700370816659e-03
8.653317633764253530e-03
1.881315441285340674e-03
-5.793426956433511341e-04
7.840050197220689750e-04
2.253062292914534328e-03
-6.565067407955866088e-04
1.922151850773430419e-03
1.591401722502240211e-03
-4.934463876665920023e-04
8.672582804658376249e-03
2.008688182998240920e-03
6.875816909871070937e-04
7.446750268783379695e-04
1.890696886914135753e-03
5.543158346044662612e-04
2.055326360867395976e-03
1.966169163892089820e-03
7.899206196791045244e-04
8.691617678004349284e-03
1.818255918615534509e-03
1.788735163392428558e-03
7.827779629022040605e-04
1.806576097765117675e-03
1.884420718798724683e-03
3.227909579625377369e-03
2.104568974032296029e-03
1.948411198187857338e-03
5.807493553126190193e-03
1.896719892724019110e-03
2.020597598710084392e-03
8.184356661988039308e-03
1.920690316367776665e-03
1.886608918082377387e-03
9.161339509453907126e-03
2.213696953980429181e-03
3.206620053080259242e-03
9.280345923120763381e-04
1.664706511960528396e-03
3.239694190811864133e-03
2.020346848996715933e-03
1.750479662225203591e-03
2.625476157547657063e-03
6.585593701757519979e-03
1.921706852515613247e-03
3.219448778686751118e-03
9.061324481482170914e-03
1.972265180390750470e-03
4.265482629416894600e-03
8.281800547764439895e-04
1.759254678383493069e-03
4.212147930086554068e-03
3.105854270266182170e-03
2.010286149944613167e-03
3.927322411574189244e-03
4.191782993981998072e-03
-1.699440537279695755e-03
5.046205344525224977e-03
4.113557384967608463e-03
3.316421562515352393e-03
-4.272934703019734375e-03
7.585769012761067612e-04
3.339120008452373025e-03
-4.131777458294051686e-03
1.973041895023355374e-03
2.834589139827032103e-03
-3.899051416526881295e-03
4.225159624606101248e-03
3.382508588981650560e-03
-4.056816737421306725e-03
5.396909948943971226e-03
3.137768388257177257e-03
-3.829418925423706214e-03
8.142471777294617644e-03
2.928060707615662804e-03
-2.992653034302608563e-03
7.346845207812389760e-04
3.048353466453106782e-03
-3.206567070360546393e-03
1.753041616699084482e-03
3.024350739309740032e-03
-2.780302443160711807e-03
3.109182260763515646e-03
2.999197913660821366e-03
-2.992687907804296530e-03
9.133846833902262499e-03
2.976042121997414698e-03
-1.874758713117863828e-03
1.693332260995315504e-03
2.702440172186104748e-03
-1.747268043730281287e-03
5.894943717044050582e-03
3.002938423347791853e-03
-7.855259219307536610e-04
9.549418174206315661e-04
2.911245391098056957e-03
-5.870367063966891712e-04
3.043364819702209113e-03
2.837399248060668792e-03
-5.335540264939966611e-04
5.809977651041701475e-03
3.152760695792133656e-03
-6.186334436282849838e-04
8.502167440926080080e-03
3.282596505260936860e-03
5.552321607149195756e-04
8.600789335300207698e-04
3.157358267442393184e-03
4.357958172483945521e-04
2.075208135471775118e-03
3.021951792771017387e-03
8.100935229810021570e-04
8.394877536100599918e-03
3.016840099822329022e-03
2.089842669210415990e-03
8.407295284586453537e-04
2.804524077435051072e-03
1.909971141679784115e-03
1.952090608026270250e-03
3.072706522363233533e-03
1.744714085667656853e-03
3.288098678126112270e-03
3.203967455067138759e-03
3.852867624063783126e-03
9.276246580326533500e-03
3.172865290482578503e-03
1.849862726064541900e-03
9.002501359051858984e-03
3.340888868992632817e-03
3.342963252383701622e-03
1.057328838181162889e-03
3.261577622800937871e-03
3.291500418986144979e-03
2.100989870310023856e-03
2.748222373798702746e-03
2.979578677012733288e-03
3.416229746482226954e-03
3.088504053540297792e-03
3.225650863047763509e-03
8.205677544095643303e-03
3.073942194206174660e-03
4.258150127203439231e-03
7.086792697408417869e-04
3.026805024442246004e-03
4.164782492668877602e-03
1.917548876824551156e-03
3.018561138918151622e-03
4.130986096709077932e-03
3.059263250962950074e-03
3.300513580253797413e-03
4.076800566234448434e-03
4.425292980127179879e-03
4.234756616835835125e-03
-4.315020242400102735e-03
4.239665091030618907e-03
4.273087360061134619e-03
-4.111470621726229409e-03
9.202088916342263114e-03
4.086707550778975566e-03
-3.256403990014532322e-03
9.774480017755158342e-04
4.103239055469762309e-03
-3.408533662140738555e-03
3.011225502474814547e-03
4.172920219219240952e-03
-3.322341974797578083e-03
8.027267347999257271e-03
4.131766601505834115e-03
-2.988549465787228732e-03
9.072759484928680229e-03
4.234689573495760244e-03
-2.000058261821732568e-03
7.293781720186946803e-04
4.240923868212263977e-03
-1.889562483327099926e-03
4.365174196813269986e-03
4.085215400940415964e-03
-1.877242259360879014e-03
8.063050501706227335e-03
4.159400695737243588e-03
-1.689536129906363607e-03
9.036417284774807615e-03
4.110712072786094733e-03
-8.847629808975894820e-04
8.495870382824866193e-04
3.774543925210880561e-03
-7.433664553686105195e-04
1.947516162483847171e-03
4.102100841352457339e-03
-6.176545308617271144e-04
3.194562406970637928e-03
4.166858031012765987e-03
-5.017874365430953585e-04
4.222627050459368953e-03
4.181587799117556480e-03
-5.272239710749030556e-04
8.104575984147923892e-03
4.138219690079817346e-03
-6.462617021243971136e-04
9.267056588283986707e-03
4.244966962715636567e-03
5.169572284058383685e-04
1.751695311248423681e-03
4.235102474179338293e-03
5.404433859778157243e-04
8.284657017151255201e-03
3.928176663223247392e-03
1.692032792448026251e-03
1.988106624636941464e-03
4.067639310267850972e-03
1.959062798175167583e-03
4.309652117664764838e-03
4.033461774578838040e-03
1.926415523079777091e-03
8.104165723396849347e-03
4.208144611544100550e-03
3.220137364838183622e-03
8.321075880073412843e-04
4.256590998531417473e-03
2.956083664850825844e-03
1.795834324954491976e-03
3.934480919015927343e-03
2.810602219046804719e-03
3.052929204920634080e-03
4.100798805620358735e-03
3.467237180848897239e-03
5.447266529972537297e-03
4.215069844172767387e-03
2.986802112184564362e-03
6.841748143418039524e-03
4.099900906072860909e-03
2.867122884912328470e-03
9.110913089003311663e-03
4.217870039632288202e-03
4.270996846764213428e-03
7.085939402679746835e-04
4.069546070978778685e-03
4.141811323930303171e-03
1.762154628535532149e-03
4.152320028253345986e-03
4.178258949909694972e-03
3.044686476280894071e-03
1.129392003501726149e-03
5.028998098636966452e-03
6.625640543763166787e-03
-3.617409980121296005e-03
5.064044782109737401e-03
8.248959349105048841e-03
-3.373998091761823848e-03
5.063320445090536970e-03
1.003544889806876235e-02
-2.861226258955950133e-03
5.048346175658333795e-03
7.152494127140460178e-03
1.881211928440879554e-03
-5.030958164899746940e-03
8.072564721733836712e-03
-2.210408710786550355e-03
5.046792823482870033e-03
8.785473182746753734e-03
-2.108575922888582081e-03
5.048206352263689099e-03
1.002999483900575417e-02
-1.439290825952930586e-03
5.028182927502555626e-03
6.180222816946896389e-03
-1.128291083166322369e-03
5.033535640359201868e-03
7.748528695283663295e-03
-9.284766184399600693e-04
5.037275740822422417e-03
8.877056585421027116e-03
-1.010705235562718400e-03
5.041551844852392925e-03
1.002011433461618035e-02
-6.823167874164239250e-04
5.036656366064446583e-03
4.428455238663823491e-03
1.689290944104784398e-04
5.026582408193475474e-03
7.549179091166145425e-03
1.007288162981424454e-04
5.034410308101311404e-03
8.871691991230008789e-03
1.819882870648120048e-04
5.034015442398146953e-03
1.002328115665874174e-02
7.037840363825252979e-04
5.054117416522973562e-03
3.151681229486799716e-03
1.488408722262809115e-03
5.042364203899972995e-03
4.068940211682601192e-03
4.088373186838756236e-04
5.042323345592286156e-03
4.048617825970254012e-03
1.403025905189838685e-03
5.026733154128778559e-03
7.742093311614182613e-03
1.378708884255767540e-03
5.030725254365623830e-03
8.791169982741216249e-03
1.271362196494937782e-03
5.030745018360478597e-03
1.002554943215780772e-02
1.183475437577108033e-03
5.027442482620239801e-03
5.615280423856092856e-03
1.902096097190284288e-03
5.057134751474397921e-03
2.645923664353175015e-03
7.468439089046197176e-04
4.121009282754125799e-03
3.402081749391965091e-03
2.617583704334019643e-03
5.041404852453792648e-03
4.003427672018163713e-03
2.587017174801540479e-03
5.033975030559406996e-03
5.203362653493390048e-03
2.458631275801816899e-03
5.028815857928112081e-03
6.445179626887192863e-03
2.582053290443076226e-03
5.032097879920470820e-03
7.564426154945407162e-03
2.651060009995114767e-03
5.028641664652329195e-03
8.865450978568754220e-03
2.586683474102137968e-03
5.028026414003076289e-03
1.002833280391875713e-02
3.855139461960341123e-03
5.045844388762771825e-03
1.416014647804107610e-03
2.669213857990929313e-03
5.060093163438199489e-03
1.514114840147048066e-03
3.800456413153360281e-03
5.042786938940328756e-03
2.650069966685019048e-03
3.823213120546687434e-03
5.036521439379194019e-03
3.879400248434867159e-03
3.787804424454908805e-03
5.037347446090169323e-03
5.105241157701698868e-03
3.795236313695383047e-03
5.033156531737062803e-03
6.337008364354601922e-03
3.789971784407343818e-03
5.028814272691652619e-03
7.565391055735806031e-03
3.875749438059354797e-03
5.017372236937782740e-03
8.922814568326100856e-03
3.794311790028358569e-03
5.021166401619008533e-03
1.002388815888716027e-02
5.001944904100860505e-03
5.002013714265834445e-03
1.431220835822535941e-03
5.003126987384387894e-03
5.003326265500222282e-03
2.655726863440996399e-03
5.005076107739049249e-03
5.004697005092328260e-03
3.880189999954859834e-03
5.005162160172810411e-03
5.005204060618271764e-03
7.552854146196667957e-03
-4.079412724849595419e-03
2.751456336846684874e-03
5.144915448974668980e-03
-1.799822445699091316e-03
-5.032554727088860320e-03
6.876494299130325033e-03
2.949897192322576637e-03
4.082976526244261155e-03
5.495152075002923686e-03
-2.779296733070000646e-03
5.051564055834643907e-03
5.428240957097175794e-03
-3.984744997004215430e-03
5.096501487005833039e-03
5.948224855193680414e-04
-2.175552097387415274e-03
5.079509476419063335e-03
1.423688882642281089e-03
-2.233643963672546709e-03
5.066593262915270596e-03
2.626154735238720069e-03
-2.879187350800538857e-03
5.060678923767433085e-03
3.836139201226461837e-03
-9.861162029593257671e-04
5.077060278901074537e-03
1.235463378037843230e-03
-9.748523748401433098e-04
5.059937507182083252e-03
2.627550852825108474e-03
3.668359126601532152e-04
5.069199890090477813e-03
1.754803062965546280e-03
1.418616775985687530e-03
5.068758216690830674e-03
1.403800295307591067e-03
5.005437829762321086e-03
1.868527078192339899e-04
7.729108174952973274e-03
5.003360327748430925e-03
-3.633662208505746265e-03
5.001161199603438440e-03
5.008766949771187478e-03
-3.703207304795943285e-03
6.188314406683543926e-03
5.003053201089771064e-03
-3.674829672473196602e-03
7.413417578129883646e-03
5.002163389721920109e-03
-3.624413610851174705e-03
8.727541437506553673e-03
5.002028741260722451e-03
-3.568624298332162201e-03
1.000192564878717334e-02
5.008125783205070666e-03
-3.118515508772240138e-03
1.973696044583026117e-03
5.004019096714890612e-03
-3.392916174915387890e-03
3.671768057865779176e-03
5.006738875170521283e-03
-2.288608447609812632e-03
3.999349330567392169e-03
5.019421385192292598e-03
-2.305467253992191275e-03
5.502800070940483922e-03
5.009688519486652468e-03
-2.343585258292826389e-03
7.557096199044643740e-03
5.002982183972486119e-03
-2.349241915956823152e-03
8.744277347156600294e-03
5.002158115568691374e-03
-2.344286613008566330e-03
1.000222674012269525e-02
5.004951248720028618e-03
-1.583882906540983338e-03
3.224484782012563763e-03
5.008953701896254676e-03
-1.119552752104270577e-03
7.556820655271041104e-03
5.002965543601405919e-03
-1.119721994094568986e-03
8.778445194854881534e-03
5.002162342760922177e-03
-1.119941006766205166e-03
1.000191221569676076e-02
5.006698093849104234e-03
-6.119621992445543066e-04
4.385931208131035874e-03
5.015330632733461247e-03
-6.124441769406958934e-04
5.102243563747770917e-03
5.017124047298563046e-03
-6.111215330187946349e-04
6.329694956531710034e-03
5.002191742685884596e-03
1.750190295854469659e-04
8.901073092966792916e-03
5.002375168017691651e-03
1.037880931683281987e-04
1.000207042608684121e-02
5.009600216121594916e-03
6.430688991830707784e-04
4.404253561878233511e-03
5.010863527796164361e-03
5.356922629163508474e-04
5.503184766193037342e-03
5.014468469682128483e-03
1.329241296340498467e-03
6.328821381402834761e-03
5.015015434442966248e-03
5.506614937301974920e-04
6.776770264574149584e-03
5.004303867537461016e-03
1.295536732067593304e-03
7.743953125536029089e-03
5.002471088231433098e-03
1.429390685169145813e-03
8.886982066704645147e-03
5.002168062297311819e-03
1.328138824800413273e-03
1.000179188597864754e-02
5.009133524507367041e-03
1.837932953259270802e-03
6.838427835714084961e-03
5.002566129391922481e-03
2.551894251462692546e-03
1.000211801609178150e-02
5.008263815836676638e-03
3.060861507752741986e-03
8.063732653946902376e-03
5.000690891652738099e-03
3.924065391773477393e-03
8.827417026578522966e-03
5.002101261863153674e-03
3.644637073766104820e-03
1.000223012321880406e-02
3.721889639713584982e-03
1.247153452600407650e-03
6.972888744335971334e-03
3.938392614970419835e-03
1.622366593888202374e-03
6.004399641598393011e-03
3.863169406727020184e-03
-1.839615197523302792e-03
6.002820974660058248e-03
1.894596602951739662e-03
3.459639069493673866e-03
5.035661400104161044e-03
-5.757392982631772023e-04
3.013057525882570104e-03
7.472936428117265065e-03
-2.839927117231239376e-03
-2.572512211003945976e-03
5.001440249591645321e-03
-3.801495138025532631e-03
-7.189131472783791147e-04
6.929970730105745533e-03
-3.804624731734671493e-03
7.111653335759842570e-04
6.930966435828059616e-03
-2.849570660114713813e-03
2.558401413378689430e-03
5.005683446281744553e-03
-4.688030618527080397e-03
-5.083163520620602970e-03
8.477135951665182214e-04
-4.669115355743019835e-03
-3.938537961933690455e-03
-1.623462669466053986e-04
-4.684926235153119047e-03
-4.247767704501756794e-03
5.614222502792272536e-04
-4.672548752334905638e-03
-3.107431503326918681e-03
-1.619882356831546413e-04
-4.693531169134801569e-03
-2.894304905001119504e-03
7.389025955327645353e-04
-4.676607179919013008e-03
-1.859987884644461863e-03
-1.597777843537510824e-04
-4.816145189948994008e-03
-1.287025048682334874e-03
4.180017931419997834e-03
-4.679126294187014624e-03
-6.172239079216621915e-04
-1.612043905211828253e-04
-4.722432523886843994e-03
-8.278519210989485240e-04
1.594845531206592936e-03
-4.784163959250862901e-03
-6.652488962534147026e-04
3.174131336777382632e-03
-4.674462634374966508e-03
6.279656313794193100e-04
-1.632657677676935812e-04
-4.727816638292411250e-03
5.305476334663549202e-04
1.832839437093434533e-03
-4.788341738487492290e-03
1.093317716755118482e-03
3.393979721719047899e-03
-4.836955448310477704e-03
4.500386755918165836e-04
4.280799290058243112e-03
-4.888014702728630048e-03
2.030883058856774147e-05
6.969322369630619532e-03
-4.671529465199881874e-03
1.875557524732782318e-03
-1.612611030002481958e-04
-4.716710889282243156e-03
1.787896262723103011e-03
1.555183223067641745e-03
-4.769113678849841963e-03
2.290495458870879693e-03
3.030426329979753718e-03
-4.835776941583607054e-03
2.196951467286079995e-03
4.585081071637467191e-03
-4.849235861551047001e-03
2.259886577328706122e-03
6.089647764849399209e-03
-4.847114963176069741e-03
2.375043964380275149e-03
7.336983070041396340e-03
-4.668030041694787476e-03
3.125824845650110838e-03
-1.584921031369218407e-04
-4.712719985673034274e-03
2.998377844512492910e-03
1.653944204464028248e-03
-4.801328889101555072e-03
3.275416117350335356e-03
4.174824245037234149e-03
-4.825641348109144246e-03
3.621955737294530603e-03
6.085638037087992384e-03
-4.805840812198348966e-03
3.603091498951041180e-03
8.374970576709880182e-03
-4.783743923159855874e-03
3.625680388107885288e-03
9.321438035878509831e-03
-4.677477864787628857e-03
4.371681474680688510e-03
5.747599345643681582e-04
-4.706667387285763671e-03
4.244717367055409786e-03
1.787983614645444284e-03
-4.750779151604426175e-03
3.919740533648866099e-03
3.198793396247578275e-03
-4.787157830757881108e-03
4.352296659947421653e-03
4.825808364444523178e-03
-4.775651706443838872e-03
4.301925367933073611e-03
9.184874162353751093e-03
-4.782111729884852558e-03
5.091702485781736919e-03
7.339054914828496180e-03
-4.768466269522369551e-03
5.085913152968251846e-03
8.704921948859023484e-03
-4.684259277097632679e-03
5.099257072430252169e-03
1.277508855233772155e-03
-4.706242488112773528e-03
5.097823328322268269e-03
2.341635134451399997e-03
-4.737062755557843070e-03
5.090068393618125617e-03
3.586591659134169639e-03
-4.772107476474005475e-03
5.084805152538808375e-03
4.831524147561305424e-03
-4.795770066148069208e-03
5.081032166328863092e-03
6.078333338382017718e-03
2.275736931835055290e-03
3.614643073246580525e-03
6.004150572697639077e-03
-2.930703270785783333e-03
-2.987169059055509637e-03
5.969228843423443100e-03
-3.599804194153922825e-03
-2.178799139300829912e-03
5.962783813245085135e-03
-4.221118795767654294e-03
3.723031239057652056e-03
1.004283626611116205e-02
-3.390283071933107486e-03
-1.798690466425657787e-03
1.002285728338781282e-02
-3.201856455048764181e-03
1.143098027341481887e-03
1.001342753997798776e-02
-3.255118204771852673e-03
2.525734334979615626e-03
1.002408104667234547e-02
-3.472946029542831482e-03
-3.432166324001859579e-03
1.002538684289518492e-02
-2.037864684765988178e-03
-2.404874293364192301e-03
1.001525670915202892e-02
-2.223410748156953807e-03
1.000751655152075576e-04
1.001384719280143387e-02
-2.281936669658440279e-03
3.794815293624161003e-03
1.002405056494180130e-02
-1.028301279490840322e-03
-1.130020575606765620e-03
1.000983922827956493e-02
-8.838621267873761865e-04
1.903737043012215661e-04
1.001584157760137053e-02
-1.030805743376785998e-03
1.336310702614740536e-03
1.001681931673711369e-02
-1.069630443502466539e-03
2.745563463472666839e-03
1.001492592299546049e-02
-1.001657367298072797e-03
4.147512015199598424e-03
1.001706446006086354e-02
2.701847423904151749e-04
-7.498768978053200118e-05
1.001721549940408004e-02
1.285209066881648650e-04
1.290540781199568318e-03
1.001636732368691232e-02
8.578304629376032073e-06
2.651228038287221315e-03
1.001470873521693658e-02
1.766634834856183208e-04
4.309943882027853640e-03
1.001882195544923256e-02
1.414986571024005662e-03
1.310773424231996206e-03
1.002520641988764900e-02
1.376292771782656760e-03
3.076921898753361487e-03
1.002744772379409594e-02
2.544871918803175669e-03
4.048721004105291545e-03
1.002836462128153458e-02
3.079402765832399413e-03
2.561169103364278367e-03
1.003156055892462720e-02
3.923068444032407238e-03
3.873172503426380257e-03
1.002300906670485631e-02
-3.254981869198092948e-03
2.597492196153079313e-03
5.969729468147377642e-03
1.385743112789590212e-03
2.780568598806065252e-03
7.481440424319855086e-03
2.078718650664216315e-03
3.344325943369914293e-03
6.970117536017124416e-03
3.033245337548224566e-03
-7.107592258703130566e-04
4.518119955460603125e-03
1.889048659243860399e-03
-3.459400361077915893e-03
6.966596810426071984e-03
7.598486955747122285e-04
-5.031049258611735436e-03
5.791680112024280049e-03
-3.977379997642770983e-03
-5.082101784145335796e-03
-1.440613112908585298e-04
-4.003723126473924913e-03
-5.078584429957605680e-03
1.103701556887894640e-03
-2.802512425210896500e-03
-5.079348900654507594e-03
-1.145581865679253306e-04
-1.622527238144194812e-03
-5.078170061958620432e-03
-9.307157677619829861e-05
-1.563171176726668374e-03
-5.074261133064410234e-03
7.935461925315435592e-04
-1.844839642527955998e-03
-5.066192941074486311e-03
1.825231516325732896e-03
-1.695627694007045090e-03
-5.047443589083329407e-03
3.634256335890336583e-03
-4.408421650960037542e-04
-5.075466568263100470e-03
-7.637663317282851461e-05
-2.011252130797406700e-04
-5.071369281305321101e-03
9.331495550235402361e-04
-4.725616775920748742e-04
-5.068079568769011563e-03
1.894255078935218025e-03
-4.928510107338740639e-04
-5.052585373427957022e-03
3.138465051966185266e-03
9.020479805460724027e-04
-5.070342828658682723e-03
-6.158819828168991611e-05
7.321433066824172952e-04
-5.068151927115357482e-03
6.638276942129049066e-04
6.504307403924146054e-04
-5.061897615269100523e-03
2.220363912448290473e-03
2.097813807103396724e-03
-5.060983026238321213e-03
-5.340827145556204978e-05
2.153582725329633834e-03
-5.060113578345149313e-03
1.040151055812970574e-03
1.907634223165215323e-03
-5.060592492607898091e-03
1.912028617667928601e-03
1.822584042212278517e-03
-5.049598711160868669e-03
3.176616241431615313e-03
1.874596696210742560e-03
-5.039169766619914712e-03
4.873270807327695006e-03
1.886386063187065051e-03
-5.027536292310798814e-03
6.841727408453858114e-03
3.617110948072907277e-03
-5.042657282629935817e-03
-4.043876160866959171e-05
3.039354963509801645e-03
-5.054783912228064113e-03
1.793295456868347496e-03
3.090629589993522039e-03
-5.048324291942954054e-03
3.155252024392232475e-03
3.089072666887897334e-03
-5.038187639996263845e-03
4.893747876288440622e-03
3.088449358324317755e-03
-5.034942477638301023e-03
6.842527146091468074e-03
4.189058929965435232e-03
-5.034885185569099378e-03
1.742111540202359154e-03
4.027295312514409496e-03
-5.036600333950261993e-03
2.918126945612426523e-03
4.076893010269408424e-03
-5.033660607464996405e-03
4.063255808441262711e-03
4.021402971254361969e-03
-5.031276143146622484e-03
5.288518421904290882e-03
4.128407780758350069e-03
-5.028798088742764127e-03
7.945694905717096482e-03
3.792674873886451702e-03
-5.026654685003019776e-03
8.922547919925831114e-03
5.005397146114955176e-03
-5.002822555079336313e-03
1.431116365649637160e-03
5.003977659976398783e-03
-5.003854178732104058e-03
2.448468712631345513e-03
5.004968555212251438e-03
-5.003557768000398143e-03
3.880270940014805044e-03
5.003351105109167529e-03
-5.003141047693830668e-03
4.896187392566999502e-03
5.005250738504968266e-03
-5.005875195898490913e-03
6.120445885136383858e-03
5.003653590898202164e-03
-5.002496345244434109e-03
7.495719007259468714e-03
5.002851197041057948e-03
-5.002131204677193535e-03
8.568487589506356555e-03
3.735283581600206630e-03
1.213713888131837983e-03
5.035352430910810390e-03
-5.436236546150046952e-04
3.869854978394122059e-03
6.958905867196272729e-03
-1.928160077595090669e-03
-5.036005742573770351e-03
5.438545034386659677e-03
-4.727514287641579327e-03
-5.076832526185910688e-03
2.330239048066912871e-03
-4.763071894563659925e-03
-5.065729981324591617e-03
3.641805164086620288e-03
-4.792766275253064652e-03
-5.074162041339357401e-03
4.824836471746958219e-03
-4.801019276355363193e-03
-5.072192739248673234e-03
6.082310006410227878e-03
-4.791426382908036546e-03
-5.081247427088405981e-03
7.330623003710979094e-03
-4.769791072880402889e-03
-5.086379405506900875e-03
8.580798739160504229e-03
-2.887517644418208067e-03
-5.070634927687832014e-03
2.179241813933250390e-03
-4.055024138690463582e-03
-5.070537075539608383e-03
3.074095862896164891e-03
-3.943571936845292197e-03
-5.065443549022602757e-03
5.539379853792628268e-03
-4.088282131180692551e-03
-5.074546946577495297e-03
8.056471041886545392e-03
-2.904963763105763031e-03
-5.051359539829694024e-03
4.341647462902953510e-03
-3.008081856661637583e-03
-5.049014135341362355e-03
6.607419899970089563e-03
-2.814440676634111238e-03
-5.059892249811391053e-03
9.138579853407501757e-03
-1.724162982075763814e-03
-5.042521339544546455e-03
8.390477665225989229e-03
-5.250292143812003908e-04
-5.029932165225651716e-03
5.600768090590473383e-03
-2.777097778535974246e-05
-5.031488717251611162e-03
7.334217798499529165e-03
-6.544973503871735722e-04
-5.036847012340327223e-03
8.245028742925779655e-03
7.251438769297386018e-04
-5.035610173547265360e-03
8.479806357471218747e-03
1.628360474325822680e-03
-5.033369464490953724e-03
9.203069203421452779e-03
-5.342325762478102556e-04
3.871973776701800006e-03
5.025382719372140095e-03
-1.277758049767983720e-03
4.073488416652310852e-03
5.987959656198247813e-03
-5.297542895863710608e-04
-3.875768340484596602e-03
5.018786275824166365e-03
-7.022003525461109489e-04
-4.180711140448057847e-03
5.985296586258172409e-03
-3.751517738727282256e-03
-3.792388607835865243e-03
-1.407325034514481403e-04
-3.987982283576230365e-03
-1.860102831950762817e-03
-1.455642709508711595e-04
-3.498918506910977770e-03
6.265140424504388877e-04
-1.327351512479799155e-04
-3.752238676508326543e-03
1.641557381149253520e-03
-1.385902637087133536e-04
-3.594294574286348125e-03
3.186545967600823079e-03
-1.320348606166496985e-04
-2.700973939060517456e-03
-2.215781503983849012e-03
-1.169599587070056313e-04
-2.813097290010243331e-03
-6.168150173250761025e-04
-1.205084890483590658e-04
-2.242554731019497875e-03
3.936799365616844575e-04
-1.082395504742224708e-04
-2.266344968784507041e-03
1.891746798597852917e-03
-1.055575982897657581e-04
-2.316835462001137595e-03
3.115286739450480978e-03
-1.041617367326240929e-04
-2.954539684149385097e-03
4.015593412304313548e-03
-1.117208746230528366e-04
-1.564402964277879660e-03
-8.893306343907556640e-04
-1.001928957802213403e-04
-8.515474035581096970e-04
5.878143041421131669e-04
-8.729046290872278699e-05
-1.571750342140746520e-03
4.056209284228334301e-03
-8.989816288231389089e-05
5.899388878665540702e-04
-6.580261972045411403e-04
-7.675615380522813778e-05
-2.833639430010919985e-05
2.237081989049545527e-04
-8.118398931291828787e-05
-4.550214131723071377e-04
1.868600662470379543e-03
-7.938497986725890374e-05
-6.198956832183061217e-04
3.303888654985015928e-03
-8.159806034647446775e-05
1.345501715260001650e-03
8.756289074169443590e-04
-7.024436663582068910e-05
5.824788666997736787e-04
1.600873057054719942e-03
-7.258520457631946411e-05
7.321641113682583572e-04
3.107650035385911644e-03
-6.599779474395666475e-05
2.224002360770968752e-03
3.139321008395788443e-03
-5.436270617625038208e-05
2.637405966467094073e-03
4.259590683632998899e-03
-4.568174633232168700e-05
3.762614686553832945e-03
4.135396839435196217e-03
-3.837652690083852519e-05
2.421802170112844193e-03
5.066192103475981000e-03
-4.214123181620978468e-05
3.524518801837419734e-03
5.045323801849013398e-03
-3.764340294419206298e-05
-3.280402919665146959e-03
5.095985243099812774e-03
-1.171662723888093393e-04
-2.305158642459947515e-03
5.093909657973383874e-03
-9.682094951994961679e-05
-1.129695646045357840e-03
5.085668159489640898e-03
-7.918274676040305490e-05
5.265116676465591194e-05
5.080249413487820595e-03
-6.391960325486357943e-05
1.579451556349464490e-03
5.072628100312062509e-03
-5.052121505459364624e-05
-4.123408188535761937e-03
-4.180343107052827533e-04
5.957757767978661724e-03
-2.375785290278958472e-03
-1.845913042099618737e-03
7.454613486677593749e-03
-2.173917687183311593e-03
-3.872477319241689111e-03
1.002489239390638547e-02
-8.559134281645910513e-04
-3.612851488273518662e-03
1.001612928230075084e-02
-9.805271215807883235e-04
-2.394367941508277701e-03
1.001589059790742448e-02
1.662215497286645329e-04
-2.105408716076522749e-03
1.001543519558763078e-02
9.243888054595324590e-04
-3.877240627659422380e-03
1.002255283923562425e-02
1.376424861933529548e-03
-2.359319571231457014e-03
1.002232522891362103e-02
1.372265770203913568e-03
-1.131448813644414606e-03
1.002255997886692881e-02
1.391073518478810932e-03
2.046191609016614747e-04
1.002680961713191266e-02
2.581939177771914919e-03
-3.589858795881905110e-03
1.002563532008627668e-02
2.630954060455227648e-03
-2.380714738335672036e-03
1.002568159259930800e-02
2.720649448692618114e-03
-1.059450736937619627e-03
1.002531377328468726e-02
2.501157921947758968e-03
1.493099265487792459e-04
1.002991104535128943e-02
2.843513720380322438e-03
1.370872569753516261e-03
1.002910114479821715e-02
3.843206917435557264e-03
-3.684694912494972455e-03
1.002493531365772697e-02
3.914536119442835541e-03
1.316717328534302916e-04
1.002421111993598291e-02
3.841706601551448264e-03
-2.512569513548994216e-03
1.002656660997032489e-02
4.009258453575165193e-03
-1.195164533254670534e-03
1.002528411919538162e-02
4.013164337860066801e-03
1.343600627939868638e-03
1.002124401780903583e-02
-3.835976342993101425e-03
-5.076384922283970307e-03
1.002590746590962915e-02
-2.591482133853469094e-03
-5.068046530965725043e-03
1.002287598205146672e-02
-1.696224550915847746e-03
-5.059317859901034733e-03
1.002019154674365156e-02
-5.090391864803238886e-04
-5.046638396972778426e-03
1.001016939098599290e-02
1.037750103371938440e-03
-5.039838816844282796e-03
1.002258294444256966e-02
1.881987720439499186e-03
-5.032633963564230907e-03
1.002702743123282635e-02
3.086631578000622461e-03
-5.027328890936990161e-03
1.002686157433874993e-02
3.055570229801694675e-03
6.300661012884390972e-04
7.484544484195924767e-03
-2.863342511371216696e-03
2.555416771319376015e-03
6.941500765966167850e-03
1.849971281284174939e-03
-3.869653634932678291e-03
5.998983376633935244e-03
-4.886846489276885745e-03
-9.894174446044342458e-04
6.464738879241697933e-03
-4.704821165219574657e-03
-4.414527757968050858e-03
1.447193114203402641e-03
-4.724913261102174460e-03
-3.488827804340060169e-03
2.038835946934336625e-03
-4.818926567101113750e-03
-4.345118605520572296e-03
5.559522264344141963e-03
-4.817981218543258837e-03
-4.348778204274183698e-03
6.814042326629492739e-03
-4.791856415726172824e-03
-4.007515129431009869e-03
8.143390126581852989e-03
-4.779174178015958493e-03
-3.670634927573898643e-03
9.114008687365128189e-03
-4.770509513421842401e-03
-2.245548090149568788e-03
3.282431168483319027e-03
-4.802925105274686093e-03
-3.532714605575284095e-03
4.345413759765681151e-03
-4.835627822397815107e-03
-3.096530385599463066e-03
5.552728149776950221e-03
-4.846256250783438461e-03
-3.133742508678635796e-03
6.878784002933156089e-03
-4.806308968903225468e-03
-2.734721622382722036e-03
8.354484913772452365e-03
-4.866397104908770643e-03
-1.839634512803175505e-03
5.710077930929381360e-03
-4.842876678568165498e-03
-1.680416924203032361e-03
7.323137776161737708e-03
-4.885396835108344639e-03
2.225310768907512405e-04
5.600278240921440984e-03
-4.811291285482719587e-03
-1.055780296756792295e-04
9.308753546927464595e-03
-4.866208530262295349e-03
1.135698107894798003e-03
7.059211520916781196e-03
-4.841926853399925249e-03
3.710624001665311701e-04
8.128661261265176727e-03
-4.822846729811045355e-03
1.717064541227296620e-03
8.710858562210974099e-03
-4.778805316567851479e-03
-2.382645855572068996e-03
1.004531673603045218e-02
-4.787339171995508812e-03
-1.349793931247225990e-03
1.004164679117701409e-02
-4.793658998198173544e-03
1.131005585550811212e-03
1.004039803669589184e-02
-4.784331924536789314e-03
2.373499964981680335e-03
1.004601944508081053e-02
-4.769170951334792720e-03
3.623525080373965132e-03
1.005102851902823884e-02
-4.761302776330810643e-03
4.222136134107113033e-03
1.005166867372420808e-02
3.057012588346029458e-03
-6.318875008337991594e-04
7.484270411389435870e-03
-2.340165183733407348e-03
1.881260406187138662e-03
7.457950339417007170e-03
3.072676978910312499e-03
6.005374643251132436e-04
4.519099675445779549e-03
-5.294240584396297817e-04
-2.054169572674869118e-03
4.679810108825980738e-03
3.736965073741584532e-03
-1.213195684269694321e-03
5.033956204753794669e-03
-2.971419484637393034e-03
-2.430917624925326651e-03
6.935638165152155886e-03
-2.803211878272825024e-03
-4.350379808493864443e-03
-1.181115133777268801e-04
-2.590477394663991042e-03
-3.487463537440027052e-03
-1.142561073358073684e-04
-1.625706582067321842e-03
-4.350793230721644415e-03
-9.741657370629075690e-05
-4.440868726378916919e-04
-4.348562254848347547e-03
-7.944564522159561670e-05
-4.506469392322300983e-04
-3.106442330503199518e-03
-8.321249255486405812e-05
-2.436086142830284451e-04
-1.001110113954669853e-03
-8.437433272841013388e-05
7.391195964506866879e-04
-4.345137476706149166e-03
-6.709763206175155498e-05
4.701054023959514794e-04
-3.291406925143184909e-03
-7.420495273099389283e-05
7.266351116321245491e-04
-1.862417523374978881e-03
-7.539182149240044163e-05
1.402821727463088091e-03
-3.502898792546906958e-05
-7.258873030104284188e-05
1.926304354464736636e-03
-4.337779588068552995e-03
-5.751704234527894725e-05
1.916248681274295828e-03
-3.101273950606625845e-03
-6.631522704451436520e-05
1.991745458379950377e-03
-1.117289012265840513e-03
-6.544086633955140456e-05
2.561880166500684220e-03
2.912973145912249638e-04
-6.056467360599640591e-05
2.191268275306088378e-03
1.791013700795363733e-03
-6.173156270090733588e-05
3.115871080199883285e-03
-4.326096848021259746e-03
-4.906017144304618938e-05
3.601582639085315792e-03
-3.080801694119145607e-03
-4.752742408018535719e-05
3.224025728560599591e-03
-1.766500531839780173e-03
-5.215278018691116746e-05
3.598397121489851740e-03
6.169203730339806267e-04
-4.284281891750073361e-05
3.252003221604893562e-03
1.550161982309575465e-03
-4.934967069404354100e-05
3.319733319722135544e-03
2.710367276742028583e-03
-4.961693333774367396e-05
4.391659823151008307e-03
-3.952502645147239549e-03
-2.584610097843366617e-05
3.870403806201578711e-03
-4.354988901301933327e-04
-3.891370574057926283e-05
4.177671616018445444e-03
1.911061700627394782e-03
-2.786412226193875553e-05
-7.458224671189875223e-04
-3.837111707879927239e-03
6.952155169877332480e-03
3.595355191338059277e-03
-1.605047130769817572e-03
6.970429722422215139e-03
5.007519627789496809e-03
-1.119167856646260126e-03
1.427540599594665947e-03
5.006633644110144478e-03
1.049468200411489123e-04
2.655183078014813989e-03
5.004641913703978574e-03
6.496114627016003670e-04
8.780125237346829642e-04
5.003040180439009485e-03
1.711921708268645918e-03
1.570393948061898958e-03
5.004470631935982287e-03
1.354585119067996946e-03
2.892535370813800570e-03
5.004626349804609624e-03
2.565280450458556384e-03
2.628591848942928542e-03
5.009002225008272677e-03
2.166686252378259916e-03
3.831386996233132440e-03
5.010816123139845077e-03
2.219803115277397230e-03
5.431863217725018886e-03
5.004531181055154807e-03
3.034029032945953844e-03
1.050148646150579320e-03
5.003383612837144882e-03
3.838620958256217484e-03
2.674212487103567147e-03
5.007486245012832300e-03
3.670392048053438151e-03
4.440203781063121503e-03
5.003940325430832579e-03
4.285423679416680044e-03
1.431047091976545699e-03
5.011630107341864988e-03
4.037839393360354370e-03
6.224381623618373272e-03
5.005642005832772017e-03
5.005807069170855814e-03
5.463108921385994785e-03
5.002253454402002045e-03
5.002710364408950554e-03
9.135232677597394935e-03
5.005943289333424084e-03
-2.700248648506870311e-03
-2.856914982587247992e-06
5.003163768615415813e-03
-1.836536760681810234e-03
-3.856143562873961464e-06
5.005535657817508123e-03
-5.316406756525653620e-04
-3.261212430045701442e-06
5.003570730061692243e-03
9.738179206091317642e-04
-5.359203875818297408e-06
5.006840239133697468e-03
2.093227290205478593e-03
-3.215163712128973701e-06
5.004347915874359128e-03
3.421571966578871183e-03
-4.196490747692602716e-06
-6.076449202504165172e-04
-3.010671497065019707e-03
4.502925347019346922e-03
1.347968843898123643e-03
-2.816600234920359040e-03
4.512750910897157450e-03
