-5.004542931568703966e-03
-5.003317156887723480e-03
-4.296242965038429406e-06
-5.003677362265201121e-03
-5.003155090259227625e-03
1.000440773910914703e-02
-5.397728784770552436e-03
4.462296477555811880e-03
-1.830581965267423570e-04
-5.338646549293247015e-03
4.596925077779507630e-03
1.006543963718582041e-02
-4.318280055633570529e-03
-1.667887521254999509e-03
6.013720225326275176e-03
-4.375838424946734001e-03
1.376516080849630964e-03
5.992935963300941200e-03
-3.990421397128324221e-03
-1.547440223084481196e-03
5.042701306579717470e-03
-3.981695813773027635e-03
-1.538296447632867599e-03
6.981002599948213545e-03
-4.047727978426652294e-03
1.251656346977502582e-03
5.023959784731382022e-03
-4.038600258403753952e-03
1.268140541386840372e-03
6.960322849501186966e-03
-3.157056728886119094e-03
-1.231123189595685705e-03
4.519490386765699468e-03
-3.146069033797273175e-03
-1.219434844071156428e-03
7.492652493624600216e-03
-3.204539294611593973e-03
9.625571565127432564e-04
4.505143702016259875e-03
-3.193121483298685514e-03
9.831451020360193298e-04
7.476381506391342746e-03
-2.275783461263450151e-03
-3.956954518808267554e-03
6.011147018802488751e-03
-2.434044562578110624e-03
3.741983129944914145e-03
5.966593082030408578e-03
-2.206091205070274865e-03
-8.743934435437482810e-04
4.691866655637945242e-03
-2.198218118939697114e-03
-8.612852466344466350e-04
7.308135264763333978e-03
-2.240730149786961719e-03
6.405336459585718846e-04
4.683291319160833195e-03
-2.231435477502500576e-03
6.575665939196323863e-04
7.296777549505488805e-03
-2.106329807961080085e-03
-3.653082669601536315e-03
5.041454825166540900e-03
-2.102797066566774228e-03
-3.648605693347254254e-03
6.978466296678817807e-03
-2.253724250605558359e-03
3.432260992220019166e-03
4.997376069944925274e-03
-2.245860411692851815e-03
3.445864375620867615e-03
6.936601710377776273e-03
-1.672580393585132268e-03
-2.886676232205979183e-03
4.521704760220585789e-03
-1.667164073690649128e-03
-2.879058673216296823e-03
7.490671610041649969e-03
-1.792614129895588092e-03
2.673122884386719238e-03
4.487173314744555622e-03
-1.782421309081880277e-03
2.692737558871177803e-03
7.455378498155633415e-03
-1.583675433100081506e-03
-6.364422040003115191e-04
5.480642923978726842e-03
-1.581192128699849099e-03
-6.309211204043656219e-04
6.513277969567404270e-03
-1.610134479593811757e-03
4.310312224830204647e-04
5.472709831423175179e-03
-1.606854466939381483e-03
4.386214315154713999e-04
6.505492538693303378e-03
-1.182447009425335611e-03
-2.013937972367405276e-03
4.697524161040451604e-03
-1.174480478754158161e-03
-2.004614608521970709e-03
7.308656640356656770e-03
-1.268577842711727339e-03
1.812991104562255464e-03
4.671902868172794418e-03
-1.259053549680709365e-03
1.831935605228683390e-03
7.280482392481284031e-03
-8.620459737834553242e-04
-1.442855554939813769e-03
5.486063618194393469e-03
-8.586901684659553309e-04
-1.437433421868050806e-03
6.516580560692093564e-03
-9.223891178656768754e-04
1.257735898961647152e-03
5.463716880667229651e-03
-9.180129937942751225e-04
1.267065108927503247e-03
6.494420855528091827e-03
2.225915930600170405e-04
-1.615605633300443112e-03
5.484024844496421247e-03
2.240496528737961858e-04
-1.611196727062562785e-03
6.513641116570472595e-03
1.521061327799527469e-04
1.456788480741012413e-03
5.460364244535480943e-03
1.537288635167530324e-04
1.465587909404261063e-03
6.487187075892247509e-03
3.458935408930771302e-04
-2.260967008431325961e-03
4.696441661360757809e-03
3.495862926462588258e-04
-2.254082007769941508e-03
7.303438552321374171e-03
2.513839551122386902e-04
2.094329699809073346e-03
4.667807509714635462e-03
2.586772780476170657e-04
2.112418198742022427e-03
7.270125837087270705e-03
5.351293535830610156e-04
-3.247080142366486066e-03
4.518797602949839107e-03
5.408384444603911000e-04
-3.238542792117725649e-03
7.485055021780263364e-03
4.050033036573741732e-04
3.081105437372030735e-03
4.479778204240526633e-03
4.113327747485127786e-04
3.100326033718308998e-03
7.443082620469461570e-03
7.030953421067691724e-04
-4.114025058436180694e-03
5.036377410169466835e-03
7.044811591550539020e-04
-4.109292567116896479e-03
6.971635142405671788e-03
5.422195233641039338e-04
3.959140480877233748e-03
4.985313880533550485e-03
5.475061996710124841e-04
3.973823981067146384e-03
6.922132209061644843e-03
7.678326230349406725e-04
-4.458265828707577705e-03
6.005462041102899336e-03
5.987424909595689872e-04
4.313462224580319297e-03
5.950706633294229608e-03
1.162654385044407761e-03
-1.074739044458050859e-03
5.475413258058374304e-03
1.164787869486036583e-03
-1.070994211321237444e-03
6.506040915031230734e-03
1.115096884779977681e-03
9.367716453058136470e-04
5.462574177635904672e-03
1.117658483666189671e-03
9.449801225758471456e-04
6.491507899867197777e-03
1.519132435075622742e-03
-6.345225100052604296e-05
5.470654066409137012e-03
1.517229792414363657e-03
-5.789330086734155505e-05
6.503108772603903229e-03
1.678220260221816550e-03
-1.495821869264851332e-03
4.688577839415931925e-03
1.679449338031118680e-03
-1.484719434451720489e-03
7.297828941129346457e-03
1.612199607454156344e-03
1.357296886946858430e-03
4.670352823428199768e-03
1.616759899019892333e-03
1.375476244789122825e-03
7.277044591727809854e-03
2.179992486928010453e-03
-6.227062284366618094e-05
4.677527300919557401e-03
2.182691590068528385e-03
-4.649666805702021565e-05
7.288864266680697424e-03
2.464067871132628613e-03
-2.135917666925228782e-03
4.514057306621761974e-03
2.465358583835711940e-03
-2.122645381849412160e-03
7.477950507501240386e-03
2.372316105818619240e-03
2.013754838917085517e-03
4.484694412980144013e-03
2.378734816575613954e-03
2.037117518619650878e-03
7.446817029609104771e-03
3.151820733552205146e-03
-2.695434456827109151e-03
5.032146245930610440e-03
3.153268134602273641e-03
-2.686333571319447864e-03
6.965218794361145022e-03
3.042884410207512963e-03
2.599040191342748881e-03
4.992306904057215548e-03
3.048581162575146348e-03
2.615232403349829985e-03
6.927725321149501118e-03
3.191953129769632084e-03
-4.830679769118296579e-05
4.499816711838770453e-03
3.194889886669952540e-03
-2.920392059911189041e-05
7.463079801697742981e-03
3.423752522401946313e-03
-2.913244221851107527e-03
5.999766488401011601e-03
3.310364954334576743e-03
2.838593569737161895e-03
5.957347417773362769e-03
4.082826519685014977e-03
-2.945587337298469007e-05
5.015655601619357570e-03
4.085434449536960375e-03
-1.565248672096610774e-05
6.948067657244046125e-03
4.435891864251373558e-03
-1.528606306804232743e-05
5.981624732515452431e-03
5.002237659097002326e-03
-5.002326054566278227e-03
-1.191321519483211922e-06
5.000435128917983182e-03
-5.000452415913592477e-03
1.000044029359311616e-02
4.830731120970255081e-03
4.687503212168851047e-03
-2.227230698285621510e-04
4.864166581132631229e-03
4.808205266659211496e-03
1.005422574581215332e-02
-8.264837934680024922e-04
-3.534781290804489724e-03
2.522526720353687052e-03
5.444314053303560361e-04
-1.212477209465980151e-03
4.193579914559435358e-03
-3.819904811675056862e-03
-3.892942272094822732e-03
5.431995874065353308e-03
4.093516249682056449e-03
3.885351311983950497e-04
3.519780819878128193e-03
1.261008075306430457e-03
-5.765816703721375223e-04
3.191052504936981761e-03
-5.905269826976793784e-04
4.860478625571912521e-03
5.808011912475200510e-03
-4.053347192423143938e-03
-3.417793429370952880e-04
1.004456007633071704e-02
5.449340303390946914e-04
-5.010309221976600412e-03
3.984833940412431212e-03
-1.331454159299425575e-03
-5.910540535466193238e-04
1.219101024107940466e-03
-4.480471925984259515e-04
-1.458393548387240668e-03
1.076154481402558398e-03
1.854504498068620943e-03
-3.642864818216400447e-03
8.626429993043608843e-03
3.497618897720770632e-03
-2.761663434525125655e-03
8.390605192261150341e-03
3.483307496861219425e-03
-1.484094946686009137e-03
3.816965371961574677e-03
-1.611157644472029776e-03
-1.525609421020650454e-03
1.920309725183281298e-03
-1.366839431567954018e-03
3.464289149616271799e-03
1.559350222653557846e-03
-1.866563273716236428e-03
8.032864915904416999e-04
1.943288544831919210e-03
4.823289016473469209e-04
-1.497182981697938332e-03
8.838670624983868337e-03
-2.441663774765729820e-04
3.392060778992387216e-03
1.694344541970481486e-03
3.156813046246753672e-04
-2.139873340999719382e-03
1.408857609528418962e-03
2.584910112192223986e-03
2.677073545962928161e-04
3.104047142207093726e-03
3.906054860064882544e-03
1.346461862869684093e-03
3.015043301650581486e-03
6.605452506489732688e-04
-3.373593484515565073e-03
5.811825474908202671e-03
-4.183011298036980012e-03
-4.120994202391581145e-03
1.661128497519237827e-03
-8.076045389774823974e-04
2.676552812553514502e-03
6.385446614278243206e-03
-3.835191146380499249e-03
-4.165073105525400089e-03
6.844831592735421515e-03
-4.329593727932430983e-03
-4.262500020400939414e-03
8.010101963082745871e-03
-4.337975673821635632e-03
-4.209545888574747069e-03
9.011021275039316977e-03
-4.042103088718921114e-03
-3.214179986829522780e-03
7.682740549689146166e-04
-4.339461847830104919e-03
-2.978634955491167927e-03
1.706695013531758873e-03
-3.745478968260846503e-03
-2.848563549172419915e-03
3.312473238370985517e-03
1.761403596577763896e-03
3.761108365553572207e-03
8.154422393625342103e-03
-4.108689681539775575e-03
-3.096101852905858327e-03
6.698064035123497961e-03
-4.197040512441490255e-03
-3.349780594324974770e-03
8.263086898731434107e-03
-2.941845994959542063e-03
7.991146870836507909e-04
6.068754702322588096e-03
-4.292156383563912499e-03
-1.849632432142876964e-03
1.075174429635178050e-03
1.835152039797296802e-03
-2.131778595319679375e-03
5.352453076536155090e-03
-4.027747821639986008e-03
-1.946766560427613769e-03
8.107626081857879571e-03
-4.316997642726384636e-03
-7.165556841498681726e-04
9.808611353161122374e-04
1.927200082718061357e-03
-3.406400311769912370e-03
5.034448667443470679e-03
-3.314889360202276109e-03
3.762797721481184274e-03
8.912341949917379838e-03
-4.307210089061588518e-03
-8.433459697787266257e-04
7.835740981542030706e-03
8.795407316933233875e-04
2.850188439405188044e-03
5.806587197245458021e-03
-4.312081866539175211e-03
5.229967291365477614e-04
8.486734760203440029e-04
-3.957776650450250608e-03
2.432001993207974185e-04
2.914960959734206897e-03
-4.161895170519766367e-03
4.449802382510069073e-04
7.953733641559565179e-03
-4.524325442775541106e-03
1.694836438361121619e-03
8.056294495512656599e-04
3.513151536359561096e-04
-7.611975834535734291e-05
7.033136388526752165e-03
5.014807015087790858e-03
-3.993574302571147559e-03
9.038883669945105628e-04
-3.903809543176680122e-03
4.588096032056064241e-03
2.125102411381580084e-03
-4.248189605263451643e-03
2.543316811768847347e-03
1.496681484524518737e-03
-4.371955663324567434e-03
2.640526188691980688e-03
2.932316910588249250e-03
-4.371741601240769146e-03
2.855557306493584739e-03
9.203539114014416128e-03
-4.330402371248587116e-03
3.700156938071372768e-03
2.606695557125871063e-03
-4.206231693329833161e-03
3.787408588185886202e-03
4.165345111553122627e-03
-4.054154006632379459e-03
3.714262442219067647e-03
5.562576645333325472e-03
-4.315215015334762823e-03
3.655571196773874793e-03
7.279774523209489763e-03
-3.044937824200825375e-03
-4.110586487775067140e-03
9.582479806757642979e-04
-2.738286289286358689e-03
-4.088610190391465081e-03
2.140509239771728155e-03
-3.052873312268090510e-03
-3.990481514410641403e-03
3.177539164564524392e-03
-3.009700591313126637e-03
-4.164281215472829395e-03
7.846854529458113098e-03
-1.080635120960140054e-03
-2.043480678134668507e-03
8.676183160710143616e-03
-3.121325895331205323e-03
-3.169873634431356543e-03
1.878066061034395703e-03
-3.067837037115865844e-03
-2.946424821689747498e-03
8.215052333558394912e-03
-1.009425959760888161e-03
2.798610323357790183e-03
2.653036931446499033e-03
-3.112478969905374017e-03
-2.229355551966747187e-03
8.950703190270987725e-04
-3.130817405710660094e-03
-2.007277796254692409e-03
2.034970511359646562e-03
-3.026962475795063300e-03
-8.979866762096412646e-04
7.977183930726247912e-04
-3.507336438478019739e-03
-9.210284184100530833e-04
1.849922170099589950e-03
-3.169697376184776438e-03
-9.531757895817053643e-04
3.175617463441377224e-03
-3.166169699537260077e-03
-9.478406681962202839e-04
9.029017863471329453e-03
-3.281165202801886779e-03
3.745916613577062490e-04
6.947194299199631285e-04
-3.126703773095869214e-03
3.036960122822442328e-04
1.737023578239794454e-03
-3.345310281073761265e-03
1.422878884570496854e-04
8.779202397609481637e-03
-3.328099467266507766e-03
1.811666327987632250e-03
8.381064922708192973e-04
-3.254938228314944830e-03
1.631057095068659969e-03
1.967935239606867417e-03
-3.684595524813565580e-03
1.559091111216022582e-03
3.245669828832883040e-03
-2.903092529086360139e-03
1.793003807642933045e-03
5.858909555240424637e-03
-3.152203046481171465e-03
1.365265351881347899e-03
6.627222338195265516e-03
-3.360099977147259012e-03
1.524158177982794802e-03
8.483935267173382117e-03
-3.128768355557841503e-03
2.964862968341842441e-03
7.720845716945732217e-04
-3.235697718637788219e-03
2.920750060665460671e-03
2.141159917494483717e-03
-3.095194869357538545e-03
2.993340888120549909e-03
3.277816037304715976e-03
-3.721429054328177864e-03
2.586127300494123205e-03
4.299829984003454911e-03
-3.514108747507929415e-03
2.865179648939417210e-03
7.941211083931148593e-03
-3.520565715671743895e-03
3.711978377213347256e-03
1.480881765317774079e-03
-3.277063831780275497e-03
3.874122932588575617e-03
3.012512828010002319e-03
-1.922210502644156483e-03
1.671912678419835074e-03
2.870093019402256921e-03
3.909461466584286324e-03
-3.015421763862955427e-03
4.305493374318272205e-03
-7.859608868830767880e-04
-3.897400710083311678e-03
8.001135041753450888e-03
-1.685602804948367964e-03
-4.153021428636295524e-03
1.001752047007810039e-03
-2.438890892793578197e-03
1.854027150579202381e-03
1.001735488976461530e-02
-1.550235946627068250e-03
-4.122527120033252397e-03
9.306676301689185624e-03
-2.132294872124023029e-03
-3.130629564551973536e-03
6.341001084726570350e-04
-1.856090445964058777e-03
-2.906985093158706828e-03
1.815396132023660604e-03
-1.848160696694169103e-03
-3.192408669477270373e-03
2.995786200888701789e-03
-1.926594930499401712e-03
-3.277310617208673352e-03
8.837140289082001665e-03
-1.802385014642374000e-03
-1.731360664377677369e-03
8.937973010352565041e-04
-1.953766728470076371e-03
-1.858650848234514631e-03
3.260133996906625520e-03
1.889027727200441728e-03
7.350401472842274129e-04
3.620246402532177870e-03
-2.058051935126443705e-03
-5.558022611719991637e-04
2.012374367249441728e-03
-2.718351830556322863e-03
-9.688856771234743200e-04
5.981965327297033772e-03
-1.876330833562439180e-03
-8.829312077500674682e-04
8.917472420914793543e-03
-2.111491455279034153e-03
1.440134320188533542e-04
9.161876903398149911e-04
-2.080254942802480748e-03
3.947611369045643287e-04
3.166890496456189856e-03
-2.163438352819136486e-03
3.150353588000101785e-04
8.812612570820848104e-03
-2.146141641555215918e-03
1.409124474375825610e-03
9.351103080876074650e-04
-1.811278162922376261e-03
1.793768873867675325e-03
5.580692698347567218e-03
-2.110646182978421354e-03
1.650804788136836900e-03
6.576047578613524076e-03
-2.211094443073063302e-03
1.725898296316432778e-03
8.829957422816222395e-03
-1.968310690282545992e-03
2.546149611909784283e-03
7.221641034523096185e-04
-2.235929041837782152e-03
2.767745881935734353e-03
1.751920475642015701e-03
-1.955008252008622136e-03
2.652757941197453687e-03
3.017256445807044770e-03
-1.913686399773169376e-03
2.829026824661392235e-03
5.635196670085215916e-03
-2.047357425919679383e-03
2.714265380792564575e-03
6.424172888017666908e-03
-2.181928958637690576e-03
3.005711753667550563e-03
8.919737443361708956e-03
-2.122759955274998531e-03
3.647365623114581703e-03
6.542381280948175422e-04
-1.993699634056305976e-03
3.696156790424836181e-03
3.026281818853655044e-03
2.570273198092551999e-03
6.494916675286909391e-04
5.808604596570170198e-03
-7.818111267195059682e-04
-4.220997947822717651e-03
8.729343036274169517e-04
-9.618784890831599257e-04
-4.275119043698804092e-03
4.309909043719916365e-03
-3.909634325604383997e-04
-4.519309436825763929e-03
6.901403102480853195e-03
-3.695843116896669733e-04
-4.198962746404353782e-03
9.018527235694417249e-03
-6.711395869238775133e-04
-2.969891026030224961e-03
9.188276707878908264e-04
-7.762655802782349092e-04
-2.710589882551664356e-03
5.671124278266096407e-03
-5.762660666363773800e-04
-3.156200860915275332e-03
9.185368490191227198e-03
-6.085952785585261498e-04
-2.118526958812552707e-03
2.026792679481000895e-03
-5.911566898495227915e-04
-2.183335553583607130e-03
3.278276876005240242e-03
-5.614208315409492450e-04
-1.764626956354073016e-03
4.188136377808044687e-03
-5.404095295908310911e-04
-4.863916875174541807e-04
6.859557366669708335e-04
-8.079944213410384778e-04
-7.170389401227236217e-04
2.828394434923008332e-03
-5.586308413521660606e-04
-6.181156169583721131e-04
4.444375442164448693e-03
-5.134475213637647610e-04
-4.025137148973403412e-04
5.876411630606368126e-03
-4.351183348946436637e-04
-8.188521087765010574e-04
8.124575908591903303e-03
-5.891564887156785710e-04
3.505956869863136884e-04
1.861007434633379660e-03
-6.800766921974854724e-04
5.932519722029964276e-04
4.337150549643425078e-03
-8.305592153116869106e-04
6.814741175061041862e-04
8.147830173823273486e-03
-9.963224167934010139e-04
1.905266526012954409e-03
1.529707495988729413e-03
-9.275469032542461509e-04
1.818282738777061936e-03
3.869395651170452494e-03
-8.144664063026539743e-04
1.870812616027292888e-03
8.383170839589081103e-03
-7.521230399196246214e-04
2.903071583307157474e-03
3.698685546789743425e-03
-7.977439448571179564e-04
3.413859367760318717e-03
8.311177681808218712e-03
-8.342182474776618046e-04
3.878928448265154833e-03
6.442917865713875198e-04
-6.621182781789739479e-04
3.929768290203086538e-03
3.047035154965339627e-03
-6.545558162189455374e-04
3.938311046767354641e-03
4.154927687627766458e-03
3.057863024993529889e-03
3.797004529730284902e-03
6.696082706151951919e-03
-8.925609260095605140e-04
4.260557441674017558e-03
7.095464144994025578e-03
4.923871053267527996e-04
-4.073841434076341632e-03
7.684160132658680691e-04
6.017516023230021086e-04
-4.175200443880774590e-03
1.857746405703150075e-03
9.020713060500710860e-04
-4.208302123094723353e-03
3.378451225000468541e-03
7.664606033136953924e-04
-4.338257124265046914e-03
7.924806171450924155e-03
4.664343883861836741e-04
-3.019465441118036018e-03
1.833033916346560885e-03
3.309557484586030020e-04
-3.171013205695631838e-03
3.144938022603812819e-03
5.322110449888983394e-04
-1.753524485564571201e-03
2.710399232978324188e-03
8.726068366878307267e-04
-2.068563119723404627e-03
5.681469952539529647e-03
5.941955537971856799e-04
-6.708010164562523258e-04
8.121782959784036669e-04
4.860907001756166533e-04
-8.245782843237384543e-04
1.822437325149229258e-03
4.904507474039740194e-04
-5.196427961175149662e-04
5.686981783800682151e-03
5.361497596605399639e-04
5.809844108370605447e-04
8.875082726626933819e-04
5.508614558815144334e-04
7.272487426740947489e-04
3.185542842226163785e-03
1.233929851416765686e-04
4.232972758126259897e-04
5.701305894210632885e-03
8.457200037062023376e-04
1.834219865943376030e-04
4.524575024202360900e-03
2.889945989119148992e-04
1.662069703583056576e-03
1.750417805319146643e-03
4.760412356276761347e-04
1.854486925310488629e-03
9.077761495035590808e-03
4.843766121908893029e-04
2.727825507590034802e-03
3.148125029600462588e-03
6.307917307190640454e-04
3.088821019777704922e-03
8.563753916853551751e-03
2.971230594809709784e-04
3.752803576819619281e-03
7.026025581668473565e-04
1.149388981418768052e-04
4.011917838236642685e-03
8.097812515880238940e-03
-2.405763135247703660e-03
-1.548559914860304833e-03
1.005083390016788675e-02
-9.703858646006218239e-05
-3.929741980568340551e-03
3.897730764007630022e-03
1.795601553683613466e-03
-4.112566609673143359e-03
8.773042717404156256e-04
1.768881816704303070e-03
-4.169346792319619625e-03
2.047555297809388643e-03
2.168547614137199264e-03
-4.280394406609742269e-03
6.906605113450092759e-03
1.648314420214070253e-03
-3.005933823758874610e-03
8.180294698151695807e-04
1.780201383930341431e-03
-3.114792508192155366e-03
2.000444538317871276e-03
1.736919562294674327e-03
-3.528369726465834487e-03
3.209395396144508993e-03
1.701743716282512605e-03
-2.719552521917114208e-03
6.137050048249110233e-03
1.915000668727273028e-03
-1.754218483220218927e-03
8.689051614732931812e-04
1.502564787133074502e-03
-1.845955463269776308e-03
2.000691013320952168e-03
1.784963938318161105e-03
-1.896012921961153560e-03
3.406240469794840232e-03
1.809807823090277008e-03
-2.017930911418662574e-03
8.652276332400576225e-03
1.766439235595156088e-03
-6.884966116546952387e-04
7.705128784990062860e-04
2.159804501963747889e-03
-7.396402055857590960e-04
1.908167056035586437e-03
1.494269135946951071e-03
-5.359473540730649724e-04
8.660862300256451721e-03
1.864222264383663848e-03
5.201198837686741129e-04
7.170262726077309334e-04
1.749649937714016067e-03
4.211999624291486687e-04
2.037062645138450114e-03
1.848454568384609153e-03
7.262459180749041140e-04
8.669206493069910036e-03
1.631304577730663960e-03
1.561900096457907164e-03
7.303507855511084815e-04
1.625945243618557787e-03
1.728355463081471385e-03
3.192704686030966178e-03
1.936466913920526682e-03
1.865169818697865649e-03
5.774113712100718658e-03
1.741318882325661914e-03
1.930850320557560762e-03
8.150068619320990221e-03
1.780190024155789419e-03
1.779581198183656900e-03
9.133690786922745580e-03
1.996145968776441397e-03
2.907165293359793672e-03
8.340755591908842297e-04
1.432317982169595662e-03
2.969277949310422573e-03
1.943269553698242927e-03
1.563304787550429988e-03
2.529523014506045338e-03
6.547853088193322617e-03
1.746649399708131035e-03
3.065012314579768690e-03
9.043339159142684339e-03
1.699501504710277874e-03
3.894465939321512232e-03
6.931835222950480250e-04
1.510134619474919710e-03
3.948096229303608116e-03
3.005103585188874642e-03
1.785553069306374712e-03
3.739861831090427087e-03
4.112818023153841547e-03
-2.104648551659717669e-03
4.726341815751226340e-03
4.022917620986941542e-03
3.282066505552796391e-03
-4.242758892711445684e-03
7.820758987740677797e-04
3.315708540223386968e-03
-4.101379984831276908e-03
1.986679942747333200e-03
2.794501125164125608e-03
-3.881908616617183849e-03
4.225409477099062797e-03
3.349048210499269360e-03
-4.042273807245806531e-03
5.393706749258526598e-03
3.110419834742666600e-03
-3.815158022370246631e-03
8.135263203423835285e-03
2.888886893842128583e-03
-3.001947211317340398e-03
7.422765711911466198e-04
3.011410413933223590e-03
-3.201792875102421696e-03
1.759724910364658711e-03
2.988714335320465359e-03
-2.784058731311735407e-03
3.114660227054508006e-03
2.970375387022227993e-03
-2.988525639291430679e-03
9.125164649760356475e-03
2.934586268049647027e-03
-1.911105517894456235e-03
1.689351263768373640e-03
2.622255284135576164e-03
-1.773871122344667598e-03
5.887580540094569659e-03
2.938505157158704563e-03
-8.739857612844279412e-04
9.361046999420617699e-04
2.834913606318979502e-03
-6.545597631749235177e-04
3.029976106763360936e-03
2.750637849026736290e-03
-5.737142666364744180e-04
5.797036998697293469e-03
3.087199201398768862e-03
-6.509035176331954067e-04
8.483650636392489619e-03
3.194952694898402744e-03
4.116282184624960689e-04
8.243386967085687472e-04
3.070674434055144491e-03
3.243243714806336012e-04
2.050239129414932037e-03
2.926857948062319779e-03
7.572285306890989831e-04
8.368672608389362069e-03
2.877640602915920633e-03
1.866131360855325045e-03
7.767386392475026042e-04
2.661267077492323468e-03
1.724846979055775836e-03
1.904591686933537796e-03
2.938182198950079621e-03
1.613358966646677483e-03
3.252771728257426807e-03
3.048598527040166303e-03
3.682345282963546754e-03
9.276126623296958307e-03
3.063405711199635589e-03
1.757078829094276115e-03
8.972228234172241121e-03
3.171499028260135050e-03
3.070219396152908120e-03
9.467631285904708335e-04
3.093834407423544288e-03
3.055883143438437467e-03
2.004230974770961505e-03
2.571164100417006222e-03
2.801150618613700276e-03
3.347056613284109423e-03
2.940478421527696271e-03
3.103905831661952098e-03
8.177365380891582838e-03
2.853424181135119295e-03
3.910135033112155725e-03
5.607161979615143173e-04
2.817273160537164638e-03
3.867580594025792334e-03
1.788554143229021016e-03
2.817390741858885432e-03
3.885373498857067325e-03
2.950151326594204187e-03
3.111215248677835776e-03
3.904182636136239570e-03
4.338695384706642462e-03
4.230621009863184435e-03
-4.292562929820523294e-03
4.245856982838981317e-03
4.268447650385829260e-03
-4.103446385071383810e-03
9.195177889278349434e-03
4.087304025210051865e-03
-3.262146843635923762e-03
9.726134509989557307e-04
4.099607908405191251e-03
-3.396775058084260373e-03
3.017304126353832078e-03
4.157021628775882383e-03
-3.314858762713035912e-03
8.021392859274509637e-03
4.120226966460150027e-03
-2.988270353244422330e-03
9.064195976182588474e-03
4.233513178693595023e-03
-2.043106331691498315e-03
7.098226576162360241e-04
4.206620544113956472e-03
-1.905850696957700268e-03
4.369351823255878883e-03
4.044507403705332321e-03
-1.886388917962376162e-03
8.047302628327958340e-03
4.129068305111576256e-03
-1.701323376978868072e-03
9.017629187143671315e-03
4.088425775684273455e-03
-9.608862160052366892e-04
8.205713529733038797e-04
3.733224748031808635e-03
-8.092444379021270819e-04
1.926734185936025733e-03
4.052299850796797255e-03
-6.676284349217057176e-04
3.185809789792280571e-03
4.104753964629683470e-03
-5.390475426259595370e-04
4.212516687973014845e-03
4.125018503684934300e-03
-5.476318417888554474e-04
8.081641212959220222e-03
4.096048258226896166e-03
-6.745915473219856861e-04
9.244346658158698188e-03
4.187871539239033762e-03
4.133710180146845216e-04
1.713523238615418873e-03
4.164307171246128293e-03
5.050068785483593971e-04
8.255471838102065515e-03
3.829129484945659710e-03
1.543380501733442565e-03
1.932099720467325612e-03
3.937173410704306910e-03
1.881720600152606135e-03
4.271746931314285983e-03
3.928925121530478168e-03
1.860045801261818021e-03
8.066903896761104878e-03
4.079373377856720592e-03
2.978659424797288312e-03
7.086394871937360404e-04
4.136953406195529107e-03
2.757441982479349411e-03
1.694932240861965912e-03
3.802372565349158157e-03
2.647883667843606553e-03
2.979851526439992234e-03
3.939162306672817741e-03
3.362929208783969025e-03
5.384493858512692105e-03
4.070750292113385280e-03
2.916439210172208901e-03
6.793287265554153603e-03
3.990233672187196677e-03
2.755052791300149559e-03
9.099347122646631383e-03
4.053740574600965887e-03
3.974121613075405277e-03
5.460570130575478475e-04
3.904777029061464941e-03
3.875977619239206855e-03
1.620534453635517468e-03
3.987516709766103506e-03
3.956798360695009537e-03
2.921724885638330143e-03
8.899272027441049171e-04
4.863813006598125509e-03
6.587360828797451245e-03
-4.088846650323778482e-03
4.687989623618849314e-03
8.260883318182730278e-03
-3.867982124453047971e-03
4.664987808124870620e-03
1.005759694091488098e-02
-3.264553032717106701e-03
4.747318697110172910e-03
7.145991848242323578e-03
1.837126700374599369e-03
-5.005310488095373808e-03
8.062465224406895406e-03
-2.600779160493857031e-03
4.728161196224619708e-03
8.797770539397693074e-03
-2.523250707779194947e-03
4.709144379632194781e-03
1.004901080610515023e-02
-1.754276579047607748e-03
4.827336672442923172e-03
6.146162003388589909e-03
-1.455587361396226687e-03
4.792243652943068387e-03
7.746308667165086558e-03
-1.260790117667997656e-03
4.762686897064286051e-03
8.888823325698401098e-03
-1.355737006041937871e-03
4.736040399327301649e-03
1.005343741866882371e-02
-1.016701956908880322e-03
4.768397366928286106e-03
4.331840053589912018e-03
-9.345514982945088086e-05
4.835126379716355068e-03
7.554399131250218863e-03
-1.922769889116242065e-04
4.783280252632945810e-03
8.876263215923885230e-03
-1.053667839485962590e-04
4.763213005216922029e-03
1.004887422425938120e-02
3.799009600797000042e-04
4.724356534769949545e-03
3.026690723011263989e-03
1.216908515518296723e-03
4.781723988405109371e-03
3.953747691348676735e-03
1.051922786361755797e-04
4.767490878864437918e-03
3.940993292032807065e-03
1.168294925658571771e-03
4.833830197003340622e-03
7.724994247607792561e-03
1.141965031098060536e-03
4.797578667238952717e-03
8.795486348667034410e-03
1.027604703739293723e-03
4.772206267483786180e-03
1.005028398332960884e-02
9.281599341689363404e-04
4.872947476397108263e-03
5.550526704438243052e-03
1.616430578682945610e-03
4.716233062692928336e-03
2.495953926194910671e-03
4.675941600517333099e-04
3.858087164833596486e-03
3.317226540213758217e-03
2.387565967234556684e-03
4.793196066245780131e-03
3.878946112743883543e-03
2.362047259289862516e-03
4.858488064507806431e-03
5.100609760109028543e-03
2.240248079350100514e-03
4.879676150233632284e-03
6.395871638822507067e-03
2.383500353502208177e-03
4.841866047328338522e-03
7.545568968728123653e-03
2.448293676258041576e-03
4.803238300958338584e-03
8.869469650531152868e-03
2.383085034765491331e-03
4.773724581485832598e-03
1.005694569733746671e-02
3.639251227631925059e-03
4.704733629111984734e-03
1.238834299404708780e-03
2.404542113598763173e-03
4.686597703508689483e-03
1.343423121416829121e-03
3.586272272322635520e-03
4.746340719651510193e-03
2.494840361580108641e-03
3.630587030298433257e-03
4.800034214706354156e-03
3.749246142752736197e-03
3.611275814865419227e-03
4.841075901863421856e-03
5.014392031366425410e-03
3.623569375663878139e-03
4.865868491530103701e-03
6.281779768018780005e-03
3.627388624745666711e-03
4.849823341686430520e-03
7.544123973504799144e-03
3.707484032110997061e-03
4.808865809685048884e-03
8.929169576042721157e-03
3.623857843911170405e-03
4.791273731727666713e-03
1.004976721590865492e-02
4.832440224016649327e-03
4.737774240449601354e-03
1.241952482154576841e-03
4.831963440844097221e-03
4.774408416855656714e-03
2.492118039364772490e-03
4.838944705820533501e-03
4.814373677864055949e-03
3.740784665121735936e-03
4.871811939677618900e-03
4.848716137905473809e-03
7.540603747608744765e-03
-4.397702629912718202e-03
2.518740969085742857e-03
5.174341534391431983e-03
-1.898758124091132725e-03
-5.025198317017862300e-03
6.902629401220279626e-03
2.743083034055416800e-03
3.975510719419062325e-03
5.427948502193294909e-03
-3.192222707874259845e-03
4.743337606038282306e-03
5.390306822099542178e-03
-4.657522011639292706e-03
4.512823896496260048e-03
5.455308445815081541e-04
-2.702330659582471723e-03
4.601659800307939842e-03
1.322471547441317731e-03
-2.731232840498917964e-03
4.644961072671050135e-03
2.536249215774782559e-03
-3.368149848388477929e-03
4.677893360593554824e-03
3.769950469989262996e-03
-1.445872178812024171e-03
4.618969465548668739e-03
1.108484506357973638e-03
-1.390643166611289219e-03
4.677873419610744515e-03
2.505831675810016486e-03
-2.389028993018982378e-06
4.660291791227386994e-03
1.610779442082618676e-03
1.095866278627485261e-03
4.663704218328203893e-03
1.245787673897406781e-03
4.944560166275363891e-03
1.724519927986589902e-04
7.703265858360628174e-03
5.004349258882418924e-03
-3.624539333388358993e-03
5.005806153283713644e-03
4.998140372141479833e-03
-3.699729063286876299e-03
6.190400973553764064e-03
4.998856160286416390e-03
-3.665959534358007380e-03
7.410014811729073204e-03
4.998441256302576553e-03
-3.624193139398363458e-03
8.726053453101326532e-03
5.002828920557255386e-03
-3.571610762645411469e-03
1.000234856945731061e-02
5.016973850716673414e-03
-3.130679831981762491e-03
1.966083142682566263e-03
5.007564797548494200e-03
-3.394537474245571188e-03
3.671439507911659211e-03
4.992820458047897599e-03
-2.300543539097229043e-03
3.999275152245886089e-03
4.979740316788838078e-03
-2.313192316656112295e-03
5.506184446022765501e-03
4.978605181731518385e-03
-2.345660597550062662e-03
7.546519459116055734e-03
4.985879790104647859e-03
-2.352813227909497304e-03
8.739023964614260273e-03
4.995716940531189261e-03
-2.351632384238760368e-03
1.000133401052941476e-02
4.987370072862290504e-03
-1.609344378285126279e-03
3.215257179875292189e-03
4.958158845378409472e-03
-1.124920936015804751e-03
7.537037069203618433e-03
4.970361283938123410e-03
-1.134229679648371706e-03
8.764527044894230082e-03
4.981720588833810082e-03
-1.140014028753874023e-03
9.995665961249285830e-03
4.958488254770582714e-03
-6.328295377040404814e-04
4.375254654285892254e-03
4.949741984344947256e-03
-6.250687260012145492e-04
5.092946553678945679e-03
4.945751827506080119e-03
-6.179573358850064735e-04
6.313550894087512598e-03
4.953501583570561577e-03
1.465680556958678092e-04
8.881523525450484013e-03
4.964877403731050680e-03
6.863169025571307514e-05
9.989065268783930973e-03
4.930647177692525432e-03
6.074676734078314402e-04
4.379634840621646381e-03
4.928584448381446298e-03
5.203675950408764763e-04
5.480865942991994949e-03
4.907677115611835256e-03
1.313047467878504515e-03
6.298188909990916524e-03
4.924821597198073345e-03
5.467036093548711950e-04
6.751797818630077275e-03
4.928492156342278996e-03
1.261423349838380068e-03
7.718234729782864380e-03
4.931496554600353979e-03
1.377362063495301278e-03
8.871740104880544708e-03
4.945269333901756471e-03
1.264641235822770758e-03
9.997718077760430963e-03
4.908958914761562230e-03
1.813106891967694242e-03
6.809163163779522084e-03
4.923308271202006536e-03
2.456497878941133611e-03
1.000937094381818167e-02
4.898187569601320131e-03
2.973474301560586654e-03
8.045625755055759928e-03
4.888264377037323041e-03
3.796226245798678053e-03
8.831589315226325010e-03
4.903760368296990191e-03
3.511812044674445573e-03
1.002836293001270127e-02
3.600354092353099614e-03
1.217085124424013539e-03
6.937678807586970461e-03
3.806206611433658391e-03
1.586721962170767461e-03
5.967918024056741849e-03
3.797863163987801917e-03
-1.857713444394360706e-03
5.994353312479097293e-03
1.676840134310290508e-03
3.341706487969700514e-03
4.988178959460685610e-03
-7.926980270051357498e-04
2.875243022576293248e-03
7.449439661708503503e-03
-3.000814420982596091e-03
-2.649913651410089332e-03
5.039086715361132222e-03
-3.994669275522286581e-03
-8.413897450570640086e-04
6.976570943563854300e-03
-4.025062248398590149e-03
5.693198180982092819e-04
6.965786037796912154e-03
-3.114753055245798007e-03
2.384421435510076202e-03
5.009660421366341973e-03
-5.004261662802599563e-03
-5.004102079470336417e-03
9.916455327027226280e-04
-5.079948386861123794e-03
-3.946311668180053911e-03
-6.369840583203349152e-05
-5.058872813581472873e-03
-4.215900889434116491e-03
6.754815613605705694e-04
-5.106190423963715731e-03
-3.170443474151376367e-03
-6.964988267095757540e-05
-5.112017894934338391e-03
-2.958635144858166519e-03
8.317151217646958890e-04
-5.146090521546492491e-03
-2.005272557140851467e-03
-7.708655312485786020e-05
-5.130245262804534502e-03
-1.405129321087316861e-03
4.276974304044856359e-03
-5.182235910330785893e-03
-8.394150625657338834e-04
-8.330046585100464140e-05
-5.163047734847526181e-03
-1.010252840481430225e-03
1.687320786203573130e-03
-5.145378459847043187e-03
-8.353166849418298262e-04
3.272012369117067998e-03
-5.222260823944907364e-03
3.207815723290846958e-04
-9.254985809107433583e-05
-5.201965804265858140e-03
2.750725975097660148e-04
1.908784228892212434e-03
-5.190592928120423347e-03
8.440533847537402519e-04
3.471131283307628788e-03
-5.147111710760607708e-03
2.528588035370302732e-04
4.359963737117843879e-03
-5.118211965710762340e-03
-1.360137745220462845e-04
7.010398901602052715e-03
-5.264313777543361793e-03
1.475594454867198589e-03
-1.093059291988341666e-04
-5.240501553111532110e-03
1.444097074507888229e-03
1.624279917883843542e-03
-5.229292509571099694e-03
1.958691176312035102e-03
3.106819350793135672e-03
-5.193384854040501188e-03
1.940803130884704393e-03
4.653401708534417487e-03
-5.189049760272455500e-03
2.009435882391629770e-03
6.117908243713335130e-03
-5.195480504776825090e-03
2.111573082107860277e-03
7.346222065294696207e-03
-5.306182252458165917e-03
2.627383050485328653e-03
-1.302813962844645752e-04
-5.285349363845434634e-03
2.568689544164383561e-03
1.701748344998173365e-03
-5.252465818408940008e-03
2.928963842857991006e-03
4.227128161831078187e-03
-5.252528578737607548e-03
3.291626884616382937e-03
6.105841177340497195e-03
-5.253473157039488008e-03
3.243429904895664406e-03
8.374886343230341507e-03
-5.257951225801364009e-03
3.247939527898459789e-03
9.318444202037435772e-03
-5.356103075038264744e-03
3.805336942660509422e-03
5.697267893238658169e-04
-5.338092302374943671e-03
3.725334088774165820e-03
1.791543358425644241e-03
-5.298851691820354731e-03
3.478298901653853470e-03
3.232078657783197043e-03
-5.299442685692572728e-03
3.947762044296075114e-03
4.856369423754169044e-03
-5.292494320852089706e-03
3.884470431351221779e-03
9.187234118454450094e-03
-5.329122118147409763e-03
4.638328502818572091e-03
7.347462559232899489e-03
-5.332981211984466098e-03
4.616957920054350073e-03
8.713695699398190872e-03
-5.383136503652876520e-03
4.503103938566873146e-03
1.253166876211575737e-03
-5.381892298262911864e-03
4.528526963314160811e-03
2.325559936420439934e-03
-5.365921171858448538e-03
4.578082037008279065e-03
3.579477051881549150e-03
-5.343152328565206610e-03
4.624648186943562493e-03
4.838742381586668556e-03
-5.327780725044905033e-03
4.649329447647641833e-03
6.094750174677711872e-03
2.067088854468325868e-03
3.516128818027218755e-03
5.953867782041360329e-03
-3.074252671771440966e-03
-3.059193252888915086e-03
6.011669187401548139e-03
-3.770379197798381325e-03
-2.277940081495629255e-03
6.014041979008372119e-03
-4.680058253287294745e-03
3.367469843230733607e-03
1.004741645626205417e-02
-3.621809824662164216e-03
-1.855208930191739290e-03
1.006208310303712862e-02
-3.486617543668604942e-03
9.695888225152312322e-04
1.003123794581373823e-02
-3.592644478737685217e-03
2.292792605531846547e-03
1.002671326155477396e-02
-3.688053701666077835e-03
-3.422125412895164493e-03
1.004784206847529789e-02
-2.196525178578431509e-03
-2.424162209744391231e-03
1.005684589456950703e-02
-2.439435163971109908e-03
-1.018030820283276941e-05
1.003505640779514367e-02
-2.624975692251220200e-03
3.527975964196158713e-03
1.003795319993734496e-02
-1.177930553182208366e-03
-1.189057615235944530e-03
1.003549189920859008e-02
-1.061169124759932681e-03
9.412141869652654856e-05
1.002250606629269056e-02
-1.239405237821070843e-03
1.204408673258910338e-03
1.001443145837985042e-02
-1.309292577443267342e-03
2.566310105091540103e-03
1.001744403268806961e-02
-1.295681499940496036e-03
3.900075168246982995e-03
1.003914193621362368e-02
1.331355813318663985e-04
-1.503711658539004655e-04
1.002010706398095106e-02
-4.623337180771828320e-05
1.177051094245896816e-03
1.000910735651683141e-02
-2.024594581683088418e-04
2.485627421737341032e-03
1.001790603162194815e-02
-8.143485509868464292e-05
4.079436149424165402e-03
1.003760285091148327e-02
1.271714207568875243e-03
1.212395952099439012e-03
1.000795474290417687e-02
1.185985135307414656e-03
2.903591447901851964e-03
1.001800458027367856e-02
2.363945626936818107e-03
3.841110616017140086e-03
1.003977880258713658e-02
2.955052489196055739e-03
2.424283135073908389e-03
1.001422566876220693e-02
3.792098981627954959e-03
3.701712991993834963e-03
1.003492697931710094e-02
-3.506290535631165738e-03
2.433973989993724451e-03
5.979890501184677819e-03
1.193757537258038773e-03
2.678546559198561987e-03
7.444166502541772409e-03
1.879151899352790936e-03
3.248685765118452390e-03
6.924323772538018389e-03
2.950956257727207436e-03
-7.559012506639179113e-04
4.505802316516833300e-03
1.815386630205022929e-03
-3.465393879355868709e-03
6.968427783448027067e-03
6.911995652897130228e-04
-5.018699411031996363e-03
5.795689292978910799e-03
-4.282170565372225672e-03
-5.004198724511989098e-03
-2.585636864405199562e-06
-4.286832497070907841e-03
-5.010484257069998046e-03
1.221991943284310433e-03
-3.060920625128160134e-03
-5.008298403851597566e-03
-4.834390923864493724e-06
-1.836486356924225223e-03
-5.003565272074897950e-03
-2.734242456122784486e-06
-1.758616779042965726e-03
-5.005943532075204754e-03
8.687839607598824921e-04
-2.030230568214282105e-03
-5.006914240985173119e-03
1.885162702370205522e-03
-1.837137488447678543e-03
-5.014008757268957096e-03
3.665081585180351379e-03
-6.122496359542217237e-04
-5.003033557014724755e-03
-3.546252465566343675e-06
-3.471208783434186923e-04
-5.005615530112503958e-03
9.889497918972344533e-04
-6.116576406962807941e-04
-5.002507346758491499e-03
1.937774315776619877e-03
-6.113118993102506331e-04
-5.011969746882841831e-03
3.161824686417774762e-03
7.756190460603908142e-04
-5.003112054554003339e-03
-3.509909290195192052e-06
6.120026411352749154e-04
-5.004734053704573173e-03
7.155345022414273583e-04
5.482618606934996268e-04
-5.005207825141445854e-03
2.249802925184686206e-03
2.008521570066393921e-03
-5.002418424003643622e-03
-2.776292637323101853e-06
2.079010756788663046e-03
-5.003944130737105790e-03
1.076781660994065434e-03
1.835936640322658213e-03
-5.004511739146401753e-03
1.938993271018103976e-03
1.764689913634191363e-03
-5.005550387402531165e-03
3.188470869879370031e-03
1.824163059487801577e-03
-5.007446888324527251e-03
4.873210635935404378e-03
1.835736448692854277e-03
-5.010722654826805199e-03
6.837607332689771451e-03
3.568461621342271673e-03
-5.004448883824388558e-03
-3.211875506072012189e-06
2.997487479583086853e-03
-5.004306978699568469e-03
1.815268199302586677e-03
3.061772396853109333e-03
-5.003034818605703142e-03
3.163733958946420271e-03
3.061633968286496792e-03
-5.004230042699633028e-03
4.895253702789883164e-03
3.062908740554286767e-03
-5.004781100933165285e-03
6.838375787098723707e-03
4.176344975190198795e-03
-5.001898435466193768e-03
1.752277098243522910e-03
4.015015542478146855e-03
-5.002905125158805394e-03
2.925713311096421552e-03
4.061531452109016192e-03
-5.000923720402798180e-03
4.066187532036158805e-03
4.012769646114956908e-03
-5.001299636444850663e-03
5.289255937985765967e-03
4.123849538527359603e-03
-5.000928270798078376e-03
7.936370359768740723e-03
3.779453272391630845e-03
-5.001341123281858106e-03
8.906230113021955733e-03
5.002551091846535632e-03
-5.001495320271786421e-03
1.431795168295320851e-03
5.001529007642471943e-03
-5.000671601047094843e-03
2.448475319531815374e-03
5.000644575027803421e-03
-5.000693901463644682e-03
3.880427016607376593e-03
5.000354074977772512e-03
-4.999964592635405998e-03
4.895990687701786380e-03
5.000375866189243207e-03
-5.000308603175714420e-03
6.120366869895465037e-03
4.999806385455596129e-03
-4.999698697389755656e-03
7.494677014169929055e-03
5.000558167585844073e-03
-5.000251313849245899e-03
8.567919530262242331e-03
3.612543485084992317e-03
1.166838657412924132e-03
5.004610114567115825e-03
-7.831499094682506205e-04
3.720540080679156543e-03
6.928330105475825895e-03
-2.040281501455839218e-03
-5.027199664593006920e-03
5.462159319486850455e-03
-5.007844292035133933e-03
-5.010067227433827840e-03
2.444276535215224137e-03
-5.014024531965318755e-03
-5.000925771384184641e-03
3.735005774675280096e-03
-5.012223548560996653e-03
-5.011093568610995412e-03
4.897197751540805985e-03
-5.008819619352863559e-03
-5.009583957108798211e-03
6.120358718238410808e-03
-5.007890154985903536e-03
-5.010002167326475971e-03
7.346304445545319070e-03
-5.004537997515777319e-03
-5.005543729839684666e-03
8.569163625799664993e-03
-3.105079802103911674e-03
-5.010644214429629296e-03
2.251314152620169460e-03
-4.284007749981092253e-03
-5.008111715808164464e-03
3.160962651529234009e-03
-4.114012823931732094e-03
-5.012236606109951066e-03
5.590088863067343289e-03
-4.286195066336051691e-03
-5.009603455643214624e-03
8.064996777038209441e-03
-3.061841264823748909e-03
-5.014562135335908465e-03
4.383583719061869000e-03
-3.139384587217195280e-03
-5.023680223566325161e-03
6.641656194746118659e-03
-2.984251136423519447e-03
-5.000546687961376913e-03
9.133152358348236785e-03
-1.849357662541669571e-03
-5.009605563588566748e-03
8.404226471746094329e-03
-6.145662434550781296e-04
-5.029083622747764111e-03
5.611590812541791297e-03
-1.027380840723921869e-04
-5.016605214932620682e-03
7.348842015040852639e-03
-7.516455113849618329e-04
-5.006262140933661481e-03
8.259037943826102665e-03
6.566699243814779624e-04
-5.004699206520374193e-03
8.477569800292178784e-03
1.579819834554409622e-03
-5.000790449821092450e-03
9.184683279834812350e-03
-7.885311600367748237e-04
3.708715241982230709e-03
4.991888536873984386e-03
-1.535990863164436076e-03
3.911245116033993871e-03
5.959788504778064551e-03
-6.347005152074353942e-04
-3.886817720758448894e-03
5.038073755236627260e-03
-7.966279749839815178e-04
-4.196073783567595174e-03
6.007470605865592068e-03
-4.102245883822269734e-03
-3.790387333895599200e-03
-7.091656405598227044e-05
-4.412844660919439804e-03
-1.987255973526098549e-03
-7.972592951586357100e-05
-3.968894818632175657e-03
3.542743744047567806e-04
-9.849304975412464201e-05
-4.274672855610035273e-03
1.293143034499690935e-03
-1.109644247532046580e-04
-4.160324142383862479e-03
2.731171010496601104e-03
-1.398375955858160947e-04
-3.032521337258636211e-03
-2.292489577071620075e-03
-8.385496288637309299e-05
-3.196321512028136268e-03
-7.941128784248282406e-04
-8.895888613370455192e-05
-2.620021968390380193e-03
1.648557568245529717e-04
-9.555479973893314487e-05
-2.691845954484825380e-03
1.564240793727409698e-03
-1.169065749962469407e-04
-2.799855287785837227e-03
2.706976796937455524e-03
-1.472765588034118047e-04
-3.522543648867156128e-03
3.526286300017662193e-03
-1.679928071800590125e-04
-1.860620722315484664e-03
-1.028309831773349886e-03
-9.075511286964773152e-05
-1.149684029161257169e-03
3.697965330625198875e-04
-1.024027475347412744e-04
-2.047536862844906175e-03
3.602060663203623340e-03
-1.729387417837354053e-04
4.067591708463901218e-04
-7.868148775523082106e-04
-8.958074279323907326e-05
-2.697078892865692945e-04
3.827113910035758869e-05
-9.619594422680878445e-05
-7.746091966121208946e-04
1.577821854303951667e-03
-1.252930161834727287e-04
-1.002862208632621576e-03
2.916971755969673986e-03
-1.513529291433492522e-04
1.157703597547906933e-03
6.692619207243766114e-04
-1.044783361817371909e-04
3.274033568731093882e-04
1.340030811540614958e-03
-1.184755910434599763e-04
4.303438222464616965e-04
2.758124257796962416e-03
-1.528564428003121927e-04
1.999897864909009476e-03
2.809379083703972442e-03
-1.546682031504621139e-04
2.388473264899364928e-03
3.871391071565259429e-03
-1.969843923129940854e-04
3.573792543061827826e-03
3.799768866951844758e-03
-1.913171821475306042e-04
2.126035185032746581e-03
4.625842578717492999e-03
-2.254346573727610133e-04
3.282325949353885435e-03
4.647533928134637421e-03
-2.242813526378955040e-04
-3.929183877439268099e-03
4.515823304981742524e-03
-1.945480046178896564e-04
-2.880897909774526432e-03
4.547851835299057677e-03
-2.000427484410010357e-04
-1.624078864850424285e-03
4.574743435328570973e-03
-2.064537259392511725e-04
-3.731770272463537548e-04
4.596273249558196702e-03
-2.146796790247086759e-04
1.240357919685757546e-03
4.616161125691670315e-03
-2.205213901049820073e-04
-4.338258203379055135e-03
-5.563122263739100643e-04
6.007993858757978457e-03
-2.520017856175688336e-03
-1.918047974194019706e-03
7.491554477364568976e-03
-2.331584755850108891e-03
-3.843758995162340191e-03
1.004298209312563979e-02
-9.664097750935381767e-04
-3.597964235006145123e-03
1.004565602121117868e-02
-1.107200109169907297e-03
-2.410943494185197565e-03
1.004614672934589677e-02
7.481130161840692601e-05
-2.123724419581774717e-03
1.003556262016542383e-02
8.677860866469544248e-04
-3.858648040124073447e-03
1.002989604979254677e-02
1.309691827419991227e-03
-2.370262504996935044e-03
1.002543209498485237e-02
1.289508880264017901e-03
-1.163800785654616875e-03
1.001884452265492352e-02
1.278634849039582194e-03
1.364611477627968375e-04
1.000960564171121843e-02
2.551193789223177039e-03
-3.579027999347636144e-03
1.001775875670785076e-02
2.589334062618750022e-03
-2.390851095059033388e-03
1.001760539395323349e-02
2.660971765806098913e-03
-1.092565588593491207e-03
1.000973207913859880e-02
2.417627891289263198e-03
9.294284698488041699e-05
1.000568396274355808e-02
2.740045661943794463e-03
1.280317532605715174e-03
1.001367990207822391e-02
3.831088727672947794e-03
-3.678617550810904177e-03
1.000905278233369701e-02
3.857271896865120588e-03
8.032056880787356769e-05
9.999053971164082247e-03
3.824105763536748536e-03
-2.516519136481410856e-03
1.000923248025141661e-02
3.976762609544478265e-03
-1.218153494747454624e-03
1.000355397766595003e-02
3.941299099911507557e-03
1.265569850310696446e-03
1.000488636755093169e-02
-4.054972334032004751e-03
-5.005838671972754651e-03
1.000421376723646671e-02
-2.763102257726403506e-03
-5.003405198398222162e-03
1.000373217520592571e-02
-1.836133627155969728e-03
-5.003801363830387254e-03
1.000339670894758760e-02
-6.113522951799283626e-04
-5.004437122453916399e-03
1.000294867248363757e-02
9.733615021973767356e-04
-5.002692586094968120e-03
1.000193396464159855e-02
1.836039446802884435e-03
-5.001326986161307511e-03
1.000212484750956365e-02
3.061423576477652689e-03
-5.001410819578729072e-03
1.000076560360189069e-02
2.951472280877625101e-03
5.939532513714397598e-04
7.460151318625858272e-03
-3.104374281997151347e-03
2.400521214330083707e-03
6.948290371379433478e-03
1.772475681650030393e-03
-3.875738078408026699e-03
6.003143708022366277e-03
-5.102336815817709245e-03
-1.123855204957979184e-03
6.521591643069350568e-03
-5.051894108227040527e-03
-4.378657076834892824e-03
1.566213078761238744e-03
-5.086867645757904739e-03
-3.502411954813199405e-03
2.143565818690246292e-03
-5.070399004503299382e-03
-4.316646203467822823e-03
5.609667391159272980e-03
-5.066010627563372927e-03
-4.322368960719288888e-03
6.848284342317662553e-03
-5.064827532433411640e-03
-3.979408046239860282e-03
8.158742939666875638e-03
-5.071229021779959795e-03
-3.649929634140020116e-03
9.120190308113024918e-03
-5.129312104691826843e-03
-2.307851021080471656e-03
3.379913288220977915e-03
-5.083296112989449562e-03
-3.528313517252697640e-03
4.419694698826483713e-03
-5.089611638387245805e-03
-3.134692419077158947e-03
5.622375374522510863e-03
-5.084805221972253479e-03
-3.166472098175194139e-03
6.925914699482209162e-03
-5.080863702868477529e-03
-2.772373251310961476e-03
8.389149655343326739e-03
-5.102338835431471931e-03
-1.945049016237154760e-03
5.787128576186181990e-03
-5.104179925727867981e-03
-1.777475756335250654e-03
7.360750531810571380e-03
-5.127268066929038630e-03
7.046695409758864002e-05
5.658257808437876409e-03
-5.124049484486883216e-03
-2.738234416090894901e-04
9.320244358121254971e-03
-5.150135156295742103e-03
9.386299719689807390e-04
7.077152195108353701e-03
-5.134134003914111490e-03
1.865104834947961217e-04
8.146420840199801797e-03
-5.176202685443845319e-03
1.470132677404790977e-03
8.712388831559735730e-03
-5.082555888518749780e-03
-2.427066427022765097e-03
1.007634587003060009e-02
-5.101670892658199952e-03
-1.448906038591993989e-03
1.006324880099333970e-02
-5.153837043117222121e-03
9.034166518637192379e-04
1.004265274852126841e-02
-5.203920605767793466e-03
2.074568719535475197e-03
1.004518931461144925e-02
-5.259303634677676628e-03
3.236891343303496295e-03
1.005096198418836684e-02
-5.290753030638627522e-03
3.791575181007839079e-03
1.005185210556187002e-02
2.979703523306464347e-03
-6.597585294076704606e-04
7.468822636529264154e-03
-2.562643399997832899e-03
1.747013688293501572e-03
7.468560132445152024e-03
2.960958733026647707e-03
5.425359954360236712e-04
4.495224132293920531e-03
-6.645326509995410713e-04
-2.094505744330102306e-03
4.698164258596473561e-03
3.665312585239689173e-03
-1.243409597004930959e-03
5.025450810911383931e-03
-3.114607719034416349e-03
-2.508376805493036515e-03
6.980498152790733102e-03
-3.082561922865485141e-03
-4.316919751759610083e-03
-4.878069579588616210e-05
-2.887108098545842702e-03
-3.496374148037527125e-03
-6.960711921798722057e-05
-1.851061203294585141e-03
-4.310017471917045560e-03
-4.514473922529901558e-05
-6.219161278936941430e-04
-4.308511875241006518e-03
-4.075794013045128767e-05
-6.355153783216073481e-04
-3.120277932875701460e-03
-7.063796919929785242e-05
-4.617740472887034171e-04
-1.121737972308218569e-03
-8.908880505462701848e-05
6.055753946676362609e-04
-4.308357397565882631e-03
-3.815474515040005667e-05
3.248756861704377120e-04
-3.297374147337058404e-03
-6.119846199023754854e-05
5.764237320006305272e-04
-1.930040925098957345e-03
-7.533484863594415827e-05
1.246793898680820462e-03
-1.896978795837106187e-04
-9.249200836697003467e-05
1.837108987547774082e-03
-4.304751445901497907e-03
-3.153332398689929117e-05
1.834409433599530799e-03
-3.113195897242083607e-03
-5.600334112407365559e-05
1.886385020848637892e-03
-1.215159638024365272e-03
-7.645643003458853356e-05
2.451088896266636567e-03
1.344111119731989127e-04
-9.181769015119407948e-05
2.017610165709219760e-03
1.541127514008454498e-03
-1.228625387592685114e-04
3.066508937571267492e-03
-4.300761540103568807e-03
-2.512035163162559785e-05
3.582367860411165856e-03
-3.101516796253100255e-03
-4.223237684777224446e-05
3.179542192647366854e-03
-1.831298851094272616e-03
-5.934099866511292432e-05
3.523197492261888417e-03
4.540962166334609230e-04
-9.287562523095181774e-05
3.137157350513319551e-03
1.336065210645161682e-03
-1.118133328799700705e-04
3.166508847870009614e-03
2.432662768088923559e-03
-1.429887514437772999e-04
4.390378233553653316e-03
-3.959971211447200524e-03
-2.217999464763935655e-05
3.830481595230742463e-03
-5.481004212177335855e-04
-7.324408587157671413e-05
4.090985924447193382e-03
1.705061621972479716e-03
-1.125677577537125142e-04
-8.360971278433259333e-04
-3.853913291003454884e-03
6.975804021634989319e-03
3.528654174141521941e-03
-1.623306927870322167e-03
6.958724219259723558e-03
4.999629379995844045e-03
-1.178244423629444624e-03
1.400772008802295479e-03
4.961573557681643425e-03
3.821763599525825192e-05
2.628364324186859002e-03
4.966941281625265533e-03
5.320965807073516941e-04
8.160016607590129438e-04
4.934792513978756602e-03
1.579707874579371020e-03
1.493223082456912945e-03
4.933929410401093410e-03
1.268686278067418472e-03
2.840508958181439409e-03
4.902838190435491669e-03
2.431159148979392635e-03
2.546831802659721943e-03
4.905285630353597125e-03
2.080077382026872430e-03
3.780007449524558361e-03
4.897731184315509689e-03
2.175188695668161306e-03
5.388755388653232274e-03
4.903673979337368032e-03
2.843715732166979954e-03
9.253290421831960808e-04
4.873019559567186125e-03
3.660776017549409976e-03
2.551288318969817653e-03
4.873863401746694919e-03
3.553884933698382709e-03
4.357190443523927155e-03
4.861615399837153524e-03
4.054334798586193417e-03
1.268885458320803379e-03
4.872221987298781289e-03
3.942266657414108220e-03
6.171916889497028498e-03
4.858078865082196031e-03
4.853477867582174643e-03
5.368110448742156871e-03
4.865551625035881636e-03
4.818852273745472675e-03
9.165970540588916360e-03
5.028409658674458903e-03
-2.741571786804573689e-03
-3.362540669954988258e-05
5.022169625101670885e-03
-1.896002296953032407e-03
-4.052978610290743663e-05
5.000140384220951202e-03
-6.275991230290496820e-04
-6.233909648044200376e-05
4.968878421212359620e-03
8.257567001248501031e-04
-8.509552606638615623e-05
4.936377407419852668e-03
1.905623283600262584e-03
-1.122241497380105260e-04
4.896116369610015173e-03
3.179930783586660918e-03
-1.619006538197646100e-04
-7.267082808726326153e-04
-3.035814613399783184e-03
4.519485060341331059e-03
1.247698605465932808e-03
-2.836210487169071610e-03
4.518743440670645352e-03
