-4.826991468777598430e-03
-4.700046940243501371e-03
-2.216094485910740893e-04
-4.870813234663646032e-03
-4.808800931508393217e-03
1.003766115663888743e-02
-5.002308126301966730e-03
5.002080265663454671e-03
-2.385710657359415026e-06
-5.000158909372790818e-03
4.999952123349025654e-03
9.999938601774673377e-03
-4.132789311466511864e-03
-1.513854632633369977e-03
5.963422469658157324e-03
-4.193885869853951516e-03
1.551267076924939346e-03
5.988508652321188411e-03
-3.802474522870905992e-03
-1.379554835836071212e-03
4.999600090831751720e-03
-3.804996585703007955e-03
-1.395055190955272724e-03
6.931230008398594350e-03
-3.862362252391833822e-03
1.440547398394178029e-03
5.022111934895252469e-03
-3.862248946038254228e-03
1.430816448274785250e-03
6.953074382956940525e-03
-2.970301978573488145e-03
-1.055074785813857373e-03
4.486350801856212565e-03
-2.976496435029496717e-03
-1.081576473634414566e-03
7.451383253705066295e-03
-3.019363411386262030e-03
1.153544886271716877e-03
4.505407679407792514e-03
-3.023725442508303548e-03
1.135734962379406424e-03
7.468770761838543215e-03
-2.087769214985942846e-03
-3.815296158332630132e-03
5.940462749997274007e-03
-2.239369396909148512e-03
3.915928854593435891e-03
6.000334092812386645e-03
-2.024022412013954525e-03
-7.004213758606791769e-04
4.668311798137386552e-03
-2.030318568398183261e-03
-7.216861497268114902e-04
7.279158321227564496e-03
-2.059150425847199560e-03
8.216228386393455109e-04
4.682872463679900281e-03
-2.063847657321405370e-03
8.062407196339847325e-04
7.291726100240274525e-03
-1.916068214636345093e-03
-3.494547842401199336e-03
4.975592396872285071e-03
-1.922507624628448956e-03
-3.517154268452751548e-03
6.912071110024127496e-03
-2.060728646854627106e-03
3.616796515103765011e-03
5.032826453828907406e-03
-2.062578346640977448e-03
3.611094443027612448e-03
6.966902368452445281e-03
-1.483726712445210781e-03
-2.718185650581034056e-03
4.473220948042118741e-03
-1.493846184047716800e-03
-2.748070152655593054e-03
7.436153849218195798e-03
-1.604202500524365329e-03
2.857551192597729273e-03
4.515494887475141224e-03
-1.606899002445271590e-03
2.846917095129870585e-03
7.479140738256690596e-03
-1.406349743466807313e-03
-4.746342433729937782e-04
5.462209836318918620e-03
-1.409186904001201576e-03
-4.812378023464984589e-04
6.493220280264165242e-03
-1.434226127437198631e-03
5.968464500818367610e-04
5.471818662377676834e-03
-1.436389279678888711e-03
5.921098056023138675e-04
6.502740507308601287e-03
-9.977670547013949877e-04
-1.846826353120639697e-03
4.662386243362589763e-03
-1.005280176756137393e-03
-1.869236727441653603e-03
7.268251579980592077e-03
-1.084249523150117864e-03
1.990976628638180344e-03
4.691793885180831070e-03
-1.089821584875863602e-03
1.980683531406331709e-03
7.298481227562273604e-03
-6.830782134112163735e-04
-1.284537674755869760e-03
5.458534729032046666e-03
-6.858432802932331760e-04
-1.290756393032042350e-03
6.487443685289212385e-03
-7.445565605591287963e-04
1.422607849305165253e-03
5.478048391977454953e-03
-7.461316500574836745e-04
1.419484566705591895e-03
6.508048510059614121e-03
4.005530250022005579e-04
-1.453184255024956824e-03
5.459408848098425485e-03
3.963029396624879715e-04
-1.461232132766391439e-03
6.487650534487069375e-03
3.303879343353348700e-04
1.614551292783933476e-03
5.481918615313858580e-03
3.273909659717938675e-04
1.612483548134095463e-03
6.510224443391819139e-03
5.301263545640031707e-04
-2.086467719493703167e-03
4.664821284170371680e-03
5.212703653166237414e-04
-2.111330340028857739e-03
7.268466717958286909e-03
4.361467837755822453e-04
2.261316549294360191e-03
4.696588235543737097e-03
4.296992916699293860e-04
2.251698047219799579e-03
7.301969971822519327e-03
7.263708080291173029e-04
-3.066290029900409567e-03
4.471936795524620277e-03
7.180943366900432090e-04
-3.094358766649863996e-03
7.439723023570667636e-03
5.935208931627971359e-04
3.249217512229687042e-03
4.518530088448681308e-03
5.884922612787923599e-04
3.239720146730060580e-03
7.484957738135144568e-03
8.993181515359491241e-04
-3.939021471929057480e-03
4.979297967158633278e-03
8.924971939001925770e-04
-3.956440392261959330e-03
6.918419124423288817e-03
7.338817904197893292e-04
4.119697188714667446e-03
5.033635644208753895e-03
7.310349606890086853e-04
4.113568499303501061e-03
6.972581091171992096e-03
9.609890451304646704e-04
-4.298096852493778208e-03
5.946581643335835388e-03
7.878893511282669291e-04
4.461682013966455397e-03
6.003577481354897306e-03
1.338163792049313142e-03
-9.063719946893369732e-04
5.462478814600374780e-03
1.335266365107045826e-03
-9.150858105556128070e-04
6.493766846667315892e-03
1.292489364593956335e-03
1.095820130763742236e-03
5.479831512394855823e-03
1.289666843714764363e-03
1.092394545487233946e-03
6.510983783075205075e-03
1.696322235539663836e-03
1.010221157647270512e-04
5.474365336690961703e-03
1.689437476556685403e-03
9.470820020190654127e-05
6.508571142911261272e-03
1.858822871484711210e-03
-1.312979272437089090e-03
4.671817299050629729e-03
1.848182583579881981e-03
-1.334951610536834867e-03
7.282396849015804717e-03
1.795451571561440312e-03
1.526482204378607800e-03
4.693434879667213872e-03
1.786291026994035226e-03
1.514636966706393948e-03
7.305812719233129721e-03
2.362955434843248565e-03
1.158865849396950777e-04
4.683322528470550486e-03
2.351553232475835607e-03
9.919667543414400297e-05
7.299468981565014961e-03
2.648604380198781461e-03
-1.942774699553093381e-03
4.490399655938146634e-03
2.634846646105130051e-03
-1.968334504417369821e-03
7.460709770258795379e-03
2.560122284395044585e-03
2.183988090878167827e-03
4.519490799511037375e-03
2.550984837219681667e-03
2.170454796668767027e-03
7.489494334667065947e-03
3.341656836257048124e-03
-2.502569910158252212e-03
5.002227586046408166e-03
3.330819429961234205e-03
-2.518415729261257695e-03
6.941755866635704146e-03
3.232338853438352071e-03
2.757663124391569135e-03
5.038862654551255933e-03
3.227771528774194508e-03
2.749796404932750189e-03
6.980225753753168012e-03
3.378637610920856744e-03
1.361446512901862680e-04
4.509391909215653034e-03
3.365174357838656132e-03
1.162554274016759447e-04
7.480472363945390481e-03
3.609896762138444393e-03
-2.731908484024335275e-03
5.971295153395009096e-03
3.496064754065377096e-03
2.980471510809685944e-03
6.011102509283792160e-03
4.269672391003804385e-03
1.484922270834809126e-04
5.032026260192563015e-03
4.261478545519658927e-03
1.368529215000455375e-04
6.971053213000064259e-03
4.617875280066486947e-03
1.497977434318791977e-04
6.003290595118292855e-03
5.404960496932587413e-03
-4.455876875012920735e-03
-1.815721401419564322e-04
5.333576365368617768e-03
-4.601876018171627801e-03
1.005522195041718726e-02
5.004512757887318031e-03
5.008583821304235170e-03
-4.628256323081803341e-06
5.002510206277024918e-03
5.002906312104504240e-03
1.000317265064511706e-02
-6.177090308325691682e-04
-3.284138997019723973e-03
2.442709982814060109e-03
7.241491684787828946e-04
-1.023825496870176856e-03
4.176721911720098282e-03
-3.625811699976993086e-03
-3.752276022482600552e-03
5.353197512509969870e-03
4.290835570593362278e-03
6.153637315734300462e-04
3.534605086663208853e-03
1.447029690372752739e-03
-3.570265549403289665e-04
3.183654766780447034e-03
-3.908859769950857399e-04
5.020900052531369027e-03
5.860305963360246291e-03
-3.899388955228720501e-03
-1.577753362369502829e-04
9.997260639063114060e-03
7.884616079162553789e-04
-4.755747367751320120e-03
3.858540123748224488e-03
-1.144176434238534457e-03
-3.061775771837223995e-04
1.208342952822966413e-03
-2.588732297777508219e-04
-1.167566464860676301e-03
1.050153592801255850e-03
2.048843978689239304e-03
-3.448501645777163598e-03
8.606376559793269682e-03
3.695494891986907202e-03
-2.547822466535486392e-03
8.387174727432555876e-03
3.681359203479697868e-03
-1.249909688633503305e-03
3.802298061531918412e-03
-1.421677644847951609e-03
-1.268391372530591451e-03
1.894508166843010804e-03
-1.125174827600403842e-03
3.788642783768851521e-03
1.660662766262244877e-03
-1.670974445461307582e-03
1.075608989230346759e-03
1.954745693383014554e-03
6.377476536392004142e-04
-1.348613980016071575e-03
8.815721327428929777e-03
-2.092673311152995404e-05
3.691506677864664788e-03
1.785139515033286025e-03
5.148654202513575692e-04
-1.849313312904511545e-03
1.364772870917187750e-03
2.773064054329765511e-03
4.940664453614307134e-04
3.108820233183542774e-03
4.105334560393129884e-03
1.575024138349450341e-03
3.044048965144517411e-03
8.475646929088049642e-04
-3.213557555014126370e-03
5.765327576072488969e-03
-3.986847707501483574e-03
-3.870913232826433178e-03
1.530808541734531188e-03
-6.267154580986845479e-04
2.829707271414264209e-03
6.417097742266192166e-03
-3.657028308872369189e-03
-4.038862347229928672e-03
6.782693857234372257e-03
-4.163929224490950376e-03
-4.109795132677062333e-03
7.979172809598001140e-03
-4.173801952071176657e-03
-4.045097113696982487e-03
9.000562941075592599e-03
-3.842318098446880371e-03
-2.926288070665327302e-03
6.908987241550913717e-04
-4.136543297618187377e-03
-2.720338703137999310e-03
1.635943896756156474e-03
-3.541940277698288776e-03
-2.654935245235447595e-03
3.245019195877193400e-03
1.930917525035958163e-03
3.910471438901929990e-03
8.183624362106112909e-03
-3.919413447671203123e-03
-2.964899361630928334e-03
6.631938860731610534e-03
-4.024875878815605164e-03
-3.209513603668200273e-03
8.204050700199912866e-03
-2.764859848353409810e-03
9.641948662479623905e-04
6.064126122199721240e-03
-4.090167293834919525e-03
-1.557830893204318950e-03
1.038119542617479485e-03
2.017566911510333943e-03
-1.956779501474873416e-03
5.328458263838529475e-03
-3.859394009713182448e-03
-1.802770123691640027e-03
8.052696352073805686e-03
-4.112884532243437502e-03
-4.045220669522875596e-04
9.761945192691445002e-04
2.119770057860821157e-03
-3.221132883700197035e-03
4.992748176980464116e-03
-3.082133406288854044e-03
4.012591881640718144e-03
8.897607713732141183e-03
-4.132884610087652136e-03
-6.877768107290128637e-04
7.790108877615237008e-03
1.062346735625973801e-03
3.000727019864225624e-03
5.846543306657734848e-03
-4.101749104275790279e-03
8.602890592129386728e-04
8.694686257944316595e-04
-3.755157455596885591e-03
4.920853838661228778e-04
2.912819712967651582e-03
-3.990888003610915113e-03
6.145216851866485558e-04
7.930812451651281236e-03
-4.291385031731475945e-03
2.070421715383784569e-03
8.587628809927243040e-04
5.181190589099477113e-04
7.061926665594737312e-05
7.033472146375522628e-03
5.348108135500177773e-03
-3.516296731164789222e-03
7.777557862987203446e-04
-3.561599248561022387e-03
5.001737869682468425e-03
2.267296561449297452e-03
-4.000010886173662253e-03
2.912072916110442205e-03
1.565017144485959365e-03
-4.134281366099067795e-03
2.956295432478153826e-03
2.982632262401787616e-03
-4.151004706462110838e-03
3.117319763129887747e-03
9.178898036452781337e-03
-4.040014894765801140e-03
4.068790269701548501e-03
2.700990902179036240e-03
-3.940882869754128680e-03
4.085676253345801694e-03
4.226148978641369215e-03
-3.813217488168153726e-03
3.961664115178491034e-03
5.592435561053499433e-03
-4.064026002170385496e-03
3.910969491333004047e-03
7.283900509314424239e-03
-2.839271124337483434e-03
-3.817942400957736147e-03
8.264971658995683189e-04
-2.530573031905948740e-03
-3.826701544034640315e-03
2.027780274173654994e-03
-2.860140995806371988e-03
-3.785869880941665835e-03
3.082297280263443864e-03
-2.838801604855194314e-03
-4.017542535531151357e-03
7.809812737924420531e-03
-9.226153828469916326e-04
-1.899208902975890560e-03
8.634066542000254710e-03
-2.922878286929865132e-03
-2.921333626439789714e-03
1.799528291163103285e-03
-2.898913157181376779e-03
-2.810023703037609500e-03
8.150502348170610839e-03
-8.004315875368796024e-04
3.054133258252102103e-03
2.708957331728251323e-03
-2.917600524864335815e-03
-1.938120185215406587e-03
8.536382396734590186e-04
-2.937104758889084229e-03
-1.758995695511877217e-03
1.994847600391558631e-03
-2.832482192743678105e-03
-5.906348301883192773e-04
7.878392810736921294e-04
-3.309946351372389326e-03
-6.532550824597547828e-04
1.833392185322733382e-03
-2.974299723909581278e-03
-7.358256249766294320e-04
3.152708578198180032e-03
-3.008934725690857234e-03
-7.915880902018453125e-04
8.985986279046601424e-03
-3.078863026434763058e-03
7.035603418139316440e-04
7.147160265414138208e-04
-2.924860180055372134e-03
5.908326597036039299e-04
1.746941661946098748e-03
-3.179077551886773465e-03
3.092470580069171023e-04
8.751828333518476416e-03
-3.108129386961029899e-03
2.163375559973189713e-03
8.896695736947776061e-04
-3.045035516824782813e-03
1.931005983255720294e-03
1.999149613775625788e-03
-3.482234436637833812e-03
1.813183250760892632e-03
3.261719373802706833e-03
-2.722264786433463771e-03
1.964857982177287393e-03
5.869351865498066527e-03
-2.975957625887734430e-03
1.528512688590823350e-03
6.628200787629066892e-03
-3.184774180301183297e-03
1.704411831261247196e-03
8.474777041938753863e-03
-2.875121359012632136e-03
3.343385041578507497e-03
8.681156924846411679e-04
-2.995910311498586106e-03
3.245216500931875393e-03
2.215631343813152018e-03
-2.872439813981768342e-03
3.265170158494850455e-03
3.335464483234687732e-03
-3.518535349585373822e-03
2.811859638868605040e-03
4.329599412354113476e-03
-3.316370925420003991e-03
3.064896267412294678e-03
7.945647471075970025e-03
-3.233328581227562764e-03
4.096031052095792935e-03
1.600064413939158992e-03
-3.003554557745696709e-03
4.198085284422206111e-03
3.106941648564837035e-03
-1.721698394261089293e-03
1.917481598416053432e-03
2.890547082443254302e-03
4.136463581616170969e-03
-2.748377259787772656e-03
4.261165135794427704e-03
-6.012990059701367289e-04
-3.748175659266612079e-03
7.952341621485982393e-03
-1.466724613861475519e-03
-3.848370586718631407e-03
8.711099256115563795e-04
-2.280104524057339436e-03
2.037663688229458987e-03
1.001172824990351554e-02
-1.374877791703562778e-03
-3.941078990393974933e-03
9.286972535856412303e-03
-1.929245934057804415e-03
-2.819902185449224552e-03
5.593862122932808691e-04
-1.656810437640541742e-03
-2.646567618711429155e-03
1.749117334782775406e-03
-1.649465629165384637e-03
-2.974366773168654089e-03
2.929606607907990837e-03
-1.760949346689728075e-03
-3.124289261047120698e-03
8.785361367384591710e-03
-1.611196087470411625e-03
-1.437709516649825041e-03
8.645244797243302253e-04
-1.764273783328680796e-03
-1.653043519206357035e-03
3.224971747939234072e-03
2.073520175782059619e-03
9.364353202369250870e-04
3.633008789429392586e-03
-1.868257002590740026e-03
-2.973401643609598966e-04
2.002287378777125714e-03
-2.541101560121342140e-03
-8.131767112231455714e-04
5.951991514919746824e-03
-1.720141544915176251e-03
-7.312351361998465412e-04
8.886067368459354271e-03
-1.918574723134013321e-03
4.504488215709627312e-04
9.221410803897433844e-04
-1.891678245084638067e-03
6.201798378947230052e-04
3.167266390429828403e-03
-2.004091805159569171e-03
4.727525303299477113e-04
8.798586754600190227e-03
-1.941183219978095606e-03
1.732023604426079569e-03
9.678246705176038380e-04
-1.631130770390752443e-03
1.962740796573758054e-03
5.596279365708933633e-03
-1.936344947521690231e-03
1.810507403951093323e-03
6.587150040476246436e-03
-2.044319976059451316e-03
1.896813212079578956e-03
8.836444580728184880e-03
-1.738293735504411412e-03
2.893591390017116304e-03
7.934449672269154510e-04
-2.010781774317006894e-03
3.080610701883057436e-03
1.818556183511490110e-03
-1.747964919538649940e-03
2.905644006980285035e-03
3.063592499672899809e-03
-1.727728326344337177e-03
3.000021183336990405e-03
5.663855230918449050e-03
-1.864936650126142572e-03
2.878400952243868535e-03
6.449892366887169555e-03
-2.000265767496033943e-03
3.200682960289973674e-03
8.925470649529412479e-03
-1.857327441422950256e-03
4.023394156530908476e-03
7.827766783368451378e-04
-1.753937508620675208e-03
3.969926596402635101e-03
3.112719066212761305e-03
2.749389244811904776e-03
8.090682819803222568e-04
5.828547991110403712e-03
-5.491708860245280268e-04
-3.890169129673099694e-03
7.332483012370018521e-04
-7.669848960744435557e-04
-4.087461578681729837e-03
4.227925740065147618e-03
-2.064140755893495915e-04
-4.369622709857679671e-03
6.846011755549856123e-03
-1.828200486761362431e-04
-4.017961359789896242e-03
9.001116027672935102e-03
-4.632887825527217470e-04
-2.664472318912013311e-03
8.509943769252894738e-04
-5.942096096484874570e-04
-2.557928725391895100e-03
5.627011761014686503e-03
-4.093178026384462374e-04
-2.994441300107952408e-03
9.147384180691577743e-03
-4.138667750845457377e-04
-1.863099390718756833e-03
1.987619392112542453e-03
-4.027850528464150832e-04
-1.973492022250845999e-03
3.241959152686221292e-03
-3.774082731336562383e-04
-1.581855581817716251e-03
4.158938586642528003e-03
-3.541605183039495748e-04
-1.812472061189113214e-04
6.768667539057862496e-04
-6.227351484552634021e-04
-4.928310720470055126e-04
2.815014511225089403e-03
-3.806489270782337665e-04
-4.389098263405509124e-04
4.433025960809530187e-03
-3.411943558157817997e-04
-2.460154777169067586e-04
5.867826293461291323e-03
-2.767808678324706700e-04
-6.772997230927570254e-04
8.104544205855329295e-03
-4.023793877856882899e-04
6.123549526809792020e-04
1.865370052541356124e-03
-4.993166416828865965e-04
7.759505674177437275e-04
4.342578413929227416e-03
-6.693151815970775154e-04
8.277973855717846944e-04
8.150808476720833654e-03
-7.934625101225748108e-04
2.197703036901172292e-03
1.563731575587314635e-03
-7.373901142205853410e-04
2.014218591346052332e-03
3.890338678289843258e-03
-6.510590440214873579e-04
2.020636625785848187e-03
8.404714260914806015e-03
-5.537642915383535636e-04
3.114236980674970311e-03
3.741461686045723014e-03
-6.217112732374485608e-04
3.578895932899257750e-03
8.339975258760803922e-03
-5.842765349224544229e-04
4.240526351103808891e-03
7.870446212611484100e-04
-4.342847853460005841e-04
4.190808244368137564e-03
3.137145249939812808e-03
-4.463535687441747219e-04
4.153293364379432619e-03
4.223799818284926233e-03
3.238949781556931667e-03
3.927404234959349510e-03
6.754277253318063078e-03
-7.004584946561142949e-04
4.417462007058821014e-03
7.138769139667400579e-03
7.427133689522771387e-04
-3.724535674289768724e-03
6.436824117602089586e-04
8.478862067033582665e-04
-3.856550868442781919e-03
1.742803773555360192e-03
1.135987559882057577e-03
-3.945043772827799659e-03
3.293244363860591255e-03
9.654773221803783631e-04
-4.164859567420043165e-03
7.894044702879262840e-03
6.826387077890111628e-04
-2.730087216106277803e-03
1.769608444698431930e-03
5.385309687697034100e-04
-2.937802009308047597e-03
3.089460137292554098e-03
7.219883648241257838e-04
-1.514948938472118495e-03
2.682879544272533286e-03
1.052731689031221728e-03
-1.904104870626401698e-03
5.654061637040372866e-03
7.788039408591790900e-04
-3.673649874423340778e-04
7.958844166370285462e-04
6.724109005891537290e-04
-5.603804755618784763e-04
1.807251511849434101e-03
6.639209606735148317e-04
-3.587721667542465736e-04
5.681359285015943547e-03
7.226799620861508152e-04
8.784842621003456729e-04
8.938190338704183127e-04
7.360749744029332050e-04
9.412333048743774582e-04
3.192890530257042579e-03
2.968488233182482684e-04
5.804416361718032873e-04
5.706374171131833699e-03
1.025448945084642908e-03
3.608160855287329905e-04
4.527397283174825447e-03
4.802849842626963415e-04
1.929860367694861576e-03
1.775665187377591147e-03
6.324936250424116309e-04
2.001328245375834369e-03
9.110648691680569428e-03
6.793085652422198870e-04
2.946098912655929856e-03
3.193729869323396441e-03
7.995257382131457091e-04
3.238312834561046273e-03
8.595984342198995792e-03
5.269971089282395526e-04
4.093804910947180901e-03
8.420695295273523907e-04
2.969300113300528269e-04
4.177163767262786521e-03
8.124675693791022502e-03
-2.257715678947658493e-03
-1.385351198772881345e-03
1.000625552999675170e-02
1.061868380591740081e-04
-3.718522220112400242e-03
3.824656726410928000e-03
2.072839491083353167e-03
-3.735144195861708500e-03
7.504389533292830016e-04
2.035036629499735808e-03
-3.832151918820703770e-03
1.932051396513212406e-03
2.373793077152236766e-03
-4.102570115173560621e-03
6.868437797837157258e-03
1.875957608664322864e-03
-2.660010402084541422e-03
7.416206456783771021e-04
2.008873620357699667e-03
-2.808484799617928709e-03
1.927655611983713395e-03
1.967364690346378245e-03
-3.263269367933651927e-03
3.137214492688854706e-03
1.883995683420769699e-03
-2.555309472527210034e-03
6.104091200208165875e-03
2.116292347357231606e-03
-1.427495380259743377e-03
8.286895616847811180e-04
1.700523201139804907e-03
-1.565393327765117991e-03
1.967749059437668303e-03
1.975949138039673290e-03
-1.668610194715903616e-03
3.381915076381903935e-03
1.972958853703101183e-03
-1.853242659107290401e-03
8.635443104521091026e-03
1.958153607442903940e-03
-3.742706376756842895e-04
7.512975473571308115e-04
2.353513854720543259e-03
-4.612705258444106649e-04
1.893013299759037501e-03
1.652062778560839428e-03
-3.887940843091420022e-04
8.660836362709608757e-03
2.050764135491848269e-03
8.260181560890242792e-04
7.186278977464145368e-04
1.934730162104950730e-03
6.792585780791293455e-04
2.038567106233792406e-03
2.004547374713969241e-03
8.705849965691241912e-04
8.691565502311551783e-03
1.824150892680483213e-03
1.865999796342206717e-03
7.612522731060028958e-04
1.815158664722439728e-03
1.939456725483957623e-03
3.222424021636313609e-03
2.115688299795776862e-03
2.017037533368769026e-03
5.807323478106053531e-03
1.905725396215446560e-03
2.069645467128706975e-03
8.191500198828065987e-03
1.933333227747017179e-03
1.930625541290466492e-03
9.172662791935619342e-03
2.197159028885820996e-03
3.213297386353811298e-03
9.089301451640328803e-04
1.631726945421683875e-03
3.231955195293544254e-03
2.009432297395707685e-03
1.740426724572346562e-03
2.671104221341353332e-03
6.589586352568380448e-03
1.906928501007329598e-03
3.225701954706238200e-03
9.076229674169595044e-03
1.914441053095832217e-03
4.221664165540025236e-03
8.410733295243701547e-04
1.713810397432926702e-03
4.184300916617049795e-03
3.098006860113855510e-03
1.982475385170075124e-03
3.926633299215709187e-03
4.179319653436677946e-03
-1.836490598162658595e-03
5.006770671636474532e-03
4.132305395452100932e-03
3.593069863918295793e-03
-3.819440883918276148e-03
6.393305770280751895e-04
3.611933262827641059e-03
-3.718509301159371797e-03
1.870146080877752894e-03
3.037411928298091451e-03
-3.627653744423443676e-03
4.158238329162383846e-03
3.594130961731319216e-03
-3.804182290437235596e-03
5.339958963219463076e-03
3.324795383616468199e-03
-3.589876890089344769e-03
8.120992448511049969e-03
3.133051588010175251e-03
-2.624534998773219493e-03
6.583840874313908256e-04
3.267763345327920690e-03
-2.847350674532087966e-03
1.677505345157247543e-03
3.210688170883144177e-03
-2.501377823448650353e-03
3.061861513703763044e-03
3.164846164031061542e-03
-2.771634444221089850e-03
9.123005331603682017e-03
3.145950793049271006e-03
-1.591829734988588121e-03
1.645665576040648490e-03
2.801248717123764123e-03
-1.602521686052804390e-03
5.872375135767412060e-03
3.140480325807251585e-03
-5.489515815892883352e-04
9.084963400712634234e-04
3.027947039555562402e-03
-4.134063987633961696e-04
3.023963075117925940e-03
2.930081691201125594e-03
-4.069187663204615509e-04
5.800122010129112396e-03
3.253094406226015711e-03
-4.873047122651038665e-04
8.495998259476739839e-03
3.389571492202749989e-03
7.241006843099452800e-04
8.257133199335638541e-04
3.264362508215585320e-03
5.930595838114271004e-04
2.053520461764950147e-03
3.087031958965005558e-03
9.054794769716858300e-04
8.398349224984988370e-03
3.072341011129002368e-03
2.165376704979262139e-03
8.142082060592570813e-04
2.854048815650555865e-03
1.981814871192890543e-03
1.935913339474154126e-03
3.129417568016056288e-03
1.821709164361626221e-03
3.284795733657788243e-03
3.204367240130247350e-03
3.855634404966771633e-03
9.286177611076806837e-03
3.218645137647358802e-03
1.908709868593546450e-03
9.018001735967848612e-03
3.370302854133483059e-03
3.358141298009146257e-03
1.037332791925784899e-03
3.294351406639251401e-03
3.307189400305675635e-03
2.086420080827293931e-03
2.765661724825248854e-03
3.002632148810643799e-03
3.401958667153351726e-03
3.105135831030911807e-03
3.245230047061648405e-03
8.226865041358413094e-03
3.054899230159773861e-03
4.228999601215174646e-03
7.072906692065780232e-04
3.019348581306212191e-03
4.139132160503013018e-03
1.914041181839947620e-03
3.013930965608382917e-03
4.111137023341424231e-03
3.050251018688764863e-03
3.311679397362447732e-03
4.072582033514939893e-03
4.414686502066502219e-03
4.529079234609281746e-03
-3.956719616976495969e-03
4.168694980827023465e-03
4.529940567835800611e-03
-3.790557694081656687e-03
9.216486543766768888e-03
4.360954183900479265e-03
-2.849560916766609355e-03
8.777809095443525828e-04
4.362930427844723298e-03
-3.053720622220072126e-03
2.947194831125159349e-03
4.380335691140876259e-03
-3.062225275181868194e-03
8.019446984176430843e-03
4.333872757999551045e-03
-2.732896935706179056e-03
9.075720819152952729e-03
4.469273459386153419e-03
-1.652435702484201727e-03
6.479322550741497795e-04
4.413099409140073572e-03
-1.666328050924745230e-03
4.354126280669428500e-03
4.227707588182830385e-03
-1.684367623445034512e-03
8.048564630356375843e-03
4.312969392169263040e-03
-1.486376635360800186e-03
9.031446020853858836e-03
4.302629942850377288e-03
-6.065459286352982166e-04
7.874202493193701007e-04
3.939783578224775873e-03
-5.060287495158562274e-04
1.909240333591363933e-03
4.254314280093201596e-03
-4.113610299217837539e-04
3.182987419171455327e-03
4.298431487120722358e-03
-3.237572714429294779e-04
4.218627291835038741e-03
4.303030272788473456e-03
-3.700725482728900234e-04
8.104000589792100667e-03
4.266085579270090418e-03
-4.813648545184883798e-04
9.275010846867074929e-03
4.392445941206956153e-03
7.041173863639892854e-04
1.717799176653657953e-03
4.331628538097697170e-03
6.685686270186802765e-04
8.290892294908440777e-03
4.031566702033240017e-03
1.807486574616701085e-03
1.963579696314128337e-03
4.131874907189304370e-03
2.060669263322581404e-03
4.314649614660398362e-03
4.095725641466099569e-03
2.004475254702759671e-03
8.118728460860074464e-03
4.282420940173862697e-03
3.274484952483856792e-03
7.961806038095945110e-04
4.342033924442790897e-03
3.019122506256579144e-03
1.768787714855876497e-03
4.002875452833056999e-03
2.859965339602470180e-03
3.039922354105191373e-03
4.137687043122725145e-03
3.505317461773244190e-03
5.455061099048534763e-03
4.258832180869396439e-03
3.042892644536261335e-03
6.855601886369326256e-03
4.144471108806940286e-03
2.910382782255524232e-03
9.153176635123343521e-03
4.241850690362037636e-03
4.268768236518775093e-03
6.914906973439361847e-04
4.098551201043685796e-03
4.140706374445497252e-03
1.748064147135639738e-03
4.186558135291351852e-03
4.177273398884393842e-03
3.037872262471203681e-03
1.072771364558768514e-03
5.017568236950212084e-03
6.623686744897864034e-03
-3.795406860844228233e-03
5.001074097172733719e-03
8.241912031771412434e-03
-3.568987362250576351e-03
5.000796098208207252e-03
1.000079403167318352e-02
-2.998683942289851433e-03
5.003715771372579252e-03
7.162241824472884676e-03
2.081914703823256867e-03
-4.776328827837179707e-03
8.066933207837793940e-03
-2.344310089898691413e-03
5.003106337811142994e-03
8.777326041433202580e-03
-2.256994831920092291e-03
5.001462011321311865e-03
1.000160673981695392e-02
-1.528151968104001857e-03
5.012125384843922442e-03
6.191704969702871951e-03
-1.225290118435483399e-03
5.005998900916399860e-03
7.752519302920730417e-03
-1.029217497177941634e-03
5.001888097302693154e-03
8.869223926574824543e-03
-1.120132215004240135e-03
5.001939246340110154e-03
1.000124363433534114e-02
-7.812720044412270731e-04
5.011396860350809251e-03
4.433729590596370389e-03
1.035917086820601024e-04
5.011826334075632217e-03
7.556212516511378458e-03
2.298980429349238523e-05
5.003032778122186615e-03
8.861259042413381637e-03
1.037352802164401755e-04
5.002631251611258309e-03
1.000196197692276336e-02
6.127140730348819503e-04
5.005049492176050045e-03
3.162649556139342493e-03
1.426048703342126366e-03
5.009062732017322515e-03
4.065396366410467706e-03
3.275319603366060733e-04
5.007420275752697859e-03
4.051458793040161287e-03
1.353122027532433153e-03
5.005873888623421468e-03
7.740228380592109082e-03
1.327423914571911143e-03
5.004295429599591762e-03
8.779013959347924459e-03
1.215113751231150074e-03
5.001716325008265761e-03
1.000478080594498567e-02
1.119746015790154146e-03
5.024789705591867044e-03
5.610239381346845966e-03
1.838309048757489142e-03
5.008573862897812770e-03
2.655313146004051588e-03
6.787174398065166318e-04
4.092772888181312949e-03
3.401520960128134874e-03
2.581702117969931088e-03
5.006791365719522394e-03
4.001788061473720258e-03
2.547667220575952022e-03
5.023729953696408519e-03
5.190851160313878290e-03
2.419643473235959935e-03
5.021797681471429353e-03
6.438263967202617968e-03
2.550394016048630839e-03
5.010827917190556827e-03
7.558725122297439182e-03
2.617460022621758038e-03
5.004831742033248598e-03
8.850128262586907588e-03
2.551838149927125252e-03
5.004621854288128849e-03
1.000335745440625659e-02
3.830985648975889814e-03
5.010266683063173063e-03
1.426228914417587094e-03
2.615099934358473040e-03
5.006144655983718432e-03
1.530180095154834007e-03
3.777923758530602350e-03
5.007525508732139398e-03
2.654977566513565430e-03
3.809528451133776562e-03
5.008317298924444202e-03
3.876137252725413498e-03
3.780001986498703753e-03
5.008325754607621284e-03
5.099035532351335782e-03
3.785784352592572698e-03
5.017381267223809498e-03
6.328155395350882478e-03
3.781043753840708163e-03
5.010939899851309630e-03
7.559717982347997738e-03
3.862840990501939780e-03
5.005469070392954724e-03
8.911002546533037041e-03
3.776101585312967822e-03
5.003750818912862386e-03
1.000534798859063421e-02
5.003925479488081397e-03
5.004508345681022395e-03
1.430044236871840825e-03
5.005855965139188214e-03
5.008071932261619688e-03
2.654381762101661654e-03
5.009598651448111256e-03
5.008923233486675501e-03
3.880321410372508488e-03
5.014980060024094681e-03
5.008528048248664551e-03
7.553732831655108997e-03
-4.191373145876029112e-03
2.735164157559419069e-03
5.191874027344637807e-03
-1.719845815144398823e-03
-4.880308686756674834e-03
6.867676416831857734e-03
2.936282238948084537e-03
4.117140254769497201e-03
5.490582494437674758e-03
-2.917590803846196491e-03
5.008046620777097634e-03
5.453540044504483209e-03
-4.285913476932944229e-03
5.002335101467289546e-03
7.172127389961865680e-04
-2.387816719032742705e-03
5.004553536980611145e-03
1.489608717599314510e-03
-2.422915455485078785e-03
5.003428392800532420e-03
2.675562614167366956e-03
-3.062760426256264535e-03
5.003001210285122624e-03
3.879318814255670357e-03
-1.159353863215380372e-03
5.005026608721902838e-03
1.286205638028292859e-03
-1.120744642862555197e-03
5.006193912935831894e-03
2.655661711058376374e-03
2.482571263364852102e-04
5.006659777777291466e-03
1.784251830046065020e-03
1.329421777882899705e-03
5.008622137164649331e-03
1.428837791423376779e-03
5.127718879484245706e-03
3.484605079162340089e-04
7.742459168529810046e-03
5.276504454277634176e-03
-3.313931405035792661e-03
4.961070840016508325e-03
5.251715705297229156e-03
-3.408818501737796800e-03
6.168102516676716995e-03
5.259005185764859848e-03
-3.372921389304863599e-03
7.407832147479996576e-03
5.259766965161385630e-03
-3.307926870766795570e-03
8.746259157468076056e-03
5.257886543967837598e-03
-3.242756638412080863e-03
1.004609077836409077e-02
5.295551011014901568e-03
-2.724727805496878971e-03
1.889549563593623509e-03
5.285686705976263937e-03
-3.038408377361396726e-03
3.618041991451071641e-03
5.228284140967363360e-03
-2.003031730645842175e-03
3.977082185297360628e-03
5.195617814562523799e-03
-2.076909858276494627e-03
5.496286073206995554e-03
5.189367075230089804e-03
-2.106822156104993897e-03
7.547372354932736956e-03
5.199425886456450485e-03
-2.095572674569395975e-03
8.753865384550132620e-03
5.202111137356855639e-03
-2.076725364152145689e-03
1.003767357164586822e-02
5.213254525555003661e-03
-1.305530718000454072e-03
3.196536545301903280e-03
5.155158499626185872e-03
-9.256775102096749313e-04
7.555196483914696642e-03
5.160153359078190581e-03
-9.176422485648776453e-04
8.791685346569058646e-03
5.159933965688369775e-03
-9.068772271978711372e-04
1.003845905651442119e-02
5.161058154021866927e-03
-4.081099536654736091e-04
4.385401707463527574e-03
5.144117210747489038e-03
-4.276339267226643903e-04
5.108708728832068481e-03
5.130441953448634622e-03
-4.431915795230879440e-04
6.330281647387026034e-03
5.124828910539126411e-03
3.378576807418716193e-04
8.927807910895256202e-03
5.126462217928336867e-03
2.718694608365422073e-04
1.004382489538629963e-02
5.130988857719858201e-03
8.041770346963075626e-04
4.407589852205606382e-03
5.124625303976750729e-03
6.903007477029669521e-04
5.513237619659012295e-03
5.096797730043824137e-03
1.459062055132063964e-03
6.343742023529826829e-03
5.105786770233989615e-03
7.002688437299294400e-04
6.787958359340789082e-03
5.106947295096978673e-03
1.415404657668530627e-03
7.770240054679548522e-03
5.095513472987927769e-03
1.548191289863301958e-03
8.928879504634987252e-03
5.098311847753893462e-03
1.449871477304093097e-03
1.006158405308051063e-02
5.102494298581906548e-03
1.950389120118464076e-03
6.862369613667571727e-03
5.072420297401943577e-03
2.631994630654676398e-03
1.006958875372555157e-02
5.065507383143596186e-03
3.120911111210158354e-03
8.099998206668221346e-03
5.042754031090558933e-03
3.949949950944789401e-03
8.861543319041110742e-03
5.050405682858255182e-03
3.691477825694134459e-03
1.006279735202200189e-02
3.777519606270840404e-03
1.361242970915455376e-03
6.973820366227168749e-03
3.991284182323138682e-03
1.739294066906633181e-03
6.008121379575135160e-03
3.979266217134410678e-03
-1.683576821515515333e-03
5.985725004866286961e-03
1.865559714280825166e-03
3.499207294356420153e-03
5.037086914383279677e-03
-6.171687318128267789e-04
3.022638283322421314e-03
7.481282734381827608e-03
-2.812737698883855351e-03
-2.487361344121928868e-03
4.986638634627677501e-03
-3.819324795236016170e-03
-6.926942774203003741e-04
6.936824363376177527e-03
-3.849895305112688900e-03
7.270501507218756539e-04
6.947829362387310248e-03
-2.928252604507537455e-03
2.573321646064084117e-03
5.028939728525773194e-03
-4.826828549365401282e-03
-4.732429533374054795e-03
7.893315743597809769e-04
-4.870508605521388194e-03
-3.626899669856611420e-03
-1.815328796167811967e-04
-4.858219333474507982e-03
-3.938674750494058040e-03
5.348016648896241568e-04
-4.896307341124026512e-03
-2.844995723712669556e-03
-1.526499672644504016e-04
-4.903115622563188059e-03
-2.672331030516102678e-03
7.579184852931036658e-04
-4.937115695201486389e-03
-1.671910034797015072e-03
-1.135103262427504279e-04
-4.922535994315126347e-03
-1.218749895828866257e-03
4.229530660494122511e-03
-4.971070748479493838e-03
-4.858019567337004620e-04
-8.273992854044518461e-05
-4.955432185420062183e-03
-7.212066757065397184e-04
1.662939399018553439e-03
-4.940058675877778867e-03
-6.038780578250320559e-04
3.238929514398997556e-03
-5.001068010292672103e-03
7.037527070960233151e-04
-6.149583242949139238e-05
-4.985309860352780606e-03
5.829642769513538290e-04
1.914830078395036300e-03
-4.976969963843641542e-03
1.106048315854272525e-03
3.468695060872612444e-03
-4.949905586984019654e-03
4.670355764045848457e-04
4.337688796379403529e-03
-4.939613788987093357e-03
3.005532653074160311e-05
6.974068288895105688e-03
-5.021366099421944833e-03
1.899711949703428637e-03
-4.264464960171910279e-05
-5.001014428100993697e-03
1.798016071547346544e-03
1.661861395769685407e-03
-4.997807084890395005e-03
2.273230006211351094e-03
3.133277892185064393e-03
-4.982402951805999826e-03
2.183339678012099442e-03
4.660093530427184515e-03
-4.978567400588044221e-03
2.232810305727740870e-03
6.118370291694288227e-03
-4.980066645044006930e-03
2.342693915011297492e-03
7.334808112430213529e-03
-5.029624371377950862e-03
3.097796663401721461e-03
-3.175096051230692459e-05
-5.012546816041606353e-03
2.965158698273510050e-03
1.769522697176001760e-03
-4.995615290469212176e-03
3.234015322284018723e-03
4.262275917843652909e-03
-4.993266591094622578e-03
3.568407052295242791e-03
6.117039272714460720e-03
-4.995252193477753289e-03
3.544949375252108396e-03
8.353223573555198025e-03
-5.000318980583079269e-03
3.569336644998831465e-03
9.281723082938352770e-03
-5.012949114190309169e-03
4.294064400849545611e-03
7.073739049751118484e-04
-5.013039270814305393e-03
4.168313973329418679e-03
1.903438093100384525e-03
-5.009213291546722735e-03
3.856748666259866842e-03
3.299961256104788111e-03
-5.002962165777704619e-03
4.287510894345149606e-03
4.896113523175725513e-03
-5.003439501258199161e-03
4.231524352922650702e-03
9.147738142351074381e-03
-5.000869314729576402e-03
5.000119785245177827e-03
7.344305809101421036e-03
-5.000195223053778386e-03
5.000148123157583356e-03
8.678959865181565259e-03
-4.997604489126404419e-03
5.002316813837696594e-03
1.402303823692304177e-03
-5.001465100579831867e-03
5.001092170603424134e-03
2.448051502585383166e-03
-5.001104667300769469e-03
5.000416631803691545e-03
3.672082912268316134e-03
-5.001616165045239155e-03
5.001078634884977003e-03
4.896298541689669999e-03
-5.000868898237158591e-03
5.000633586301983513e-03
6.120232675755250991e-03
2.251089506178903001e-03
3.659588737120656691e-03
6.008120180852246847e-03
-2.888565594092986234e-03
-2.916079971634642342e-03
5.948291939203185358e-03
-3.586178346258074492e-03
-2.130662179531253326e-03
5.959068054898161194e-03
-4.433962261314263256e-03
3.677047440428533615e-03
1.000150714437635265e-02
-3.471575572494123470e-03
-1.689255734162029531e-03
1.000297733647372359e-02
-3.331597309485002673e-03
1.162776473173102610e-03
1.000077582265256580e-02
-3.412610688263097072e-03
2.518517099148902694e-03
1.000608313568978648e-02
-3.544495449505047271e-03
-3.237522907233358373e-03
1.002514310663935905e-02
-2.053012486788526915e-03
-2.261978474747946243e-03
1.000880650520505691e-02
-2.293535166424040105e-03
1.571651179748130686e-04
1.000737860788382567e-02
-2.415925519135065421e-03
3.769701835238127661e-03
1.001199162664797096e-02
-1.033056533873239315e-03
-1.034829687936916981e-03
1.000636220751833366e-02
-9.146520882234148581e-04
2.497332486456954798e-04
1.001294218787325552e-02
-1.087711441607517367e-03
1.367152862115227465e-03
1.001841662400112902e-02
-1.148622471053922832e-03
2.747636413668152165e-03
1.002569735405616641e-02
-1.098096476998246035e-03
4.123988093654477709e-03
1.001218608979219903e-02
2.776270731319799810e-04
1.447201737991103659e-06
1.001412296388032308e-02
1.014307727626774931e-04
1.330747639502032238e-03
1.002673634266539916e-02
-4.521881417567188185e-05
2.659903112610770455e-03
1.003094297895703105e-02
1.062103790537072333e-04
4.289762432457958248e-03
1.001843977755056958e-02
1.418006256584454505e-03
1.369146167396872527e-03
1.003390808393229798e-02
1.343251546696919889e-03
3.089956836998987953e-03
1.003984680426606851e-02
2.529214831479831282e-03
4.037068517273967143e-03
1.003394528410135079e-02
3.099290039517171424e-03
2.591151151134716592e-03
1.005897630721298147e-02
3.938331639298800306e-03
3.880978036238756125e-03
1.004172505574382236e-02
-3.323051704723685267e-03
2.609482052468083471e-03
5.995888059081221251e-03
1.366749716502215850e-03
2.812542345984871735e-03
7.486669915279905302e-03
2.059110120979827999e-03
3.382489849034335701e-03
6.976338783197946064e-03
3.136227888801921496e-03
-5.682417505213123443e-04
4.504646790394392468e-03
1.999902827453578762e-03
-3.305655783469692993e-03
6.929865405417109069e-03
9.044331464438320556e-04
-4.837497227747532269e-03
5.722488198372083917e-03
-4.096331638401669133e-03
-4.683111407161992708e-03
-2.208800827743763419e-04
-4.098338349900581580e-03
-4.722135871064054788e-03
1.030445294038827416e-03
-2.847798573092234168e-03
-4.654473982718822234e-03
-2.172509046255785971e-04
-1.601088403594661024e-03
-4.635803860242489194e-03
-2.117933109002967959e-04
-1.526747846483971199e-03
-4.663651173299735234e-03
6.798653169905041413e-04
-1.809005828478224207e-03
-4.703946952930341055e-03
1.725323737164318697e-03
-1.635335870126995109e-03
-4.792355663223979087e-03
3.544048434742787072e-03
-3.527670024086633081e-04
-4.616841677090035949e-03
-2.104583182609704578e-04
-8.678549792932527067e-05
-4.642297248005508581e-03
8.037584883491949699e-04
-3.634371021025409776e-04
-4.679655560530304043e-03
1.772920310328620318e-03
-3.795674218695983164e-04
-4.735702383416008632e-03
3.019396338745370875e-03
1.068302513795391573e-03
-4.592046497095224160e-03
-2.004475944033812522e-04
8.962151973491220809e-04
-4.616558680666408426e-03
5.307235797014082761e-04
8.205144490019172961e-04
-4.667093661413904311e-03
2.097318148589019920e-03
2.331827671596696516e-03
-4.561749975976813615e-03
-1.976762200026021643e-04
2.398887156153039438e-03
-4.591038611677420063e-03
9.025405554753609819e-04
2.144807311369278328e-03
-4.623542204985330376e-03
1.783766391514100217e-03
2.053415546046846035e-03
-4.675603890522907549e-03
3.059291191787641331e-03
2.074167967157618774e-03
-4.763247310760795536e-03
4.781069083629922202e-03
2.069085184046972562e-03
-4.811990851424175451e-03
6.800760274665256129e-03
3.936696335050277398e-03
-4.512717470202648809e-03
-1.916136130511510052e-04
3.337710502443279065e-03
-4.583993142124665084e-03
1.660059365856352779e-03
3.383755647375793606e-03
-4.635201538367971115e-03
3.035754773337226604e-03
3.353418723790303237e-03
-4.710928405705484476e-03
4.806099922794040274e-03
3.325907206132288664e-03
-4.752574253274378761e-03
6.809359832103104374e-03
4.548995474151005906e-03
-4.537693776335704685e-03
1.603428736047374150e-03
4.368333463761997840e-03
-4.585072907346061932e-03
2.801533458145074977e-03
4.399712626011007856e-03
-4.626219215751887701e-03
3.969060719644130694e-03
4.329506676817344683e-03
-4.676842640456155623e-03
5.221198968264615867e-03
4.425730563057291012e-03
-4.671451866551734090e-03
7.940736438142680445e-03
4.080379080232335830e-03
-4.670231971226086048e-03
8.936332786560538879e-03
5.398119657302548162e-03
-4.491427926783746194e-03
1.280993064654963910e-03
5.384274755863641300e-03
-4.524394132274422477e-03
2.321395911938404534e-03
5.366938973748656277e-03
-4.576469402657712404e-03
3.784332035293968763e-03
5.354977930653565844e-03
-4.609218002339009190e-03
4.826863823492904756e-03
5.332173219686560557e-03
-4.633780070264472729e-03
6.080776703988551024e-03
5.325503237363853060e-03
-4.636035524801620719e-03
7.492586067553223296e-03
5.328536838589574554e-03
-4.617027143399862407e-03
8.590446268233329491e-03
3.800748441431505992e-03
1.336189865430805791e-03
5.035632068038628506e-03
-5.992548480177943516e-04
3.873233423525202120e-03
6.969721511893806759e-03
-1.855379655173896138e-03
-4.871457349556052550e-03
5.386028105330098979e-03
-4.829839122029860876e-03
-4.780439300284482218e-03
2.280463533362693355e-03
-4.836289550248089840e-03
-4.818986316935710244e-03
3.599618186486722073e-03
-4.852801612617922006e-03
-4.851026339688578951e-03
4.785320254528359352e-03
-4.854178997057806769e-03
-4.867626914979808830e-03
6.046233972527785550e-03
-4.865623060474589222e-03
-4.855592078510476486e-03
7.318257464247637616e-03
-4.863024931326672545e-03
-4.835070632360642488e-03
8.576217986404833377e-03
-2.902292512396226036e-03
-4.732943655755520070e-03
2.084806033556648591e-03
-4.105455208322750585e-03
-4.789975121985399348e-03
3.017306179002892351e-03
-3.948492021963930301e-03
-4.859749569997887444e-03
5.502275204910899928e-03
-4.136795206394600598e-03
-4.833225032982063282e-03
8.056489849700762887e-03
-2.875912284105009049e-03
-4.831136502890980358e-03
4.274136492869091454e-03
-2.966715478054122307e-03
-4.873922328075305788e-03
6.590908317820556687e-03
-2.819402277958685515e-03
-4.803142391596320303e-03
9.152658518497664222e-03
-1.667631811257892609e-03
-4.820061035614389526e-03
8.401904088569197085e-03
-4.256548321751629001e-04
-4.868085544418390871e-03
5.530393281886223332e-03
1.004817417733882938e-04
-4.841990108162923072e-03
7.329557956854290679e-03
-5.521248732884074910e-04
-4.816561702744145447e-03
8.263981399767346067e-03
8.848771794675460269e-04
-4.790319578314395851e-03
8.492254739125942170e-03
1.833141224661352176e-03
-4.744650407739836248e-03
9.214492327499585952e-03
-5.960238876255532408e-04
3.879781678599202987e-03
5.032177488934626818e-03
-1.342242624298816420e-03
4.076809795133463227e-03
6.000722898207991492e-03
-4.415827706069365942e-04
-3.718972620964790515e-03
4.977362035074607213e-03
-6.066963741932428992e-04
-4.048877107511787005e-03
5.941986185157510647e-03
-3.901426843893487147e-03
-3.468095270467233711e-03
-1.733933771803790097e-04
-4.209928304802636190e-03
-1.654943614358775740e-03
-1.141329642393935418e-04
-3.761143176603869761e-03
7.165517687643885780e-04
-7.152364506089095954e-05
-4.050909796066620716e-03
1.681415386924574535e-03
-5.758104597681534852e-05
-3.899427519850007674e-03
3.157853459899109209e-03
-3.912877260050082369e-05
-2.839952386753069862e-03
-1.960864161316049591e-03
-1.270579555026082419e-04
-3.005051899366460114e-03
-4.550026338954255489e-04
-9.383452646651144115e-05
-2.427388746015457250e-03
5.111277381196576266e-04
-7.996134796625693915e-05
-2.483626199789244673e-03
1.934750258360940335e-03
-6.519464194713268500e-05
-2.553447687371206750e-03
3.103280967889250445e-03
-5.413323596919558401e-05
-3.231216264940689042e-03
3.957234769086312443e-03
-3.185794116428102116e-05
-1.676131790834757248e-03
-7.001510004738162839e-04
-1.057495544387907974e-04
-9.641397186761911826e-04
7.042637170352664512e-04
-9.190804473453865261e-05
-1.778914809441301459e-03
4.010589359768323807e-03
-3.964216279068341034e-05
5.920098791092980560e-04
-4.508372880365967917e-04
-1.108512216403198395e-04
-8.596177349988274187e-05
3.721762488800037867e-04
-9.762062159733902111e-05
-5.765549553336171825e-04
1.925054996510278853e-03
-8.732346031721956701e-05
-7.773303820247173205e-04
3.290431940003061412e-03
-7.120216133781843092e-05
1.342118668407529629e-03
1.004668274934447832e-03
-9.592148553842556500e-05
5.200456990421902480e-04
1.681275360455010328e-03
-8.788818009135771620e-05
6.375688978529728832e-04
3.112435808826497299e-03
-7.689317952369703916e-05
2.198961593139889346e-03
3.160068095333449286e-03
-7.975811569890610799e-05
2.597382251849814083e-03
4.237021032680343344e-03
-4.807866689066396466e-05
3.765122642546035129e-03
4.136038403347939985e-03
-5.617707518129504872e-05
2.343774052182420568e-03
5.007202810742192658e-03
-3.305010495371576594e-06
3.480158147269128005e-03
5.004026250412994987e-03
-4.495948975834777131e-06
-3.568047095651550888e-03
5.004484148108868935e-03
-3.476096306216389812e-06
-2.552121952213853850e-03
5.004259004400202042e-03
-3.867494094829829489e-06
-1.328343087915769992e-03
5.004695533288493203e-03
-3.525292924354047175e-06
-1.045704530303013662e-04
5.006109644144890979e-03
-4.376425544281223888e-06
1.476945029123544412e-03
5.003680474586609528e-03
-4.706649248002989068e-06
-4.156717221712683680e-03
-3.938531668735837971e-04
5.973462836320458762e-03
-2.349858769262868925e-03
-1.785509110962560332e-03
7.443717142373196434e-03
-2.169270232031061951e-03
-3.651661937525329128e-03
1.002038518348197411e-02
-7.985037835876946169e-04
-3.406733888802207077e-03
1.002151772851506487e-02
-9.578650678911093111e-04
-2.243964473463199837e-03
1.000816746325174436e-02
2.268538149174852223e-04
-1.958454996009953430e-03
1.000779351953444592e-02
1.058733419599270547e-03
-3.649043602734406474e-03
1.002294803854268668e-02
1.471993239082134948e-03
-2.185607003538381828e-03
1.001428692390131554e-02
1.437638721358053999e-03
-9.959985437859601633e-04
1.001771012380086104e-02
1.424021635336403637e-03
2.951940422067990161e-04
1.002041928100210616e-02
2.762253977485372262e-03
-3.332300214312920120e-03
1.003190833702767917e-02
2.762481613113696756e-03
-2.184878695353035475e-03
1.001772051962796471e-02
2.813495772317806121e-03
-9.133862884957282555e-04
1.002341940358562368e-02
2.564034858636004069e-03
2.561227852464852519e-04
1.002878361077776809e-02
2.886229202858203464e-03
1.441183028972196781e-03
1.004986797572991059e-02
4.065239137335428625e-03
-3.388676232449904565e-03
1.003606721197758400e-02
4.010681089248003400e-03
2.640766827506022267e-04
1.003634447569294770e-02
4.015173055838468751e-03
-2.272707644400510929e-03
1.003288438909370403e-02
4.141607188592281823e-03
-1.012587707628559170e-03
1.003345821104667523e-02
4.088744902160383783e-03
1.438053077185981682e-03
1.005682604755988099e-02
-3.905198178770029078e-03
-4.790056181271924556e-03
1.004886327802180859e-02
-2.594375367862777025e-03
-4.776933454413090190e-03
1.004584095001659697e-02
-1.653442691231535094e-03
-4.769677873888863995e-03
1.004698108039360667e-02
-4.114390680145997461e-04
-4.761705019109998931e-03
1.005527295900259833e-02
1.214256598382608800e-03
-4.738545595806528503e-03
1.005081155256899554e-02
2.097402361862887258e-03
-4.722083940122663061e-03
1.005076312851915440e-02
3.346009224823887854e-03
-4.684904147005511214e-03
1.005551104476420758e-02
3.121444793211775905e-03
7.359524587010400458e-04
7.485581515274944073e-03
-2.926802623210832382e-03
2.568525118535401434e-03
6.962271396226055349e-03
1.962954050842608596e-03
-3.705208655708090455e-03
5.958198054732290368e-03
-4.918392323718395569e-03
-9.687238806882965967e-04
6.472915661431881580e-03
-4.852007260508083182e-03
-4.128802572491663443e-03
1.417972224370947151e-03
-4.880236741563477761e-03
-3.270272585803087311e-03
2.037689333184158728e-03
-4.875054191248110423e-03
-4.177238255089686138e-03
5.529280733829273521e-03
-4.881014806987169288e-03
-4.185504464817122773e-03
6.783592733155765012e-03
-4.885481094375276369e-03
-3.831354045620381961e-03
8.118708055414355917e-03
-4.898524690346580703e-03
-3.491464940785396747e-03
9.083157536163951468e-03
-4.906891664799483722e-03
-2.114941328693859413e-03
3.312696145153366280e-03
-4.878824976790597547e-03
-3.376073387062953571e-03
4.333963856846463278e-03
-4.885255924487211417e-03
-2.992657875645975997e-03
5.546697649203955957e-03
-4.890770101800324260e-03
-3.031114879396850162e-03
6.853419220593063264e-03
-4.910744255588545860e-03
-2.624768351600045499e-03
8.316541348232130842e-03
-4.906705558764709769e-03
-1.794409881841338081e-03
5.726412712966499376e-03
-4.920406089976930852e-03
-1.629580452008986711e-03
7.300138009155763240e-03
-4.941400834116163598e-03
2.448919904325371020e-04
5.630403946386266199e-03
-4.957715355631077229e-03
-8.029263316031712760e-05
9.265780251246190022e-03
-4.960805581872766538e-03
1.126664483862914673e-03
7.059826217282334435e-03
-4.956933109951291300e-03
3.751597189021277324e-04
8.108850293155457287e-03
-4.982317178192299453e-03
1.699541254361674894e-03
8.683143057707259915e-03
-4.930167220674752833e-03
-2.254153909976409822e-03
9.998249210471850737e-03
-4.939380071060072916e-03
-1.264728989912148032e-03
9.995261848699097187e-03
-4.985930706865329687e-03
1.127459372680557348e-03
9.991372129901013657e-03
-4.996410016869580126e-03
2.347796890493985059e-03
9.993594852993066546e-03
-5.003263670645732505e-03
3.571100077753756787e-03
9.998090787007540142e-03
-5.003102518208975454e-03
4.157917299691896856e-03
1.000164631075584759e-02
3.148786701740525704e-03
-5.114025048445111328e-04
7.475922282338771582e-03
-2.392986593889381841e-03
1.902890739487648163e-03
7.474621204417112447e-03
3.147392367694882946e-03
7.226808309346254271e-04
4.512673495296133999e-03
-4.801599639220172056e-04
-1.924850609103543079e-03
4.663790991015560536e-03
3.850765621117425638e-03
-1.059721968869681329e-03
5.021881890830135094e-03
-2.937040676752942017e-03
-2.372965142395151109e-03
6.921794400964308841e-03
-2.875945081951514996e-03
-3.969942535339092242e-03
-1.923765128123180166e-04
-2.683444166757677218e-03
-3.154862465678913864e-03
-1.631897326818449357e-04
-1.629422855372410434e-03
-3.951426959173214883e-03
-1.863507666796988967e-04
-3.806302351159509796e-04
-3.933235489662108807e-03
-1.860027989770598046e-04
-4.273393686891574874e-04
-2.767305981185262664e-03
-1.487197700942536759e-04
-2.763353546956233528e-04
-7.867648853575855486e-04
-1.102878133731766553e-04
8.701430428679740158e-04
-3.914243246901206487e-03
-1.780990464194883468e-04
5.492811050916309151e-04
-2.928711879351264622e-03
-1.486760836668088166e-04
7.732178418724532402e-04
-1.581403340819584249e-03
-1.232319998134661894e-04
1.430571556412863540e-03
1.453218648525155985e-04
-1.037987957609767098e-04
2.123060181414933821e-03
-3.886513059417804304e-03
-1.758774669523676521e-04
2.066834751210405111e-03
-2.724300440584965458e-03
-1.433708710964144608e-04
2.081381220090276502e-03
-8.661327861118170608e-04
-1.120906250675483454e-04
2.637724430413893040e-03
4.739186580183017239e-04
-9.959174524148729790e-05
2.206994529978560486e-03
1.880806386714144489e-03
-8.983269025791704382e-05
3.379091332362271684e-03
-3.850232143312207027e-03
-1.738504716083121601e-04
3.843834507553178705e-03
-2.674205079503659977e-03
-1.406097343823138938e-04
3.398290615241405556e-03
-1.447904144500115724e-03
-1.187161284019814367e-04
3.717641398062580989e-03
8.038224656704323796e-04
-9.593705529806506344e-05
3.328779114171122669e-03
1.670827943811902709e-03
-8.935449422101944094e-05
3.361560861056996953e-03
2.768590108760761274e-03
-8.214439175970058541e-05
4.716736429488537635e-03
-3.476112215276535265e-03
-1.580942476518095493e-04
4.034608600834109320e-03
-1.774608046282411227e-04
-1.028099103065094637e-04
4.289159981057506787e-03
2.042301016652295267e-03
-8.342555496934144583e-05
-6.546534814581505234e-04
-3.713854963589789063e-03
6.914431849317669541e-03
3.703917664187772636e-03
-1.462248941458081392e-03
6.955434060879260756e-03
5.227827514089121962e-03
-8.182101816373014329e-04
1.366712153412180273e-03
5.174714062261403028e-03
3.160933157052955487e-04
2.633095642172904056e-03
5.181450569045942083e-03
8.686086462610542085e-04
8.130312538085284228e-04
5.144451866407566756e-03
1.867537718252776976e-03
1.522308444004599141e-03
5.143724183432977701e-03
1.512157822815573356e-03
2.870816641130493306e-03
5.118360043770287492e-03
2.668241056544301375e-03
2.606809632604573622e-03
5.114469727211831511e-03
2.274872844546285602e-03
3.831032211755299767e-03
5.098295464422010481e-03
2.312607821521821434e-03
5.442499894838892169e-03
5.115055220989061548e-03
3.133972182003673477e-03
1.004550405127683241e-03
5.079408878889469549e-03
3.888075447347511850e-03
2.663157898596626993e-03
5.085177313506356912e-03
3.706052274089098684e-03
4.443949038302382089e-03
5.061622877461690109e-03
4.322171419718319647e-03
1.414674679861774829e-03
5.064983472959443643e-03
4.065978026616798649e-03
6.238524101775133092e-03
5.010728345130939336e-03
5.014758900744711693e-03
5.463428921364534355e-03
5.005010871613513844e-03
5.008082922719108224e-03
9.136003454034043181e-03
5.297918303294460278e-03
-2.279225233404413593e-03
-1.247590670960214770e-04
5.262366250823610238e-03
-1.466129226005234969e-03
-1.144975765570412709e-04
5.222276707489155456e-03
-2.330247853065243687e-04
-9.947119334157854308e-05
5.175607219927983414e-03
1.187831718344959557e-03
-8.571602568221314182e-05
5.142924859366882449e-03
2.249544759820346421e-03
-8.043035769489060769e-05
5.090792239729480424e-03
3.501524551650969045e-03
-6.977634355979539006e-05
-5.370730462502175222e-04
-2.863431914670593222e-03
4.468891057277433673e-03
1.435998189506704778e-03
-2.651249812454330862e-03
4.481807981538907422e-03
