-4.940751699904330843e-03
-5.310134894165759005e-03
1.205421058566145089e-05
-4.965026041450405596e-03
-5.163904341896873203e-03
1.000016727314113202e-02
-4.478620391325093854e-03
4.371946907068922396e-03
-4.875174178988820857e-04
-4.641499423942227129e-03
4.551220597347805687e-03
1.018670707168705183e-02
-4.169415670460733907e-03
-1.683165573285069078e-03
5.974421226278535564e-03
-4.130496789587062394e-03
1.378391652867653029e-03
5.942033492187342308e-03
-3.837660452377662790e-03
-1.571893273232248013e-03
5.006393699283473615e-03
-3.845967385398237244e-03
-1.555696439184946732e-03
6.944601847568091131e-03
-3.788931468516135766e-03
1.246473551738356070e-03
4.975385806709885228e-03
-3.800655542984048355e-03
1.267059128612026261e-03
6.920230667822538893e-03
-2.995887902458431798e-03
-1.275512765931294213e-03
4.492296091088953877e-03
-3.012528478483631183e-03
-1.241425769020697376e-03
7.463222755316052150e-03
-2.953567325119144105e-03
9.446490242211109988e-04
4.467887470266440619e-03
-2.969460030976399118e-03
9.700832409433339173e-04
7.443762015780505843e-03
-2.196862292189502141e-03
-4.017057733291562113e-03
6.007182788099530747e-03
-2.150492244109381088e-03
3.750437463745340434e-03
5.937772068063009237e-03
-2.044753562176388623e-03
-9.132397107997420249e-04
4.671185723061896389e-03
-2.056530053036873060e-03
-8.938833184225279758e-04
7.290645230574115468e-03
-2.013241926149027510e-03
6.160138233905089857e-04
4.659930233157906672e-03
-2.028969508600026502e-03
6.336296141495344246e-04
7.268641549830308184e-03
-2.023398630445664894e-03
-3.719994131538276703e-03
5.039965321871164687e-03
-2.026666074725533805e-03
-3.706826522055511539e-03
6.972906453368176403e-03
-1.964403277833543914e-03
3.433505912928199507e-03
4.966157617484917922e-03
-1.976892485287996912e-03
3.448719066144930075e-03
6.917605914538846844e-03
-1.580063809056452950e-03
-2.949997099831962784e-03
4.517163107320093171e-03
-1.586916364625874263e-03
-2.930798385838484076e-03
7.484284651141036825e-03
-1.513262272957922568e-03
2.669498561015671168e-03
4.463912895994698142e-03
-1.534533323131929018e-03
2.690747230089137257e-03
7.437492771650659577e-03
-1.424237043203726042e-03
-6.685599153110112231e-04
5.463556159555692932e-03
-1.430004052854732003e-03
-6.614271768626865189e-04
6.498976604353524748e-03
-1.404965374784802792e-03
4.094435367191205937e-04
5.455434556718615977e-03
-1.410795858263106913e-03
4.143991719534605048e-04
6.485834732979997228e-03
-1.074578152201757352e-03
-2.065171220432041304e-03
4.686952908983072277e-03
-1.085031132124368277e-03
-2.049135004236971556e-03
7.302179857627722967e-03
-1.015605034308653294e-03
1.811601123744200573e-03
4.659594436559199790e-03
-1.028197611793607536e-03
1.828155935566857637e-03
7.265091260322633672e-03
-7.432705960766606635e-04
-1.481687379990089936e-03
5.475481054817557536e-03
-7.495969135973206765e-04
-1.474169233732068205e-03
6.509631463695861320e-03
-6.967179072775298151e-04
1.255606362815184186e-03
5.455782865687451577e-03
-6.990424793432075757e-04
1.260121648378313393e-03
6.483738732124567743e-03
3.197753237629377449e-04
-1.639291274176336117e-03
5.485258701654631766e-03
3.154918855506543365e-04
-1.631476444604045397e-03
6.517284864697625926e-03
3.683856901770487494e-04
1.476583614932581480e-03
5.461958937766754271e-03
3.633589191638685934e-04
1.486883934225568908e-03
6.492416409480485096e-03
4.343392404845946978e-04
-2.283541901269256318e-03
4.699259533493063863e-03
4.288231622119742102e-04
-2.271958936005173246e-03
7.310195442878416466e-03
4.931127054579082132e-04
2.121414777109448258e-03
4.667392175925356990e-03
4.733998391611778274e-04
2.142861120354011290e-03
7.278953750519021396e-03
6.091013521948452497e-04
-3.271217208748005301e-03
4.525417610639889676e-03
6.044198316117985496e-04
-3.260043267405583148e-03
7.493284113750388678e-03
6.665994164246428480e-04
3.118068208050863745e-03
4.481882861114126586e-03
6.432223193456791752e-04
3.139091064307984822e-03
7.451540395754590110e-03
7.644338827588881410e-04
-4.138463134034889301e-03
5.043036637931009973e-03
7.635057281330285238e-04
-4.132074198655346850e-03
6.982096556608969121e-03
8.083888929069271614e-04
3.998152002330924992e-03
4.993143279620687949e-03
7.896557923718923845e-04
4.014744614331041545e-03
6.927504868167892738e-03
8.260998545001348821e-04
-4.481333559282497589e-03
6.013835616470338680e-03
8.558880868424479076e-04
4.355291194194702703e-03
5.957441276324823218e-03
1.262450564614672754e-03
-1.076076008468931314e-03
5.487351581330271802e-03
1.259473667433059444e-03
-1.072787801215598818e-03
6.518229711512214114e-03
1.299309787869870267e-03
9.560474819390647359e-04
5.467786123158421482e-03
1.293730068676930776e-03
9.609735519697489362e-04
6.503494434661259531e-03
1.651557728709674312e-03
-5.485529218747399997e-05
5.481513112349110407e-03
1.644868924252970016e-03
-4.945607623905628932e-05
6.515298331509706935e-03
1.766171933220406741e-03
-1.495029719029682732e-03
4.700487941958748569e-03
1.759193842604184601e-03
-1.486980904472071183e-03
7.310188362615203939e-03
1.814850444304149041e-03
1.384230462034824862e-03
4.678627668294172044e-03
1.798844418461856493e-03
1.397126543014151059e-03
7.296615277079959022e-03
2.311839018213825842e-03
-4.930264688405434882e-05
4.692036066008112294e-03
2.301539185684973055e-03
-3.821953109340789356e-05
7.306132646992282570e-03
2.534596775567925057e-03
-2.136650830927600952e-03
4.522216715495241957e-03
2.530712099070660595e-03
-2.127364698069018033e-03
7.491615393926802716e-03
2.591628633254147804e-03
2.046576528123778688e-03
4.505986511263806484e-03
2.572047095788779301e-03
2.057230563984634771e-03
7.475583709517803939e-03
3.214734696139409480e-03
-2.698141599445699063e-03
5.039341405636723996e-03
3.212453213036009503e-03
-2.694219319865815993e-03
6.980041324438266380e-03
3.267764728410083811e-03
2.622222384907170814e-03
5.028082816748532212e-03
3.252352229908891425e-03
2.631776793722268200e-03
6.960704315717265549e-03
3.318324184032682422e-03
-3.890481091926560083e-05
4.518134384645997384e-03
3.306637769018232198e-03
-3.168474801607913465e-05
7.488769907094918431e-03
3.482421535846047956e-03
-2.921506853212134987e-03
6.009717851228456136e-03
3.527109915052075405e-03
2.856771501708642216e-03
5.995852087248951419e-03
4.203060058087485992e-03
-3.273023376788203217e-05
5.034913202819878315e-03
4.193548075399952842e-03
-2.580845055551066663e-05
6.977915507300563001e-03
4.541280420709191412e-03
-2.472502653540402268e-05
6.006931610452620821e-03
5.002801437360445899e-03
-5.001337865051308160e-03
-2.949377170890412643e-07
4.999847405706915951e-03
-5.001263073604600429e-03
1.000074157893605757e-02
5.241083207547644549e-03
4.957396194848997378e-03
1.323055376747638203e-05
5.091557067350658064e-03
4.990267906065647477e-03
9.980220302799085869e-03
-7.756650060417873312e-04
-3.633241846553624237e-03
2.515052366051026122e-03
6.600399984243327531e-04
-1.219738550323826816e-03
4.195361664938211145e-03
-3.710775573098621435e-03
-3.992310153613894824e-03
5.432036473909140559e-03
4.235590018434787565e-03
4.356005172633093509e-04
3.544259780226242246e-03
1.399992140478962090e-03
-5.539736089814562220e-04
3.193229681690386117e-03
-3.168652788161910512e-04
4.893918509123866903e-03
5.800834072130313379e-03
-3.846124337964742807e-03
-4.208781052247777483e-04
1.002692073915880527e-02
5.503372163850616967e-04
-5.028936182284431816e-03
3.982167489151127587e-03
-1.099800080262139336e-03
-6.581042194423441377e-04
1.199266623912777175e-03
-2.962925033239506350e-04
-1.519410242750190944e-03
1.063419737494954121e-03
1.880373794751025261e-03
-3.646207362559730769e-03
8.650621591413538633e-03
3.526645895937295400e-03
-2.761019678574294384e-03
8.414768137380016638e-03
3.541598149100120673e-03
-1.467339007518670161e-03
3.814009091470282452e-03
-1.446681125955727194e-03
-1.618114103613879770e-03
1.903986577523586335e-03
-8.468087508807416999e-04
3.517644750476398800e-03
1.519179979123851500e-03
-1.540224746225158682e-03
7.616077651226592143e-04
1.902511570233617446e-03
5.600335546186713384e-04
-1.509133835270389055e-03
8.849676727083618036e-03
2.057988013722181610e-04
3.498447324863061814e-03
1.695446343188018994e-03
4.087468107825884532e-04
-2.173498861640212141e-03
1.391411403435094960e-03
2.750333974834198811e-03
3.171257849355106021e-04
3.118496935977954545e-03
4.095929793577901198e-03
1.422604933227029781e-03
3.052729794388420181e-03
7.316743534906305132e-04
-3.395272116097297968e-03
5.819139747571184726e-03
-4.091082137828453737e-03
-4.342422760557260696e-03
1.674237105298905090e-03
-5.690823746580437898e-04
2.691181573725106874e-03
6.378859482717046635e-03
-3.739781749665483084e-03
-4.259141279645353891e-03
6.831202704985464731e-03
-4.249734113490641167e-03
-4.385832563087812587e-03
7.993134550686807616e-03
-4.264534382389390497e-03
-4.348910852142289125e-03
8.989065405013674584e-03
-3.901127413934174590e-03
-3.421948460321837249e-03
7.808397381069749231e-04
-4.180678623154320851e-03
-3.160822849930835544e-03
1.709040283738084889e-03
-3.611447860785081936e-03
-2.982080007850316551e-03
3.313119688781754509e-03
2.000300469736810208e-03
3.848199331494327712e-03
8.146082146098135995e-03
-3.994207695058076685e-03
-3.150661565547791670e-03
6.665301825967299108e-03
-4.101941376295041575e-03
-3.450862495046916074e-03
8.217545496116206855e-03
-2.724750336291043799e-03
7.854651955644420839e-04
6.037018267385842532e-03
-4.070358117378566551e-03
-2.008082886548108806e-03
1.046791932611710121e-03
1.914110779635181401e-03
-2.137567639178072822e-03
5.362314486505780943e-03
-3.900325920137788938e-03
-2.004002022043443847e-03
8.067455600175139907e-03
-4.010691189215649481e-03
-8.534517391706303822e-04
9.178869458465501981e-04
1.989844744708132128e-03
-3.416482237974770731e-03
5.040479521767173357e-03
-2.846509837934175276e-03
3.750722406691556036e-03
8.960598637255349358e-03
-4.139502041439105384e-03
-8.749534719121664994e-04
7.807514770648153572e-03
1.113566366783868330e-03
2.879944104753422683e-03
5.817199623626054771e-03
-3.890923484735504031e-03
3.936737343830094653e-04
7.482654732903127768e-04
-3.649323193427209469e-03
1.733796029393453234e-04
2.853029726551383708e-03
-3.943850262948358013e-03
4.159936516073015089e-04
7.921765535029767769e-03
-3.977290606908865690e-03
1.576212187128814626e-03
6.378510568625151735e-04
4.945319680124522993e-04
-7.753655365635841459e-05
7.040252351378295699e-03
5.002805066666580168e-03
-3.986189267395724711e-03
9.105365873370560364e-04
-3.181690093405112243e-03
4.582828776747398768e-03
1.946498276873882827e-03
-3.666574968484260805e-03
2.454407939128441275e-03
1.335333285045480238e-03
-3.878660309793446025e-03
2.594620449754304285e-03
2.792555269293235231e-03
-3.937920831684059431e-03
2.807153389413176350e-03
9.283112317524051804e-03
-3.700743199996693513e-03
3.667001428396428602e-03
2.440331205753207451e-03
-3.709803588846876440e-03
3.801621175763184642e-03
4.042774041808932031e-03
-3.663398051900331256e-03
3.750460015774551101e-03
5.497922937076476883e-03
-3.895164386462899881e-03
3.656200199745681875e-03
7.275164767254069936e-03
-2.969633057346509220e-03
-4.337617560444235500e-03
9.735259338448051282e-04
-2.663179663092759848e-03
-4.271038034099850118e-03
2.155373601819821332e-03
-2.978796666823693186e-03
-4.150412075898756922e-03
3.189491191689623403e-03
-2.942894058687682904e-03
-4.271386619349454815e-03
7.838011301158583077e-03
-9.989845944952521414e-04
-2.094386020926286476e-03
8.667571524868512151e-03
-3.008834033847497015e-03
-3.348928200731116338e-03
1.886189928767613086e-03
-2.981990012187952371e-03
-3.031708317862548061e-03
8.177732735641703860e-03
-6.081517292601480631e-04
2.823154656054649003e-03
2.631843985746764192e-03
-2.944628990074278120e-03
-2.394126835521052411e-03
8.915936750953628448e-04
-2.959981889177853726e-03
-2.143039276733130129e-03
2.022552907557789714e-03
-2.763137085925109621e-03
-1.029229893336934803e-03
7.600062040988448406e-04
-3.254205718460459126e-03
-1.036269483834569450e-03
1.812213666266123454e-03
-2.965822955830955954e-03
-1.037568377736152467e-03
3.145213031889474136e-03
-3.015842595998013877e-03
-9.974965021374098371e-04
8.996681873927376075e-03
-2.893031575000010614e-03
2.567558443267046932e-04
6.198587599931518937e-04
-2.788266411034068075e-03
2.109118837517245926e-04
1.681074096614171808e-03
-3.143123279693052843e-03
1.119249229328270678e-04
8.755783870664717028e-03
-2.815375290606628774e-03
1.721278970858007833e-03
7.280906109359919307e-04
-2.829411613964718034e-03
1.554778623578117027e-03
1.887893931393722644e-03
-3.332202122104764054e-03
1.517381876996260490e-03
3.176694076603731477e-03
-2.656006537177443404e-03
1.787294409286364167e-03
5.825732999311598881e-03
-2.917736295387818573e-03
1.357706179698370524e-03
6.590713128743028171e-03
-3.080437818793609842e-03
1.497468282710023857e-03
8.469641259378426698e-03
-2.516178160994710609e-03
2.908155888679269004e-03
6.451934663120523000e-04
-2.706737249136345960e-03
2.874286290645533017e-03
2.039956688012158851e-03
-2.656031884030919318e-03
2.972802221126455337e-03
3.202629770353652636e-03
-3.400345375558692582e-03
2.578224837633917143e-03
4.228259432849246734e-03
-3.190034056932123090e-03
2.852223877780710182e-03
7.951447765444088697e-03
-2.866911829497743695e-03
3.669738426076487106e-03
1.336476197041821514e-03
-2.717586517350014524e-03
3.876167845272662001e-03
2.909616299609730540e-03
-1.588012817542619731e-03
1.642608201462073415e-03
2.836810083267709507e-03
3.934803308448103602e-03
-3.019190912667811706e-03
4.301139216457533151e-03
-7.369353498906885567e-04
-3.959573754097623841e-03
7.993651859050855679e-03
-1.638815098460593474e-03
-4.329107227275317930e-03
9.925870684775492218e-04
-2.122810404368530995e-03
1.818018329766468493e-03
1.004071138595470820e-02
-1.515808991478795982e-03
-4.213966649455601690e-03
9.302591888854197522e-03
-2.038989832346896867e-03
-3.301487640923494917e-03
6.411937161925443688e-04
-1.765281473639156379e-03
-3.042828851198737822e-03
1.816928572792025822e-03
-1.766647713676324514e-03
-3.308912528832257723e-03
3.001750669207503726e-03
-1.868178888893157717e-03
-3.364448064043622320e-03
8.813056964822542708e-03
-1.633080121723353264e-03
-1.848747760878558920e-03
8.821346762117678085e-04
-1.820334477788312011e-03
-1.937330346089743581e-03
3.246564831420709583e-03
2.077918221400028732e-03
7.730168967422801091e-04
3.626486578556958364e-03
-1.819644993557118342e-03
-6.306662428914848071e-04
1.987431548754091219e-03
-2.568595369942965924e-03
-9.952776232375608757e-04
5.957204764358026323e-03
-1.742038459490530700e-03
-9.289200210223652349e-04
8.903485687142425470e-03
-1.786895556168512653e-03
6.692949224237725297e-05
8.697866520988502834e-04
-1.826540054272625651e-03
3.480283109448568403e-04
3.145538752915347930e-03
-1.967970522748923017e-03
2.855021897933164576e-04
8.798540204965800068e-03
-1.720582333035351047e-03
1.361466657371391891e-03
8.649854954947480690e-04
-1.568405175844298036e-03
1.783367110434177756e-03
5.560374386097919133e-03
-1.871612951683265759e-03
1.635390809512289254e-03
6.550169433551039470e-03
-1.935894875936623001e-03
1.701032198364827710e-03
8.823236419255165233e-03
-1.442871837626558042e-03
2.541679139971395399e-03
6.520315711028838073e-04
-1.735773661738175891e-03
2.749248363054337171e-03
1.684676113824606176e-03
-1.562533523477064061e-03
2.634436185948131007e-03
2.976658763617675250e-03
-1.649893717064651513e-03
2.828106577052013314e-03
5.612538335362710074e-03
-1.794368868348366697e-03
2.710244245356167783e-03
6.400222390143223833e-03
-1.842166786908664864e-03
2.994901316216576261e-03
8.922104197728803962e-03
-1.504057710711780059e-03
3.667386550572224006e-03
5.574657740440992597e-04
-1.518815095926473110e-03
3.701314206533336260e-03
2.981258533180694125e-03
2.721144482797772674e-03
6.584660198567240334e-04
5.828291447735263996e-03
-7.463793981974380532e-04
-4.345749225314807056e-03
8.504886934104431521e-04
-9.081240000181754106e-04
-4.350022448866687139e-03
4.322103108016079470e-03
-3.284880124362760654e-04
-4.567388072752108508e-03
6.906398821774786465e-03
-3.467375002215199783e-04
-4.255256515767834487e-03
9.028436015259294622e-03
-6.062987927156875947e-04
-3.071656680093269327e-03
9.082266679760205670e-04
-6.892098654351383556e-04
-2.759723101932716992e-03
5.670333594354017015e-03
-5.307837913760517700e-04
-3.211278330237154165e-03
9.175390329983840881e-03
-5.034486598590059590e-04
-2.194337729511928927e-03
2.019720306469842581e-03
-4.963357105611423525e-04
-2.241715863702012715e-03
3.267670314334456764e-03
-4.475413316315058699e-04
-1.806808044154912174e-03
4.179277317889274271e-03
-3.116492505855815789e-04
-5.213883644510609264e-04
6.688396024115422648e-04
-6.249559140103460968e-04
-7.609897064164129971e-04
2.815720301694626601e-03
-4.059466261669031784e-04
-6.427454951533126794e-04
4.434021087960230909e-03
-3.627724150796267323e-04
-4.234095976596370290e-04
5.870274046162382055e-03
-3.204703670917706635e-04
-8.390243480825787742e-04
8.123212633186042975e-03
-3.284143731614301586e-04
3.364109707998929884e-04
1.850544957094722677e-03
-4.669444815238595840e-04
5.853653933598827698e-04
4.330724356261739932e-03
-6.401141774830019322e-04
6.785751968374597980e-04
8.140237543815979915e-03
-6.016830131052180747e-04
1.915088360945723083e-03
1.497696924438761184e-03
-6.545507607989246726e-04
1.823476057877523827e-03
3.861405553389437618e-03
-5.770014362632675366e-04
1.880495895199971700e-03
8.372462628137686616e-03
-4.282097790860103109e-04
2.932934980921665397e-03
3.690398402808272964e-03
-5.201286828826080094e-04
3.456709582653710519e-03
8.304619343039875215e-03
-2.874042293530671387e-04
3.989905607724142898e-03
6.144454037283385512e-04
-2.344509233545151959e-04
4.001431987094837897e-03
3.045836551670850177e-03
-3.085902236503355271e-04
3.992062474172610245e-03
4.158754780858779296e-03
3.278462798786814254e-03
3.834539936716044664e-03
6.719467805921830808e-03
-6.270828101342966129e-04
4.292956310749874299e-03
7.087347541416666626e-03
5.118436750088396206e-04
-4.097040205854848502e-03
7.409066073966462688e-04
6.216405252508470664e-04
-4.198467174376240008e-03
1.837688447818926771e-03
9.187601100005372357e-04
-4.215299807406387017e-03
3.371208558130621251e-03
7.913148285394265135e-04
-4.355388109024800440e-03
7.936730570165178439e-03
5.175503846652923252e-04
-3.045834837743233593e-03
1.820996637896070891e-03
3.800142797484604780e-04
-3.202554238902694320e-03
3.141758347881370549e-03
6.332477311755387115e-04
-1.767946670092137001e-03
2.707108108513195128e-03
9.587323761774545379e-04
-2.081518766011057620e-03
5.687777337806802259e-03
7.690357234863007610e-04
-6.670005448278091198e-04
7.950940747977810205e-04
6.456605666715350489e-04
-8.324045677888911206e-04
1.811421866587401138e-03
6.189033907502735753e-04
-5.226272462870155304e-04
5.689054508496494723e-03
8.045408247237981160e-04
6.175736816061263082e-04
8.834224754005065312e-04
7.656953194400633158e-04
7.577035325558680902e-04
3.183715338963636829e-03
3.004976048195170534e-04
4.279308005506967283e-04
5.703437935728293898e-03
1.012805196773030464e-03
1.940263920221969602e-04
4.525571425489359825e-03
6.117447893824853791e-04
1.712472436552521819e-03
1.752740147475859026e-03
6.994589758804071068e-04
1.884903317387148086e-03
9.086710171050832799e-03
8.059342186032610478e-04
2.805680089093420641e-03
3.156950602058522341e-03
8.831334710008252858e-04
3.150677545533166982e-03
8.567404909328616563e-03
7.732679486274220658e-04
3.917875250379282762e-03
7.373678313708825673e-04
3.859295687438874054e-04
4.080053472704649013e-03
8.087839740890808218e-03
-2.294433462942578172e-03
-1.630837525935495240e-03
1.002225608618299152e-02
-5.235221083514091366e-05
-3.972010154036189830e-03
3.901894260632391906e-03
1.815239250702303494e-03
-4.111167851990673965e-03
8.611560859009588379e-04
1.789920546969979041e-03
-4.170323940368505372e-03
2.037667137494364369e-03
2.214720109326616219e-03
-4.291790496455649348e-03
6.920518926971696953e-03
1.691102607309171585e-03
-3.004591930531394159e-03
7.912279190600080350e-04
1.811059765387872935e-03
-3.117881492209436268e-03
1.979177217038874219e-03
1.765765659674245437e-03
-3.528800406556988067e-03
3.197566344910238601e-03
1.773497516580308225e-03
-2.728079398279600713e-03
6.147340062398703661e-03
1.996731442695478653e-03
-1.733062508524448302e-03
8.554831730508763443e-04
1.580598082149491752e-03
-1.839492690860190750e-03
1.995937821058415846e-03
1.859110590005459609e-03
-1.889287502570837938e-03
3.410901963950543122e-03
1.869997583913459230e-03
-2.016357226563464475e-03
8.667946202389410076e-03
1.906599615117539944e-03
-6.417797727918025377e-04
7.635804543071518253e-04
2.280472932204766472e-03
-6.995574552320842987e-04
1.912742503345614582e-03
1.594330023623283590e-03
-5.322543460802660244e-04
8.678981334623315710e-03
2.096246203736822078e-03
6.039110265944598686e-04
7.247084213796105810e-04
1.952790383314568059e-03
4.757811992501820449e-04
2.039932948956502731e-03
1.999451958359247175e-03
7.456491526349703393e-04
8.692750551689233315e-03
1.938448939357595349e-03
1.673899549113575316e-03
7.615444276095408331e-04
1.869653609663062205e-03
1.790542756340583698e-03
3.207694635979353899e-03
2.139555027943353810e-03
1.887513683717704583e-03
5.794052911683370347e-03
1.938055073845412367e-03
1.966601458178893376e-03
8.172843771886139155e-03
1.973571982938036873e-03
1.832293875622459335e-03
9.149572406487085224e-03
2.371247257849513380e-03
3.088732101541041483e-03
9.095215373062568278e-04
1.785321022140096917e-03
3.109324511353983144e-03
1.990799863492727535e-03
1.779151300625240063e-03
2.557622317875344817e-03
6.568017320327224594e-03
1.983513216250732281e-03
3.157134181059520484e-03
9.036294965108156857e-03
2.122334504179648577e-03
4.115173293492735071e-03
7.895779127068439877e-04
1.851206387120926666e-03
4.093388559895700003e-03
3.067874988820017135e-03
2.067118718562309648e-03
3.827753086211176797e-03
4.164415377431809201e-03
-1.614519849114873706e-03
4.783679332869387318e-03
3.975281773530186732e-03
3.286380251414642781e-03
-4.244553927651406947e-03
7.705955381995737785e-04
3.322985699907509641e-03
-4.101277446742050865e-03
1.975727578349868903e-03
2.816994711193897358e-03
-3.887910461875694439e-03
4.218364525001027515e-03
3.370564409768639531e-03
-4.053327087622126366e-03
5.391566834642391205e-03
3.131675517318201728e-03
-3.819220126441162134e-03
8.161067179121250098e-03
2.913782064568876465e-03
-2.994549324027007478e-03
7.183148195809698844e-04
3.029453411683729735e-03
-3.192826465539643464e-03
1.744195110913489581e-03
3.014815062252272030e-03
-2.780600318995926721e-03
3.101633692630046540e-03
2.992810405146925385e-03
-2.987266639809058738e-03
9.154346279300161829e-03
2.975225797283190601e-03
-1.889580045944893368e-03
1.681453080535088218e-03
2.700824082866563978e-03
-1.777303311473234400e-03
5.900783399149897752e-03
3.023494690059812511e-03
-8.111091542427299869e-04
9.411754499949001075e-04
2.939744297594767183e-03
-6.183467155306924005e-04
3.039039013795918290e-03
2.852397163841597846e-03
-5.722008462652948503e-04
5.813954466756680699e-03
3.166490364412343286e-03
-6.378236625290533562e-04
8.508679461621650522e-03
3.387803192931889210e-03
5.221912988587802543e-04
8.497542100885503800e-04
3.236907266282843670e-03
4.039576286330954840e-04
2.067312156503794268e-03
3.065333091409332307e-03
7.789814675952009366e-04
8.395027525748992303e-03
3.166981627008322135e-03
2.014641779336963194e-03
8.359337263247808856e-04
2.918055780223566438e-03
1.839159269256834860e-03
1.947083963647400868e-03
3.152258172160932008e-03
1.688632725432728018e-03
3.284870717426737006e-03
3.277822668664989378e-03
3.810105336207543405e-03
9.243976809820012366e-03
3.237209066702246597e-03
1.816398122844063798e-03
8.986133321889560460e-03
3.515458103401569809e-03
3.262809714359339672e-03
1.055121994072881313e-03
3.408032582058012107e-03
3.212789860879285576e-03
2.095881749548385992e-03
2.838972420575694433e-03
2.905410584392710202e-03
3.402324362034019056e-03
3.148651515552572128e-03
3.179371672204704506e-03
8.180878958829851388e-03
3.249753884404599225e-03
4.149788450125177323e-03
6.970324685128400592e-04
3.166896701421790649e-03
4.063621802474833879e-03
1.904406744388531048e-03
3.128126156925627177e-03
4.043551622627722213e-03
3.044393198403695655e-03
3.374901004149184064e-03
4.001850345882167898e-03
4.413587591946307141e-03
4.235524749857525091e-03
-4.301798779915143658e-03
4.239793058443411949e-03
4.275814596283010124e-03
-4.105337175572049656e-03
9.210551725656490607e-03
4.085367107288186486e-03
-3.253208697284705291e-03
9.670772070446023803e-04
4.104177031704519737e-03
-3.396426869868753116e-03
3.011410002449845837e-03
4.171312768399216588e-03
-3.320102147211444112e-03
8.035707667562090248e-03
4.131510102608477834e-03
-2.987140275621146673e-03
9.084327985206978179e-03
4.237163613274259888e-03
-2.005294451009579423e-03
7.253165298232463034e-04
4.240124364150094256e-03
-1.902893521946169781e-03
4.364411345962826427e-03
4.086563216060847686e-03
-1.886265599184991154e-03
8.070622646964393035e-03
4.159812016693372090e-03
-1.692952873207499102e-03
9.045051691916921460e-03
4.127002045526462215e-03
-8.955822886926756866e-04
8.424307770552447172e-04
3.801544480925740654e-03
-7.519595537716170647e-04
1.940870065104015199e-03
4.133320113938248816e-03
-6.278601261390313448e-04
3.190825871001752492e-03
4.185027011908964284e-03
-5.221176991346469873e-04
4.222673476213955994e-03
4.197665630549395413e-03
-5.369174853098160251e-04
8.110527495042142015e-03
4.156348385087716736e-03
-6.524547648943448139e-04
9.277326345332742238e-03
4.345088258531573308e-03
4.997444809293663092e-04
1.749795871732801999e-03
4.285022596880715302e-03
5.241180653217563171e-04
8.287699279896258014e-03
4.056365184471820776e-03
1.655297619687600081e-03
1.987987876322176370e-03
4.135195494332674984e-03
1.911609416838666326e-03
4.315489849756837422e-03
4.098615697845597178e-03
1.896067286757882392e-03
8.094817058802576334e-03
4.402232848234613471e-03
3.162069655811750382e-03
8.391695947974105044e-04
4.418744132371286298e-03
2.904949213429737845e-03
1.800349974946980486e-03
4.052971849371434995e-03
2.758411049341827175e-03
3.060712495571054400e-03
4.163530960812301604e-03
3.410826016679547115e-03
5.442977492702464649e-03
4.271285822436893427e-03
2.938508133475720326e-03
6.829260039776635302e-03
4.180515542835351421e-03
2.837931933747419797e-03
9.094890992821848610e-03
4.422514779008853737e-03
4.204797569796200375e-03
7.159207297516946089e-04
4.234711040221887830e-03
4.077056394905995834e-03
1.765065248443323112e-03
4.279704376246288092e-03
4.117919081777359457e-03
3.049411722865047903e-03
1.142401216273934011e-03
4.930917017903590875e-03
6.580769465610803587e-03
-3.525822776828612358e-03
4.690114577376587948e-03
8.330622986774329983e-03
-3.235836786563957377e-03
4.656869220502621483e-03
1.017309903989225064e-02
-2.814381875451811652e-03
4.803556729095342752e-03
7.152298768557187152e-03
1.840469075353614150e-03
-5.012058809050715102e-03
8.064927547143529649e-03
-2.107325592643368144e-03
4.777604097697196218e-03
8.833433475215127575e-03
-1.983494866933124823e-03
4.739017231579475097e-03
1.012025266845391347e-02
-1.407201037243819208e-03
4.890914126966351173e-03
6.140010228995414210e-03
-1.078451336047146509e-03
4.869994247105300517e-03
7.747307814592109196e-03
-8.430786232691337128e-04
4.857478639168080585e-03
8.900348499467797617e-03
-9.057532083262702155e-04
4.825730003469553067e-03
1.008343817384324374e-02
-6.138107637353910169e-04
4.841798851733785519e-03
4.324239623325789976e-03
1.884104487426775860e-04
4.909969902649859511e-03
7.519349469680875614e-03
1.668683870784693228e-04
4.912077391945404020e-03
8.867601211504285569e-03
2.686267286917836707e-04
4.903531458639857898e-03
1.002982206323038000e-02
7.864320145383734296e-04
4.893519465740047911e-03
3.065443376842090246e-03
1.549184666095654870e-03
4.917379469881050236e-03
4.020231701298787250e-03
4.734069198511000210e-04
4.895131277682450432e-03
3.963410826826644154e-03
1.433191923621395187e-03
4.934644729021478785e-03
7.699582539324270093e-03
1.424188862067791994e-03
4.943911227690060868e-03
8.749992984189500569e-03
1.352535758224264386e-03
4.938153682817658999e-03
9.996873507117674112e-03
1.191498502249662035e-03
4.928195118569027658e-03
5.568873386161197862e-03
1.997761927388068924e-03
4.919277120273696062e-03
2.592236197538181491e-03
8.294924756852476268e-04
3.978027113048283707e-03
3.344174736799965329e-03
2.692625837567550612e-03
4.936379521312073658e-03
3.972656470235597613e-03
2.627453966932872392e-03
4.944371155205068771e-03
5.169084869671516230e-03
2.485161039590512780e-03
4.947528618868085766e-03
6.406177703996307309e-03
2.625513211723197460e-03
4.956345680789181127e-03
7.525355367215912257e-03
2.706768072878335332e-03
4.964234237161721346e-03
8.822766263774017501e-03
2.657918452684285889e-03
4.974936709672198726e-03
9.981765253329503290e-03
4.013956855423616438e-03
4.953495114171674318e-03
1.408909580065537343e-03
2.801731806996529510e-03
4.928851311945539430e-03
1.479025979699947818e-03
3.927433025579796233e-03
4.955962129372058593e-03
2.642000540035471020e-03
3.923195044194285365e-03
4.958462052007262498e-03
3.875834873895120641e-03
3.859664593223356786e-03
4.961069132500562848e-03
5.093961059566396235e-03
3.849959387582581501e-03
4.961216651967874716e-03
6.314066438859303187e-03
3.851531448309373183e-03
4.967224761499134701e-03
7.533277862309756268e-03
3.948022755533884404e-03
4.975196673497029286e-03
8.887692859047269939e-03
3.872709738292729256e-03
4.986170383591950576e-03
9.982387688187653249e-03
5.186342339932665385e-03
4.956225297784990109e-03
1.443850423882333959e-03
5.151058178107797633e-03
4.962167362630566167e-03
2.670446395993277162e-03
5.115804434918647808e-03
4.964824202946949670e-03
3.898948278187483203e-03
5.080991058761756725e-03
4.969102508435506785e-03
7.539171720476089272e-03
-4.090271295337841347e-03
2.529280357733203807e-03
5.094402627810325906e-03
-1.851635159063801106e-03
-5.108429673952993508e-03
6.912149045371729188e-03
2.987041631636487213e-03
4.013866031430955543e-03
5.470934300717957693e-03
-2.718694319025165892e-03
4.795125499042085342e-03
5.327001863694779370e-03
-3.807342328593200844e-03
4.449624934710881725e-03
2.906596600889756903e-04
-2.018013920372552835e-03
4.624079355701374294e-03
1.198431406656071032e-03
-2.106561908744517420e-03
4.670457486489651769e-03
2.430496085852240987e-03
-2.783057870736343076e-03
4.714059745076899094e-03
3.664017723171483082e-03
-8.420876607280424180e-04
4.733309718065945026e-03
1.064888728061827569e-03
-8.677327818427095713e-04
4.769189655989005371e-03
2.488818496610406290e-03
4.734836286325077226e-04
4.853470773084638326e-03
1.644052479915685113e-03
1.540340656940496862e-03
4.898741362999219084e-03
1.329350136678660987e-03
5.051279782141507475e-03
1.669794415796404358e-04
7.747061149429927164e-03
5.008968534517361723e-03
-3.630632359834135101e-03
5.001251283441668534e-03
5.012618164080510398e-03
-3.705724220777140577e-03
6.189534199288235228e-03
5.006641567625230715e-03
-3.671879334089207542e-03
7.414447160938289830e-03
5.003510483155365618e-03
-3.624222622048429120e-03
8.728672519564670620e-03
5.003840583965343813e-03
-3.568071552669191144e-03
1.000339628010589975e-02
5.011919533441310318e-03
-3.119517109532417461e-03
1.971234218353544107e-03
5.009187461872936613e-03
-3.392121573388573712e-03
3.669802491956189114e-03
5.008349159714298691e-03
-2.291074086442048546e-03
3.999774459945659028e-03
5.023086542844610800e-03
-2.312321761087355459e-03
5.502837796780228607e-03
5.011921809269558395e-03
-2.346437503673990798e-03
7.557980478632676628e-03
5.003964682443133756e-03
-2.350014097068237658e-03
8.745519315579446465e-03
5.003197765084897372e-03
-2.344691908003554166e-03
1.000311982529122727e-02
5.010785693081824810e-03
-1.586838113762821783e-03
3.222817063799308934e-03
5.014698805876736595e-03
-1.123284623642664421e-03
7.560482664147370226e-03
5.007140208512439288e-03
-1.122030678560662293e-03
8.779584169507933730e-03
5.004143454272789483e-03
-1.120969920738904913e-03
1.000383519988255927e-02
5.016611495501951783e-03
-6.166513002990846055e-04
4.385089391221084175e-03
5.029602065281346505e-03
-6.244805592297770266e-04
5.101987266645620182e-03
5.034574514523697947e-03
-6.249532897645279422e-04
6.333811293575178879e-03
5.049150682431884953e-03
1.598670679673096836e-04
8.920879798046876460e-03
5.051223779483312616e-03
9.441421918161391994e-05
1.002714425557941873e-02
5.076912560147833764e-03
6.267181337655521956e-04
4.415690617880303238e-03
5.063209346613982247e-03
5.157505188379675302e-04
5.514518076194019347e-03
5.065286607349272878e-03
1.291312486936332157e-03
6.339235199597058855e-03
5.053403302595847399e-03
5.201892875995483461e-04
6.787341589477829083e-03
5.069358467526967164e-03
1.267089195116960021e-03
7.754591040552200401e-03
5.074643251220803918e-03
1.409758137818699049e-03
8.898833493625454838e-03
5.077922349798216772e-03
1.312510876502231277e-03
1.001554673515302023e-02
5.070673217267965271e-03
1.802136900327213362e-03
6.846178342009120316e-03
5.089768545733313297e-03
2.536876292954038173e-03
1.000460394743775058e-02
5.083361574908473908e-03
3.034138611579559157e-03
8.057835903923511733e-03
5.084115056535746732e-03
3.902107709700260510e-03
8.814419418353905758e-03
5.091594830635893902e-03
3.629356365910437615e-03
9.990986566511565400e-03
3.759631698322499476e-03
1.217232696911695619e-03
6.970930834028522642e-03
3.983049347541453740e-03
1.586088826641899284e-03
6.002440677481991026e-03
3.868436196126175466e-03
-1.866671039614131071e-03
6.009001385302105251e-03
1.925431604114047216e-03
3.377032651802380162e-03
5.008942335179233062e-03
-5.551729127106089581e-04
2.893410254651137756e-03
7.445759554289338965e-03
-2.890416107758537589e-03
-2.703114801467782283e-03
5.024629896367133371e-03
-3.838240598528035435e-03
-8.512559814067168331e-04
6.939101926079713385e-03
-3.816002205610709210e-03
5.690212166411578792e-04
6.926728225266780975e-03
-2.832730109726058418e-03
2.378843250707949036e-03
4.971046277728462422e-03
-4.938510406003885148e-03
-5.274250899550689438e-03
1.009066402082726792e-03
-4.943888172205138619e-03
-4.187428577608917277e-03
-2.784421715376686130e-05
-4.943052242264519940e-03
-4.471062376325034109e-03
6.964862311075430005e-04
-4.928079168610008040e-03
-3.382176062586110098e-03
-5.981245710537618350e-05
-4.928627499664104024e-03
-3.141344399838265269e-03
8.260511888338158354e-04
-4.898717328849408123e-03
-2.181032317188046511e-03
-1.109117615631527865e-04
-4.932029423956723127e-03
-1.461525065870735059e-03
4.211108399667653872e-03
-4.844910843342769766e-03
-1.007150516352149899e-03
-1.672620179579178393e-04
-4.879059302376974848e-03
-1.127990718213704594e-03
1.620651237884217829e-03
-4.898030785205095654e-03
-9.063898914971288976e-04
3.202061344186381622e-03
-4.748336750632495967e-03
1.592550485329298374e-04
-2.445803591794642128e-04
-4.825536328165846121e-03
1.754904450703922590e-04
1.807273788013352570e-03
-4.848267569474510805e-03
7.890158409282246313e-04
3.377173264504507947e-03
-4.894196565548501222e-03
2.217581583554751224e-04
4.288892839213270802e-03
-4.922788522033713990e-03
-1.481679957096091577e-04
6.972840109134416896e-03
-4.655109531525734173e-03
1.324274704545356802e-03
-3.371875097280816521e-04
-4.739106352346947500e-03
1.338196967412347326e-03
1.445216289929986955e-03
-4.777836374391599902e-03
1.898802567043741171e-03
2.942077701900384142e-03
-4.866027915520049728e-03
1.917244691821750084e-03
4.539918859819046248e-03
-4.886447272960196472e-03
1.997393401467895471e-03
6.072061266769523263e-03
-4.879028217984836442e-03
2.090872132386155120e-03
7.342739501381455487e-03
-4.570763707308551395e-03
2.491703038203558866e-03
-3.969602059045495082e-04
-4.671007698396996942e-03
2.475755839814760759e-03
1.477435231971869481e-03
-4.802019714889282573e-03
2.922759612498443925e-03
4.065550836850406052e-03
-4.828926480436688574e-03
3.300166832558446006e-03
6.045063769072589292e-03
-4.779736844078795281e-03
3.210290475831769578e-03
8.443162206342814946e-03
-4.733855991652428062e-03
3.198142633260121596e-03
9.427886430494806375e-03
-4.537110355036537944e-03
3.708113921016682919e-03
2.919031032870733253e-04
-4.596098018756491002e-03
3.651705717484713884e-03
1.540067041937848158e-03
-4.697294793634593235e-03
3.446933695016850176e-03
3.017584403713328197e-03
-4.767090919985327371e-03
3.973253210442872704e-03
4.709693284179160278e-03
-4.681994285397794893e-03
3.829037021433550660e-03
9.285166569029395731e-03
-4.715166054129232148e-03
4.664552794891108425e-03
7.371280847221681719e-03
-4.694025669466287201e-03
4.590440562931353760e-03
8.804444921015055700e-03
-4.541779802087047083e-03
4.439988307797542409e-03
9.676197808430963112e-04
-4.581712148601762777e-03
4.489468395684208420e-03
2.077880755329854050e-03
-4.663203795986909511e-03
4.581379955731254561e-03
3.373398233740119816e-03
-4.728140240592616610e-03
4.660778817990125257e-03
4.687231241258442080e-03
-4.762704402143292173e-03
4.685245600689925960e-03
6.022345726119828456e-03
2.301394093942333522e-03
3.544287641958566298e-03
5.977922019054982515e-03
-2.974120944147151755e-03
-3.107462009488882407e-03
5.996410293128867294e-03
-3.643605995226375117e-03
-2.307344819859485224e-03
5.984473804827946178e-03
-4.134275461143746208e-03
3.311224067736743930e-03
1.016815869825984757e-02
-3.506528950023110602e-03
-1.951783325673126391e-03
1.001498425378900478e-02
-3.201942973044453761e-03
9.025433558045944547e-04
1.004314660239914725e-02
-3.205022529100250671e-03
2.223986772555289985e-03
1.006804648130757256e-02
-3.623302072279840653e-03
-3.548650155607074082e-03
1.000769366743500463e-02
-2.122964275050004661e-03
-2.519513521864987556e-03
1.002135090310787152e-02
-2.246546703389113754e-03
-7.473198651041757195e-05
1.002638258650773509e-02
-2.177817937526374103e-03
3.504823388946842842e-03
1.008791709814731846e-02
-1.068734496282502510e-03
-1.235487658618776661e-03
1.002847221051251375e-02
-8.931445325449152966e-04
7.041793699101767980e-05
1.001822133661637790e-02
-9.955961988505344137e-04
1.193153059129344398e-03
1.002719574035323101e-02
-9.917284284057120442e-04
2.571615021635441020e-03
1.003602328150261271e-02
-9.091249199619034008e-04
3.949614278698044406e-03
1.005919388879389885e-02
2.661933177063573880e-04
-1.502941888961564288e-04
1.003092377467872456e-02
1.665237134019157393e-04
1.197399638202476142e-03
1.001464929736157333e-02
7.943304337091137816e-05
2.536833708448130945e-03
1.000668551641010866e-02
2.623049203962018409e-04
4.182218733990192977e-03
1.001643254911245041e-02
1.461077986331619756e-03
1.251704916122849641e-03
1.002361300475823613e-02
1.456575490019772472e-03
2.998578082807398966e-03
1.000912676996378731e-02
2.626300595978740132e-03
3.997539441146962316e-03
9.995707748181089508e-03
3.160694293749117395e-03
2.527450553412447041e-03
1.000603368133067342e-02
4.010803316353248570e-03
3.846277147719060884e-03
9.992620510261654779e-03
-3.244426388807446215e-03
2.433953104329904943e-03
5.938974366089741497e-03
1.408797205950514499e-03
2.710049026771143860e-03
7.460801742202751059e-03
2.101089213571017637e-03
3.280404476913200123e-03
6.945739723411000627e-03
3.049940266933763838e-03
-7.486827199496378553e-04
4.521160150739685253e-03
1.875371380190289433e-03
-3.475705876020961874e-03
6.981254667891006495e-03
7.075581330364446577e-04
-5.040477092070921004e-03
5.797282728349864751e-03
-4.224373184415769131e-03
-5.296237889004783497e-03
8.226487746192271552e-06
-4.224999801595651951e-03
-5.260694677964121262e-03
1.236908754416418980e-03
-3.002254199201442441e-03
-5.271158577838664684e-03
-7.497744090128405824e-06
-1.793066678918297727e-03
-5.215675672670938394e-03
-3.410464762838379311e-05
-1.721715409170800071e-03
-5.194173247716495599e-03
8.485048774869812221e-04
-1.993915311141971746e-03
-5.187765231446581950e-03
1.885765249627866522e-03
-1.795096707093225916e-03
-5.137107447008555303e-03
3.684567720782248694e-03
-5.912249587852245027e-04
-5.140257587458453917e-03
-5.150899370137913878e-05
-3.386597203336818066e-04
-5.107436097680102642e-03
9.553446079628029374e-04
-5.961740711050567262e-04
-5.098888162285479531e-03
1.919070027337241129e-03
-5.927032560931744243e-04
-5.101951676904276957e-03
3.160326479377752965e-03
7.791828798881789272e-04
-5.007200871503253090e-03
-6.266649109833334319e-06
6.188951006522256520e-04
-5.014561783733093026e-03
7.133766515670610965e-04
5.589428049044951495e-04
-5.021463402881749111e-03
2.247987898166773062e-03
2.008212165871815086e-03
-5.003658412420845109e-03
-4.147176940464720041e-06
2.079441635626037062e-03
-5.005396885974409786e-03
1.075662054355932314e-03
1.837912093082242140e-03
-5.008311462295396942e-03
1.937923083358922228e-03
1.766911250221857256e-03
-5.006341821577859653e-03
3.186949224583347697e-03
1.831793693626738691e-03
-5.019997407582806916e-03
4.868369508850262269e-03
1.842834545601452698e-03
-5.020295586786619434e-03
6.840748943976729043e-03
3.568454034362187124e-03
-5.005654198181654253e-03
-4.876426489726012553e-06
2.998528932520495589e-03
-5.004631854169019206e-03
1.814241268659808233e-03
3.061420344366550927e-03
-5.008797826044122589e-03
3.160991711694639134e-03
3.063679123269050057e-03
-5.010922754020026224e-03
4.894885308201936923e-03
3.070940403244754296e-03
-5.019332744592396034e-03
6.842350559754220053e-03
4.177850648504603630e-03
-5.003410463179753902e-03
1.750898153609936050e-03
4.015234280058416032e-03
-5.003629990421301285e-03
2.923757362244839512e-03
4.062158791111949128e-03
-5.005963316355876817e-03
4.065385393895923176e-03
4.015576476210625488e-03
-5.008724289391941822e-03
5.289664716536933431e-03
4.125626967296885245e-03
-5.006099281808806291e-03
7.938955634041403725e-03
3.779380001170390760e-03
-5.004324821792943689e-03
8.908037094128278682e-03
5.001102130993432572e-03
-5.000662062494340768e-03
1.432074616795671589e-03
5.002066908709641713e-03
-5.001803054625720592e-03
2.448971078698229664e-03
5.003026136157885141e-03
-5.001734914572868694e-03
3.879056790298551945e-03
5.001710955713473128e-03
-5.001098164819723670e-03
4.896098273225554798e-03
5.003528081560422620e-03
-5.004119856131430087e-03
6.119756793436252097e-03
5.002024172630506992e-03
-5.001217703347813660e-03
7.495134505769857070e-03
5.001481587715465166e-03
-5.000827326972236836e-03
8.567489206072672128e-03
3.782215480321189736e-03
1.175672466400562921e-03
5.033822343666623234e-03
-5.321858232712672540e-04
3.746166609398890717e-03
6.921766320560050929e-03
-1.994444897470287921e-03
-5.122649699678567640e-03
5.478142864363371757e-03
-4.947253992013758012e-03
-5.230076585177866402e-03
2.464047613706714379e-03
-4.954297941979298250e-03
-5.176839961498055573e-03
3.753764414615981017e-03
-4.951740165899668616e-03
-5.162795047236249171e-03
4.908500435771247748e-03
-4.952681436916791385e-03
-5.149562602520012071e-03
6.126959407051596820e-03
-4.952371302971163465e-03
-5.146225209091706554e-03
7.343243850801713102e-03
-4.957165322740193433e-03
-5.151778168084987855e-03
8.562923224430805599e-03
-3.057250249560940127e-03
-5.206816681717545657e-03
2.272074913768037593e-03
-4.236818148962984143e-03
-5.197604554211314627e-03
3.181447054940118868e-03
-4.057516615061658449e-03
-5.148652010148543554e-03
5.600532913664689992e-03
-4.238537633130898957e-03
-5.144127735726551805e-03
8.060955742012385419e-03
-3.012566848360651636e-03
-5.155064913899236670e-03
4.405272444186750756e-03
-3.081300212683872608e-03
-5.126784773973895072e-03
6.647646743843354210e-03
-2.947975876516260862e-03
-5.134391817651987218e-03
9.141542001595028694e-03
-1.810951834682215152e-03
-5.114433751254166341e-03
8.418735995841270664e-03
-5.762831916873954741e-04
-5.090130181743210760e-03
5.631992296645112715e-03
-7.043932230071013546e-05
-5.072015665790628389e-03
7.365515680143652766e-03
-7.289007432015936821e-04
-5.081130146747284138e-03
8.276503888465295417e-03
6.635751004434803715e-04
-5.019366009878380164e-03
8.484505352945969150e-03
1.582069845606718728e-03
-5.002298865903329582e-03
9.186522047954925538e-03
-5.174860154636092870e-04
3.729989118474279393e-03
4.984196123320533238e-03
-1.267970357588668736e-03
3.927332024542733689e-03
5.944236029236449510e-03
-5.647668525517200505e-04
-3.944827823598092212e-03
5.040516282250135684e-03
-7.255884302464667016e-04
-4.250129589754909898e-03
6.010487566222294867e-03
-3.993496443429195297e-03
-4.035888776030291739e-03
-3.967016210621975556e-05
-4.180539388078897620e-03
-2.169196069748662980e-03
-1.047134639975968805e-04
-3.531577645273654541e-03
2.017653806729216418e-04
-1.992957732849238279e-04
-3.730896568930592346e-03
1.142468249678238370e-03
-2.636696630490278589e-04
-3.464606204576114144e-03
2.609188341838962651e-03
-3.438357249512030895e-04
-2.862449504041537657e-03
-2.476497894106173027e-03
-8.504895945773963324e-05
-2.902506449793559613e-03
-9.488291693542277904e-04
-1.403530658279172167e-04
-2.249877471849606649e-03
4.640248759970299881e-05
-1.646078366987828402e-04
-2.186986195924585721e-03
1.476442579968174299e-03
-2.202745072920152107e-04
-2.176656369165797661e-03
2.647258192977469931e-03
-2.734433091024679637e-04
-2.795121303541791766e-03
3.455261358086082323e-03
-3.466325302516929611e-04
-1.624293003906271751e-03
-1.138205120970541950e-03
-1.165064293093646410e-04
-8.123696223371589800e-04
3.297786512916529053e-04
-1.439562758503541576e-04
-1.397616263588679058e-03
3.624946456918505186e-03
-2.776048731691709535e-04
5.899183695417945569e-04
-7.892880559165846993e-04
-1.150107718454511851e-04
8.400739703467482159e-06
3.002446977074506594e-05
-1.231589006406797404e-04
-3.514365104497098997e-04
1.600997051678632131e-03
-1.546455438358740060e-04
-4.549692761908189680e-04
2.980485507570653642e-03
-2.096071261256161368e-04
1.437960754899003830e-03
7.444144251763631839e-04
-9.773211001105593446e-05
6.915687178923856640e-04
1.408013319503311454e-03
-1.193343248106878062e-04
8.949499896346382617e-04
2.888706240736161040e-03
-1.294257760031735185e-04
2.405150609421287302e-03
3.010731235595321027e-03
-7.254960495846797671e-05
2.824586868677935163e-03
4.133554314978837504e-03
-6.188309618850409196e-05
3.974668656251862525e-03
4.054768007509596504e-03
-2.714836971168700037e-05
2.589800547111101390e-03
4.920968425240341594e-03
-7.440542229863725189e-05
3.722899074306473734e-03
4.942989711009634045e-03
-3.561465533763471885e-05
-3.089334843379810003e-03
4.471464445149406566e-03
-4.275860607856044504e-04
-2.121470215234403517e-03
4.555577741434926366e-03
-3.739449041369980408e-04
-9.553496714588533391e-04
4.687982240921132263e-03
-2.875728643605763224e-04
2.213030153037295346e-04
4.791616956260309930e-03
-2.040524405581695393e-04
1.753454898650526816e-03
4.870116957633228646e-03
-1.208930311693032320e-04
-4.158905248264056949e-03
-5.586646422691153363e-04
5.965584121014080171e-03
-2.417494024964600766e-03
-1.954244247836095776e-03
7.472644592643459989e-03
-2.291716957377686308e-03
-3.955442060794209062e-03
1.002460222846379874e-02
-9.347672159137885607e-04
-3.671165656844064054e-03
1.003641045928504484e-02
-1.043985032778250912e-03
-2.475995223531521783e-03
1.003343739659886928e-02
1.287792495591662007e-04
-2.154665328340160235e-03
1.003929062507000029e-02
8.778586854779040632e-04
-3.865836397535186725e-03
1.005165928912958410e-02
1.353803657491778030e-03
-2.367240488198188095e-03
1.004691536312782817e-02
1.367284130821463982e-03
-1.159425818146205900e-03
1.003842957421975483e-02
1.409561016117362800e-03
1.562902879265713480e-04
1.003078508238849226e-02
2.564568451524575684e-03
-3.576384038360623865e-03
1.004295425713954901e-02
2.620427499999468304e-03
-2.379952762984537378e-03
1.004927753314834374e-02
2.728862851064612748e-03
-1.070403023788189020e-03
1.003914549260846723e-02
2.532583802307355244e-03
1.240441949737572662e-04
1.003025818983072255e-02
2.905548644560553787e-03
1.343222447563564370e-03
1.001812700509990307e-02
3.839949338074571429e-03
-3.678998782101069401e-03
1.003495468487635052e-02
3.958435625723101536e-03
1.237057436549114360e-04
1.002708121345985588e-02
3.839796524657305803e-03
-2.510743007966170001e-03
1.003911636323959709e-02
4.014848383966508442e-03
-1.201156000458506812e-03
1.003795817686425375e-02
4.084886606383940702e-03
1.327430582154767421e-03
1.001697738854258508e-02
-4.020562483588988392e-03
-5.158302081149391920e-03
1.000774230198442014e-02
-2.734294125803896341e-03
-5.133744389755143939e-03
1.001831116005425307e-02
-1.809699999457320624e-03
-5.108737044593429991e-03
1.002463161655072106e-02
-5.933933294648488510e-04
-5.077164022910246946e-03
1.003320232812113071e-02
9.754202515089061042e-04
-5.007264942978689043e-03
1.000501925512562937e-02
1.836694791784279244e-03
-5.002025270584021556e-03
1.000309429170478590e-02
3.060213543945617710e-03
-5.003307423577903895e-03
1.000378284563289630e-02
3.089704721149172037e-03
5.964542068180085253e-04
7.486360299577925898e-03
-2.838674776108118109e-03
2.388069287755672631e-03
6.917936604781423256e-03
1.831679792570700379e-03
-3.887128109702097344e-03
6.012698655606068046e-03
-4.935455420151784074e-03
-1.133778327937598300e-03
6.474192277218755905e-03
-4.943967467249272760e-03
-4.598410853728182590e-03
1.580479866300375054e-03
-4.944242231665904076e-03
-3.675497088255404946e-03
2.142406008086488421e-03
-4.950173974884453966e-03
-4.437531095120740912e-03
5.614541857161528191e-03
-4.950086087741043840e-03
-4.426076819856760748e-03
6.837171007006137384e-03
-4.957099816091020683e-03
-4.091504163784951027e-03
8.131422302694131174e-03
-4.961239790794712799e-03
-3.770763785989587110e-03
9.084441885297160624e-03
-4.936096963196140094e-03
-2.418257242647373594e-03
3.348252833374666497e-03
-4.946825087934077735e-03
-3.646938614363811736e-03
4.422344891422818301e-03
-4.946620068745832474e-03
-3.212193593173213579e-03
5.600871469143711180e-03
-4.951929545569690866e-03
-3.227660319979053054e-03
6.884856642007664874e-03
-4.950784451430120456e-03
-2.845859483047960201e-03
8.337708265403960192e-03
-4.943783449414308924e-03
-1.969785668191923172e-03
5.740951589980379868e-03
-4.952559330958345406e-03
-1.812318327110216997e-03
7.314764887569762120e-03
-4.916869584178009712e-03
6.426277080813433678e-05
5.602416204828401455e-03
-4.908127473303143182e-03
-3.349543761728814646e-04
9.310536663357462175e-03
-4.901737154078318441e-03
9.220908995937797609e-04
7.060065689195310981e-03
-4.914000085634570580e-03
1.489042641425863804e-04
8.125775173431815795e-03
-4.853324226141638408e-03
1.413692199695043518e-03
8.734180092576393842e-03
-4.959091268896028380e-03
-2.524913462400773211e-03
1.001183914426076980e-02
-4.961888900199733568e-03
-1.527709686756893032e-03
1.002295638667197175e-02
-4.840794152168882356e-03
8.172380006408934503e-04
1.008069682336206092e-02
-4.777460480190431555e-03
1.986738977024169080e-03
1.013676576753410816e-02
-4.702599431332231232e-03
3.166823124218298008e-03
1.018033434781126512e-02
-4.672900476016891499e-03
3.730281751345052368e-03
1.017845029109944004e-02
3.070621684130629258e-03
-6.633130771692014862e-04
7.488797024024743294e-03
-2.320085902785671682e-03
1.728510806115918751e-03
7.441860510640247763e-03
3.113870679715585819e-03
5.562297661602410345e-04
4.515927579424559857e-03
-5.647777985087604462e-04
-2.140014625208610122e-03
4.689654753907868991e-03
3.744790349970699567e-03
-1.245749668337486904e-03
5.038935055598088228e-03
-3.013630119988935235e-03
-2.546615814797492400e-03
6.958973979632615721e-03
-3.017926721253936118e-03
-4.561741870482717391e-03
-2.373400787695258965e-05
-2.788069192283949838e-03
-3.714153798810976119e-03
-5.048319503336420536e-05
-1.802123230883198070e-03
-4.507600287877854862e-03
-5.045058352578954365e-05
-5.862095058111045599e-04
-4.429124800040624456e-03
-6.544354679059117478e-05
-5.828451664072043350e-04
-3.224760529840508833e-03
-7.943883050986612717e-05
-2.766613623855207742e-04
-1.170648961546369047e-03
-1.083321912457208577e-04
6.330380167278600295e-04
-4.326968386420245241e-03
-6.412586381787145368e-05
3.713529309687648924e-04
-3.332163490914179065e-03
-9.247077605162063070e-05
6.873857471464820453e-04
-1.948886392650572797e-03
-1.040203769597128174e-04
1.455423947710035408e-03
-1.429227562854208428e-04
-1.017582610051721029e-04
1.856869429985993133e-03
-4.308024439848054388e-03
-5.211458799785190877e-05
1.881642015029562007e-03
-3.108665870120300937e-03
-8.546687851244448380e-05
1.995206083473348262e-03
-1.173719953850202316e-03
-9.272057349416167168e-05
2.647572489996339023e-03
2.423050501227080997e-04
-8.204044999883877698e-05
2.328504304218563439e-03
1.694525398418834710e-03
-8.480252445651398948e-05
3.075421235523908160e-03
-4.308870358175931857e-03
-4.085296158016224407e-05
3.593716829088867276e-03
-3.082423537774486334e-03
-5.974373744372435191e-05
3.230399418749006508e-03
-1.779109770104162803e-03
-7.106065390574720466e-05
3.723174883770221169e-03
5.884049547369440709e-04
-5.414962926275758919e-05
3.404658366992743563e-03
1.490538775653679543e-03
-4.990106403632630613e-05
3.517567583137364440e-03
2.630960284583603540e-03
-4.447557118315226607e-05
4.387069732444052843e-03
-3.952373942522246358e-03
-2.331403198708872923e-05
3.900753972168199968e-03
-4.469081267372862314e-04
-5.529101562140641352e-05
4.371437059526223079e-03
1.862177676763874992e-03
-2.655288181118155527e-05
-7.665006852617295592e-04
-3.903671380598866709e-03
6.976959916476825445e-03
3.598822209910501960e-03
-1.629619206491083249e-03
6.976329491751135335e-03
5.016545346571676597e-03
-1.124234816764135923e-03
1.428404391913435387e-03
5.082325171647003419e-03
8.596639791592194295e-05
2.655759642382648968e-03
5.134416532422554115e-03
6.274679755546170570e-04
8.835765197913547728e-04
5.156242771373806960e-03
1.683316364188179636e-03
1.583253288977301901e-03
5.112870265320431686e-03
1.327588326361641259e-03
2.904821627267365793e-03
5.141095981647461274e-03
2.530228366324539097e-03
2.644456570823419672e-03
5.106743472474187771e-03
2.131786612759468263e-03
3.847344282721841102e-03
5.082564419710298986e-03
2.180434326935293265e-03
5.442136052598334738e-03
5.195629614477234939e-03
2.990448709185649159e-03
1.057849128807073977e-03
5.143708007922328032e-03
3.798892929502770219e-03
2.689394889544843500e-03
5.104132194391351046e-03
3.626518514924763435e-03
4.456047182212152791e-03
5.189007440873541488e-03
4.242536721837328502e-03
1.447467517520354069e-03
5.082705039570477833e-03
4.000230637319410372e-03
6.226308720992260529e-03
5.081748424482872110e-03
4.968021977291337682e-03
5.470385197042432202e-03
5.086837163010189851e-03
4.981098428860563157e-03
9.114204207917463510e-03
5.005908883343468570e-03
-2.700378069589098613e-03
-4.445778693710461974e-06
5.004713773184286604e-03
-1.839663125976691380e-03
-5.187848923896736233e-06
5.015361458965383358e-03
-5.351003129993191134e-04
-8.708208901083706237e-06
5.166644398342945185e-03
9.612450695789322456e-04
-1.323235353816262562e-05
5.213353945579994077e-03
2.054392875812475865e-03
-9.270746947461788352e-08
5.236183700144975139e-03
3.382097369675671292e-03
9.606672522201409954e-06
-6.430425719880369321e-04
-3.090556363006540571e-03
4.520615375093542561e-03
1.324543599689718314e-03
-2.848577384624997356e-03
4.522604628849585633e-03
