-4.374513723716404526e-03
-4.387391504521511408e-03
-6.114457704997353690e-04
-4.625660817711269544e-03
-4.679757622598741326e-03
1.005818099452554341e-02
-4.937768764761481070e-03
5.309863043918733837e-03
-6.737087586146712793e-06
-5.005736244643113272e-03
5.079617857727978733e-03
9.960450707293800818e-03
-4.124524387080355688e-03
-1.428774042408224344e-03
5.863601837526090550e-03
-4.186519786793020149e-03
1.631866553326608319e-03
5.923916005680334232e-03
-3.774939387097697371e-03
-1.286190147630971456e-03
4.899035524870948288e-03
-3.808759435483540824e-03
-1.322931744882323421e-03
6.844796370259221933e-03
-3.843296632006316157e-03
1.528954713021398338e-03
4.960293545034913203e-03
-3.865218670487212318e-03
1.498024870808059052e-03
6.892527694541954186e-03
-2.937178022030741738e-03
-9.683194629766176927e-04
4.403412628034575511e-03
-2.981838988769325641e-03
-1.027668710598920662e-03
7.377415960935869085e-03
-2.996810259605681495e-03
1.240200102785320949e-03
4.449571947508626502e-03
-3.033017894331072571e-03
1.189220794340578938e-03
7.414157355313776877e-03
-2.125394842188290095e-03
-3.786141303832879675e-03
5.855642018883508784e-03
-2.219726174666870368e-03
3.984862736427503653e-03
5.981967859903296499e-03
-1.998732945679704276e-03
-6.410070948795874466e-04
4.604982751970377111e-03
-2.038048746920929823e-03
-6.808177401676724977e-04
7.217902670769676780e-03
-2.042642244331492000e-03
8.894997272568112802e-04
4.631435668376397349e-03
-2.075411492155856529e-03
8.501348128859938713e-04
7.244426174877886468e-03
-1.927490051542267869e-03
-3.456285723399920608e-03
4.889999667996752439e-03
-1.966778862119938995e-03
-3.494442891802977333e-03
6.835492622765857416e-03
-2.040348509648646624e-03
3.695036521461712853e-03
5.014584218176279008e-03
-2.053068408489219787e-03
3.667721675609446081e-03
6.945268269078506973e-03
-1.478931711950196015e-03
-2.682634154039417653e-03
4.398049757671680833e-03
-1.533262066877192232e-03
-2.736252963009561199e-03
7.372250429530399427e-03
-1.591127745752359511e-03
2.930552291680824789e-03
4.490046234987412482e-03
-1.612827185320427244e-03
2.889408633353527170e-03
7.455005971733326409e-03
-1.403840200258349999e-03
-4.374232361389655756e-04
5.411674186095045622e-03
-1.417056226409509501e-03
-4.531692522110411254e-04
6.441132601382132915e-03
-1.432256406623202798e-03
6.445529380452306350e-04
5.426947566615225767e-03
-1.442556094790689407e-03
6.310300594445578722e-04
6.458603182498972792e-03
-9.907233702649599627e-04
-1.822537670275676484e-03
4.605136345048379751e-03
-1.032046525014990255e-03
-1.864913763061502817e-03
7.216677883954623375e-03
-1.080748204769995096e-03
2.044719879646688786e-03
4.659845456037121393e-03
-1.103421923508787934e-03
2.014370306025828512e-03
7.274024575139721900e-03
-6.889541138932381336e-04
-1.274707209708202116e-03
5.413626480361247682e-03
-7.033582941132090040e-04
-1.289947292544354682e-03
6.440615320985947252e-03
-7.510488145319577612e-04
1.458905631214421151e-03
5.446370848297398329e-03
-7.602287784647659020e-04
1.449494094664683383e-03
6.480833495027790540e-03
3.791853822626315242e-04
-1.487442751578769984e-03
5.420636922994524938e-03
3.670436259017997925e-04
-1.498805453291697769e-03
6.452455745645653898e-03
3.158419190302687437e-04
1.625320471050469657e-03
5.462554373297401344e-03
3.053054900791254663e-04
1.613686999614243837e-03
6.492927621275888274e-03
5.126323353866539491e-04
-2.130100391800529742e-03
4.621698662478533441e-03
4.731246068498468006e-04
-2.162092625657130712e-03
7.233991918944000267e-03
4.304911570203752945e-04
2.277822682161205221e-03
4.680164145395135714e-03
4.114520458520274466e-04
2.252540569973115071e-03
7.287638743108379447e-03
6.982058853938330392e-04
-3.121707904650591892e-03
4.427896690593456294e-03
6.495288543180748530e-04
-3.158318489194500683e-03
7.403250964137806159e-03
6.012918972132858713e-04
3.267278462927464353e-03
4.510935915932647207e-03
5.834645663684729635e-04
3.237976636559456670e-03
7.477484994294790986e-03
8.447946220721885228e-04
-4.004549325014668433e-03
4.939730281262616311e-03
8.104897785998847184e-04
-4.028261057981131175e-03
6.877165977299919998e-03
7.492634704102832215e-04
4.133190215252032472e-03
5.034211297868148791e-03
7.401805049004864419e-04
4.114587028559448488e-03
6.971355526327092413e-03
8.840672170610398145e-04
-4.365470426846555264e-03
5.904357867466066695e-03
8.041941658438716677e-04
4.468125908609956246e-03
6.006340528512032519e-03
1.304668738325809492e-03
-9.641274512312632446e-04
5.435373025956537554e-03
1.292816248885927726e-03
-9.732213461573506388e-04
6.469192490892733058e-03
1.259769346677286697e-03
1.072404285094275987e-03
5.467036116689757454e-03
1.251876010416490227e-03
1.064253648569280343e-03
6.495200649125459566e-03
1.650456238653944712e-03
5.164248560516695611e-05
5.456511505704480722e-03
1.638880875605168127e-03
4.134413033206525858e-05
6.487274144061153103e-03
1.827855352621053859e-03
-1.385949132306051783e-03
4.647459096473020163e-03
1.794728857121007841e-03
-1.410718253461742087e-03
7.263634159116397725e-03
1.764343293005230569e-03
1.496319712312586814e-03
4.685764618885595797e-03
1.745602579812352171e-03
1.476263630111227963e-03
7.292703782902573706e-03
2.313212042452189587e-03
5.131489032967161129e-05
4.673071370431556952e-03
2.289539712016206135e-03
2.915598113617310410e-05
7.283162275591795187e-03
2.613476441232977666e-03
-2.038468480559617584e-03
4.478060570265105823e-03
2.570495101240700183e-03
-2.067274095220161204e-03
7.445771051857411928e-03
2.532143728309165735e-03
2.138200628225100236e-03
4.513956615335368121e-03
2.516326549648731196e-03
2.119216229981648464e-03
7.481490888972489733e-03
3.286645568059261453e-03
-2.619166702273724879e-03
5.000344952410903931e-03
3.258719635793640591e-03
-2.635311979075374584e-03
6.933704484859771859e-03
3.205369433894393952e-03
2.704045548758946243e-03
5.035374943347170791e-03
3.198562708661879025e-03
2.691571499862941211e-03
6.975547430995098462e-03
3.318740323420853178e-03
4.647236528120752869e-05
4.503198457246046504e-03
3.292803526777016068e-03
2.498034358681809307e-05
7.473660518583725466e-03
3.542609353938692973e-03
-2.852274925565799913e-03
5.969240943166237608e-03
3.473264615413138197e-03
2.922584940164352392e-03
6.008513503620833453e-03
4.197964691993040336e-03
4.304811347045642489e-05
5.027666161725008465e-03
4.182215868129497520e-03
2.546891260006333284e-05
6.965311237744760582e-03
4.543367757225038293e-03
3.132946214723981331e-05
6.000035193064072458e-03
5.315938211768989584e-03
-4.929718802879460432e-03
-1.622675431381409521e-05
5.091377815587529165e-03
-4.999747440610004777e-03
9.956712417631853954e-03
5.001457128127267428e-03
5.001973708383070788e-03
-1.239009106513827882e-06
5.000436213248477500e-03
5.000268584614775413e-03
9.999952997828739226e-03
-5.219826739128018015e-04
-3.299195585526176581e-03
2.349294032985147634e-03
7.175742490924371178e-04
-1.063274310113930749e-03
4.137611021830732774e-03
-3.592029734067124416e-03
-3.678737088011027351e-03
5.210427904387359387e-03
4.180420707439556384e-03
4.717056647167449149e-04
3.535828285362801939e-03
1.437317243170758941e-03
-4.158838258237435113e-04
3.155412268530430331e-03
-3.589302653995427635e-04
5.061804865945614303e-03
5.861010131297855232e-03
-3.855705234622875451e-03
-5.538595892134757912e-05
9.966807330261538006e-03
7.306996293782032185e-04
-4.885088746121920428e-03
3.847363579721926191e-03
-1.039126261110113374e-03
-2.157500092314409827e-04
1.126516136045000501e-03
-1.487975702388407578e-04
-1.141132610851833739e-03
9.704197314235023112e-04
1.954917452193778975e-03
-3.599577725389607394e-03
8.562202996292598428e-03
3.587727261535513489e-03
-2.733837080735864854e-03
8.361927293099934849e-03
3.617460462268852830e-03
-1.411637310919441109e-03
3.798655060256263261e-03
-1.301226270904672772e-03
-1.187030106445735849e-03
1.804685102775296403e-03
-1.107123211422562188e-03
3.930556739881235252e-03
1.640930584056771125e-03
-1.608388687074700394e-03
1.187916313810560235e-03
1.900125100042060478e-03
6.101954226974906246e-04
-1.400237381372749059e-03
8.782242970346472444e-03
-2.853340351306057025e-05
3.747320962583685234e-03
1.760903061591989399e-03
5.992585134534385944e-04
-1.904702244576211151e-03
1.311048993861658324e-03
2.714133844607317329e-03
4.040278353995881556e-04
3.102198250356619138e-03
4.010118317135952931e-03
1.470110569515389008e-03
3.044249159279333386e-03
7.934999991735439519e-04
-3.270728036147787111e-03
5.727160860528384898e-03
-3.696357938379221924e-03
-3.662246377065404151e-03
1.253293174918362505e-03
-6.291920561883945296e-04
2.861101705353764121e-03
6.399797783965435576e-03
-3.627618854375538188e-03
-3.985578271849298318e-03
6.689107871473942181e-03
-4.052534919468526488e-03
-4.019821729394701566e-03
7.928521765981721633e-03
-4.028963540958094280e-03
-3.946082590086440710e-03
8.981233047470208244e-03
-3.532743293551392910e-03
-2.690416050618570261e-03
4.343566919064747144e-04
-3.870165364631889416e-03
-2.495834153125076581e-03
1.391745101878878602e-03
-3.385010788767813580e-03
-2.503451548871860142e-03
3.068197521945237403e-03
1.921599719437740899e-03
3.904785618612452089e-03
8.177545122616990819e-03
-3.919126085751909253e-03
-2.892574668040169810e-03
6.540170147028233003e-03
-3.941676624588166637e-03
-3.114200501755359611e-03
8.164849870038787608e-03
-2.760978420060790708e-03
1.027809088039156665e-03
6.010921021736848231e-03
-3.844341669397962225e-03
-1.315044708537458761e-03
8.387048176994959083e-04
1.976314348798518129e-03
-2.036972947935793404e-03
5.307223598937220801e-03
-3.815364765624242298e-03
-1.709993910547643941e-03
7.999958068281019449e-03
-3.930539772271667877e-03
-1.712011207253846075e-04
8.089449678743951310e-04
2.066279725571903200e-03
-3.316227405399442031e-03
4.970731080465354799e-03
-3.078924311412538795e-03
4.085302491882512009e-03
8.867225071611761072e-03
-4.113233672395093590e-03
-5.990556144208333605e-04
7.729216689287541665e-03
1.056508224758982099e-03
2.994786412272074701e-03
5.840577723550697230e-03
-3.968800089632486087e-03
1.098230126411258150e-03
7.372865814398133714e-04
-3.672823965721476718e-03
6.502164490878407097e-04
2.811514647850833076e-03
-3.988614929655211888e-03
6.948233437249429429e-04
7.870389093407597833e-03
-4.187076632280377873e-03
2.313414269419652568e-03
7.697673173604883436e-04
4.862292082325438071e-04
4.914718744452627929e-05
7.006369313610747752e-03
5.260892858898708752e-03
-3.918585543482933607e-03
9.002433294946084706e-04
-3.518585692606592159e-03
5.196867637295069127e-03
2.270407548682005106e-03
-3.918600930315195921e-03
3.129124805474506159e-03
1.515026050067405563e-03
-4.079447574271419415e-03
3.114340697366011022e-03
2.933340834296427509e-03
-4.147807751002929866e-03
3.199612843275317312e-03
9.139722736273708098e-03
-3.989396955929703538e-03
4.246198493326420152e-03
2.675925403518757909e-03
-3.898653966679722135e-03
4.210352524321997816e-03
4.204019831264603838e-03
-3.785406685010670857e-03
4.055216267164110655e-03
5.565285675337670879e-03
-4.049780622597299456e-03
3.992253465387408592e-03
7.247892727825499225e-03
-2.560394933563873467e-03
-3.672192412037797449e-03
5.992190090559593348e-04
-2.331203272695581835e-03
-3.723529194425000566e-03
1.837142961845661220e-03
-2.698169541158712288e-03
-3.678945234878307647e-03
2.898693242721451808e-03
-2.791881021256736786e-03
-3.976792545722205099e-03
7.742539389757127286e-03
-9.400436928405935975e-04
-1.899426362110920525e-03
8.586042196497748955e-03
-2.705133944050988181e-03
-2.772709563386489742e-03
1.613036778160362303e-03
-2.871471301181458251e-03
-2.749707688709817147e-03
8.097401710581823148e-03
-7.902806551885063974e-04
3.142343845113878750e-03
2.685597884955440162e-03
-2.681794212690161855e-03
-1.755371561343885582e-03
6.717634638460513296e-04
-2.758211359256459213e-03
-1.600312100500943290e-03
1.847205642774639271e-03
-2.659650183960314811e-03
-4.021871816798294687e-04
6.560537233810428666e-04
-3.161860078657743791e-03
-4.702567656096634540e-04
1.706578537944982441e-03
-2.889033547730325557e-03
-6.061639122018351762e-04
3.054900781683965536e-03
-2.981161821063593818e-03
-7.142776187681801727e-04
8.946393493591126705e-03
-2.959060129402839908e-03
9.062581343618358485e-04
6.039723170581314145e-04
-2.827108726037069492e-03
7.652946950460428775e-04
1.653551095807719680e-03
-3.166770073111243797e-03
3.805762301701079995e-04
8.697771561404679663e-03
-3.021456069672706028e-03
2.378191474745776531e-03
8.280205910780437731e-04
-2.972945710510212572e-03
2.108197842744255045e-03
1.940313343799384077e-03
-3.427430821899665487e-03
1.949967851370699133e-03
3.198661930242440148e-03
-2.716562786804886491e-03
2.032347066022536716e-03
5.826085063460817275e-03
-2.978696441012588288e-03
1.590459522682277681e-03
6.578272087841752561e-03
-3.188606749111452202e-03
1.771905280106764223e-03
8.423844245218180607e-03
-2.809116431799268173e-03
3.570061560835439528e-03
8.353112676904954608e-04
-2.942296060143174356e-03
3.428573395911667463e-03
2.184856875296514733e-03
-2.835622270126325270e-03
3.401899503446189146e-03
3.306902137480800634e-03
-3.484903315483731719e-03
2.916443363280942554e-03
4.286433503583517851e-03
-3.312473458630120667e-03
3.136027781159751032e-03
7.905274381932697603e-03
-3.170617656696745300e-03
4.316450962571129896e-03
1.579762895943322967e-03
-2.966443952179734396e-03
4.352785319385587062e-03
3.093651752426476373e-03
-1.683921216227389408e-03
2.025088760705965208e-03
2.850631100099012584e-03
4.043058860255420266e-03
-2.953722317147059254e-03
4.280013199313613403e-03
-6.366254696769985035e-04
-3.779256276685912831e-03
7.897520404151025034e-03
-1.256091439962367731e-03
-3.806611264027863050e-03
7.075450600503562512e-04
-2.283560162034991778e-03
2.095272032512253326e-03
9.981184197442250633e-03
-1.339679774685746628e-03
-3.963822647747126428e-03
9.257271215647873766e-03
-1.692098336640217825e-03
-2.709062701053020251e-03
3.921376188471858743e-04
-1.488636287650691673e-03
-2.569673600172983109e-03
1.617496333990665587e-03
-1.535814953881939294e-03
-2.913501310699057826e-03
2.811992129264233135e-03
-1.741518524776879346e-03
-3.109314334903625406e-03
8.746370314415483072e-03
-1.439143982138188635e-03
-1.326567551158498249e-03
7.424217068977448201e-04
-1.678386136100556199e-03
-1.573806054673759303e-03
3.144496820711158852e-03
2.038061782760464385e-03
8.888515918662962803e-04
3.619342481497346553e-03
-1.770264489025041073e-03
-1.873531496715911948e-04
1.916322470408587768e-03
-2.534395478186837400e-03
-7.567465361961521302e-04
5.882103782612774570e-03
-1.718848375866155508e-03
-6.984336980842005115e-04
8.834534855212357318e-03
-1.815677632727766147e-03
5.988185829181100336e-04
8.424977002149477588e-04
-1.839562710312307768e-03
7.161871271297934197e-04
3.112338553321874948e-03
-2.003854544178687146e-03
5.185827808416919402e-04
8.754833311155044498e-03
-1.873223723255712514e-03
1.891245750268203199e-03
9.130025835010561726e-04
-1.628390665872864835e-03
2.020178236192787628e-03
5.564005987891473826e-03
-1.942847490916159003e-03
1.862589573081608208e-03
6.551410954608835255e-03
-2.053044897700197994e-03
1.945947294088850666e-03
8.800289069960961705e-03
-1.687086741022048812e-03
3.070721516660906980e-03
7.576716861995220261e-04
-1.969351009279823699e-03
3.243430909251574911e-03
1.786600489692901630e-03
-1.720633297083777559e-03
3.024147179014427880e-03
3.037652133844917415e-03
-1.718854210477799380e-03
3.063457714508713379e-03
5.641298967566731916e-03
-1.862326826297070782e-03
2.934522453635634437e-03
6.424276502495832736e-03
-2.005141698172287559e-03
3.254508822049083892e-03
8.899356266223639247e-03
-1.815729845776052577e-03
4.230875598921031953e-03
7.572776839444082635e-04
-1.729825262231578838e-03
4.103589605540226837e-03
3.102258900183246619e-03
2.697734486800106544e-03
7.419502754097109971e-04
5.820861578904752351e-03
-3.855300701317555768e-04
-3.936143220406748862e-03
6.313980137710565894e-04
-7.610706162413629272e-04
-4.095688287059650462e-03
4.153355181360454500e-03
-2.650993802879598451e-04
-4.413538718449454279e-03
6.782631735216052872e-03
-2.111440234891799443e-04
-4.101689686728997829e-03
8.948748513353378328e-03
-3.027083007513544873e-04
-2.667390977351310512e-03
7.543629928447200244e-04
-6.215751250053635612e-04
-2.562284876951128210e-03
5.571002303480124089e-03
-4.235834962254224605e-04
-3.037434992497525885e-03
9.104165412010383276e-03
-3.166421038520799390e-04
-1.846413195439588865e-03
1.909461070698267654e-03
-3.548571312901507694e-04
-1.968915903372072795e-03
3.182272617811051762e-03
-3.651596099442154606e-04
-1.580426727922631903e-03
4.108037907217921593e-03
-2.608770927883315052e-04
-1.284295696591347506e-04
6.036499804313223303e-04
-5.738130768771238649e-04
-4.476489524639872724e-04
2.758376588954773723e-03
-3.705139295192653179e-04
-4.229467888113853501e-04
4.393493050225784520e-03
-3.528977472775287759e-04
-2.404980217417605867e-04
5.829697729462197248e-03
-2.981981197945497209e-04
-6.883409013048415919e-04
8.065932230125074862e-03
-3.503600315458631166e-04
6.675156272758415478e-04
1.808262126279008017e-03
-4.927580739523736717e-04
8.094160856103806319e-04
4.308824929264280269e-03
-6.859699633325478784e-04
8.412403476901399602e-04
8.119595122162932832e-03
-7.671202730424502361e-04
2.290387002952640368e-03
1.525778051843826094e-03
-7.253785125813903573e-04
2.069737347803188906e-03
3.858832226918251958e-03
-6.653962585828408598e-04
2.039371884466090537e-03
8.382597265082983654e-03
-5.487979094716634093e-04
3.174643978760003163e-03
3.726494198506660228e-03
-6.289276236644993209e-04
3.603115560058668329e-03
8.327058114605186481e-03
-5.747783058082544432e-04
4.374796680605033510e-03
7.496148078932680274e-04
-4.371622934241462541e-04
4.266585273194665497e-03
3.134306561416947984e-03
-4.437768470735118666e-04
4.211071935408140093e-03
4.226275128194190329e-03
3.224722528083651205e-03
3.894505573657472148e-03
6.749042389440725563e-03
-6.897386566739572514e-04
4.447522522940700919e-03
7.132342142690811272e-03
8.414863630658636282e-04
-3.875212315809025473e-03
5.967967765497438027e-04
8.968467796190523382e-04
-4.006554915746782068e-03
1.706279571525901257e-03
1.103349005288289768e-03
-4.081770687844621728e-03
3.267850367684275482e-03
8.789480536056368037e-04
-4.273913259774505570e-03
7.838118596074587080e-03
7.481113784370239939e-04
-2.827563496934362101e-03
1.727142416434113191e-03
5.556435357912673434e-04
-3.008488657557070126e-03
3.042663625345890660e-03
7.564743309139263959e-04
-1.564817619925231405e-03
2.633920696207429912e-03
1.019146432496886032e-03
-1.962320783048243037e-03
5.621511852335229348e-03
8.428174710715003208e-04
-3.969321213588676849e-04
7.476847205768101133e-04
7.151409054285901359e-04
-5.832114633073991021e-04
1.759837016752360773e-03
6.381523164214622859e-04
-3.883103963043223672e-04
5.650693400679521715e-03
7.539110537743271261e-04
8.886289791496975506e-04
8.428015338119602485e-04
7.391853337009554907e-04
9.386836467043964665e-04
3.166009005672067427e-03
2.737502713058526885e-04
5.793589717546749696e-04
5.680408252980980420e-03
1.005003258883997112e-03
3.356628874195609845e-04
4.502760835802186758e-03
4.955516274168255244e-04
1.966111543588956821e-03
1.745948538146741350e-03
6.143846124828742511e-04
1.992925217957138007e-03
9.097645472852760110e-03
6.694242398598622846e-04
2.963871167248621503e-03
3.180596017745132131e-03
7.903628932884543485e-04
3.233629498925935739e-03
8.585919367505814859e-03
5.193489046635062049e-04
4.150654133142918714e-03
8.148992325678125611e-04
2.959830695461535465e-04
4.180154947558523994e-03
8.121902480129472926e-03
-2.215552498403316421e-03
-1.329908445505326945e-03
9.979270956411595908e-03
1.004258339763161080e-04
-3.777355960545442266e-03
3.767472250516235802e-03
2.093463389883950913e-03
-3.990531797036627956e-03
7.701740109386058042e-04
2.006955280642879532e-03
-4.068094326317836865e-03
1.947247750961102371e-03
2.264599523203434522e-03
-4.225199947029825882e-03
6.835018626170859084e-03
1.933753915682565874e-03
-2.847174952716317355e-03
7.320041039694415294e-04
2.022689349566187018e-03
-2.989996717252843897e-03
1.925001878244422902e-03
1.930243005503156197e-03
-3.426228194762352859e-03
3.132200700694369195e-03
1.827825903836294806e-03
-2.638787716755448907e-03
6.081789797231195761e-03
2.156622464201063405e-03
-1.580123665792342817e-03
8.008593278034337138e-04
1.724403194666416454e-03
-1.685532261979231497e-03
1.933066138501606012e-03
1.960410633077504152e-03
-1.774609971867556176e-03
3.358164054290910163e-03
1.916606069818246839e-03
-1.961298373118152902e-03
8.612335427092174603e-03
1.974449035410285030e-03
-4.793241744607228800e-04
7.145640681914761181e-04
2.330165003215475556e-03
-5.812612433384995413e-04
1.867850353482773326e-03
1.604933983943389016e-03
-4.523373724870920361e-04
8.644555825967648391e-03
2.034510765091751897e-03
7.674774519396243121e-04
6.879501634572577099e-04
1.912471929520330721e-03
6.239028914273549642e-04
2.014328564714215619e-03
1.958122381182786798e-03
8.160625312089815273e-04
8.680846128516250468e-03
1.807184366430355767e-03
1.844437712664403822e-03
7.302880882981570331e-04
1.794517439159807942e-03
1.918462197907068022e-03
3.212815222435093723e-03
2.090742205340037976e-03
1.979465383690596353e-03
5.801047549751871778e-03
1.874888931729587266e-03
2.034772887942769889e-03
8.178208228357478071e-03
1.899270524883589929e-03
1.897741253071296872e-03
9.156638551710023083e-03
2.177495860178807734e-03
3.195611892472514839e-03
8.949681655303026815e-04
1.620761990475381260e-03
3.232142353276070638e-03
1.997707501296507385e-03
1.726047576517645774e-03
2.645938701249090936e-03
6.581547256480805436e-03
1.891149296572727703e-03
3.211348617068517097e-03
9.063897824960422470e-03
1.913504221128177300e-03
4.219310557615038766e-03
8.389515940242340966e-04
1.713910520458114669e-03
4.182737278134461383e-03
3.097957758352928772e-03
1.983274302003034274e-03
3.915342612854242656e-03
4.180543597482671951e-03
-1.807259702877585857e-03
5.123883176324011031e-03
4.137161058173853198e-03
3.559582333240570926e-03
-4.166653906640695876e-03
7.180246515152919609e-04
3.532534562430754248e-03
-4.034452714062299744e-03
1.930310373629308017e-03
2.934689489246493019e-03
-3.809138983830215319e-03
4.173231519505101600e-03
3.465756064541100721e-03
-3.983141773536206381e-03
5.350818535898200189e-03
3.199776917443772958e-03
-3.785979598569220745e-03
8.084653159559952729e-03
3.149608550603757388e-03
-2.890781105909770356e-03
6.926437499126081960e-04
3.232567761943667874e-03
-3.114372879469800605e-03
1.709466746303964137e-03
3.163217521673765235e-03
-2.700483486432340204e-03
3.073853691324460440e-03
3.062929701516262440e-03
-2.960719032412056657e-03
9.087522194673913062e-03
3.129423353570913099e-03
-1.796701763182598005e-03
1.649236367305637399e-03
2.747791278099331186e-03
-1.696838662679121855e-03
5.861311703224234178e-03
3.116267542991920346e-03
-7.231552320931400194e-04
8.976508235756772191e-04
2.971951173954742557e-03
-5.425393155309031403e-04
3.009626630480871558e-03
2.870693840132315395e-03
-4.910455328501247673e-04
5.789796171537066501e-03
3.173417961234618369e-03
-6.011258149188431149e-04
8.486613498245336104e-03
3.309833787374196964e-03
5.876297788936230958e-04
8.151568449813118488e-04
3.179755957222751405e-03
4.649470502726998542e-04
2.045472507675598611e-03
3.020512195714504435e-03
8.278924484018007103e-04
8.389583429086239566e-03
3.023211158544180863e-03
2.115446866159506091e-03
8.075811613248014232e-04
2.806220080565710248e-03
1.930219347000988002e-03
1.922313406682243583e-03
3.074775897273086638e-03
1.764734773828749350e-03
3.274945936471220908e-03
3.188268872253137518e-03
3.841235483854341277e-03
9.271928238024059257e-03
3.164836686830042357e-03
1.854475583823656914e-03
9.003898323743698279e-03
3.327425018260962361e-03
3.335420765432898886e-03
1.039401917244894315e-03
3.246213246062887477e-03
3.284007354184123682e-03
2.086807346600707755e-03
2.733188006164108830e-03
2.976362066893497010e-03
3.398665690196039143e-03
3.074392093482228045e-03
3.217934761088405825e-03
8.212880480967257868e-03
3.041920276074929017e-03
4.223133372734015969e-03
7.052572906036556552e-04
3.004690313571548900e-03
4.134972923595459440e-03
1.913096712215271115e-03
2.996540475266476575e-03
4.107056265788476719e-03
3.051997647271248622e-03
3.287261722881429718e-03
4.061080540450019705e-03
4.418331441894141239e-03
4.360619745955605052e-03
-4.241621219601502020e-03
4.211933394952160556e-03
4.354281214103417931e-03
-4.092381977689110197e-03
9.154829154253465648e-03
4.322357581704708469e-03
-3.178694658556227050e-03
9.531281937275393537e-04
4.264384881453794907e-03
-3.337329656781391415e-03
2.990773128445048824e-03
4.246528773069531415e-03
-3.290378102120277998e-03
7.992624944663309638e-03
4.206452195159130457e-03
-2.970890866966003664e-03
9.038351916578276843e-03
4.439190894457237420e-03
-1.941122267347975125e-03
6.921016310324938159e-04
4.342177988861294947e-03
-1.843400332134622135e-03
4.361615774276238720e-03
4.133900301538033506e-03
-1.856789781505027324e-03
8.040527984705999470e-03
4.212219070308284921e-03
-1.678049606850441893e-03
9.015491867274197380e-03
4.242738633249492144e-03
-8.482115756375673173e-04
8.058293687185383259e-04
3.872083527482395992e-03
-7.103203475053329564e-04
1.912580834661471978e-03
4.163073502175838880e-03
-5.998565939340917523e-04
3.186993577030313232e-03
4.223045552623302078e-03
-4.703595672260118209e-04
4.217559106031756357e-03
4.202427863299705926e-03
-5.162585052606548375e-04
8.096221580215079774e-03
4.160885296423657773e-03
-6.414536585865253208e-04
9.258480692788069455e-03
4.257555982795682183e-03
5.281958217434216474e-04
1.735749843274802823e-03
4.235332817756095117e-03
5.495954138245011953e-04
8.283730979275547371e-03
3.929725505105286822e-03
1.703084207276569281e-03
1.973979937779800700e-03
4.071301494739592436e-03
1.988751499657964283e-03
4.305871367804571699e-03
4.031172974909211920e-03
1.934387689482898812e-03
8.105806858189994885e-03
4.205931108374561488e-03
3.223422222804623802e-03
8.183971341020617081e-04
4.258961362963186760e-03
2.957110018000697928e-03
1.785583905205406817e-03
3.936162041600374181e-03
2.813236830464603978e-03
3.041202277619291499e-03
4.097333235417674815e-03
3.465057573100466942e-03
5.448540442908000186e-03
4.212745755235568039e-03
2.992550918855416738e-03
6.844916011099482812e-03
4.097135338924227238e-03
2.865756654479130298e-03
9.116421679117954133e-03
4.213730378923214587e-03
4.261036335346726246e-03
7.038144647368411132e-04
4.066957250685443274e-03
4.125365137511946903e-03
1.757237611505162297e-03
4.148020585978524043e-03
4.163389182119403738e-03
3.040250499812009038e-03
1.080375914002413206e-03
5.020043919422400268e-03
6.626179279178868661e-03
-3.784465850165732396e-03
5.081041410504187616e-03
8.217094480182745436e-03
-3.571486487297903870e-03
5.076130975995826571e-03
9.976732651225513060e-03
-2.976244363005266323e-03
5.081030813223908621e-03
7.149881011685825342e-03
1.932815120001048432e-03
-4.964606988546726128e-03
7.992336815529322083e-03
-2.334279482808564263e-03
5.070483540894941445e-03
8.772870693222351371e-03
-2.254372333466028808e-03
5.068410283673295547e-03
9.996187636095844528e-03
-1.494951823602959059e-03
5.078052022536198168e-03
6.193029144885415366e-03
-1.214977046679804450e-03
5.053668942336287002e-03
7.751972712864379708e-03
-1.024744489051287273e-03
5.042302848188222157e-03
8.872967807765592962e-03
-1.115230936815848678e-03
5.041758710308740128e-03
1.000930839234556897e-02
-7.618043790844053996e-04
5.094209868614518570e-03
4.446109967526632768e-03
1.078138497658604129e-04
5.017697819005446577e-03
7.557099881919935799e-03
2.391230987235980093e-05
5.006216827719604627e-03
8.862861386267831612e-03
1.035680703668144075e-04
5.003293172726823099e-03
1.000223623071429084e-02
6.149505219199955701e-04
5.009250178885811360e-03
3.161563309513024198e-03
1.429941552412112475e-03
5.007963106022865658e-03
4.063979032427868232e-03
3.296188306780796539e-04
5.016017432788544804e-03
4.052765471669065624e-03
1.357174629700889576e-03
5.005933228604206482e-03
7.739645106662389716e-03
1.329310091381146570e-03
5.003378607642326378e-03
8.778669780869561082e-03
1.216092040868452066e-03
5.001359662052193809e-03
1.000367646421567065e-02
1.132962986684251392e-03
5.029980933272599694e-03
5.611656775887023489e-03
1.838619622173944630e-03
5.011182988404240708e-03
2.656312853086634836e-03
6.765540726005655342e-04
4.101074372635841146e-03
3.399540431136086841e-03
2.582765848172960139e-03
5.006949064026244497e-03
4.003444540947862992e-03
2.550951959274900486e-03
5.014655356417488212e-03
5.194557138139360014e-03
2.422764484329307556e-03
5.013344490120796686e-03
6.439372779047654143e-03
2.553011408955129739e-03
5.005850858278659138e-03
7.556499761691723958e-03
2.619636583115611626e-03
5.002339175804603258e-03
8.847757576983198563e-03
2.551872363806188902e-03
5.001611689878828967e-03
1.000141921968736997e-02
3.830030794382647229e-03
5.006864235206655127e-03
1.427774056399274717e-03
2.615709788348840551e-03
5.006112851943320639e-03
1.530628772606803644e-03
3.777212477007773836e-03
5.006087680777976737e-03
2.655191078202504690e-03
3.809930350220514048e-03
5.006662927502114439e-03
3.878104054347106082e-03
3.776702425604989890e-03
5.008446369103840973e-03
5.100689220655288576e-03
3.781447817131801739e-03
5.008807488080602513e-03
6.330142738757147010e-03
3.778297280039835410e-03
5.006279206661388287e-03
7.557267545806237337e-03
3.861766059184102914e-03
5.001715748716349663e-03
8.908067499086598853e-03
3.775984050932021645e-03
5.001826764186751220e-03
1.000146759195510819e-02
5.000987278544231224e-03
5.000605456849215556e-03
1.431917875227560781e-03
5.001450857066089273e-03
5.001435877354847882e-03
2.656177288040079219e-03
5.002183229466055855e-03
5.002325002816347156e-03
3.880395448203266626e-03
5.003366121706352004e-03
5.003312355301017117e-03
7.552512425351796260e-03
-4.164028010247971916e-03
2.832516179003128493e-03
5.139008340199101993e-03
-1.707985959575813745e-03
-4.894305866439819033e-03
6.782993029620291645e-03
2.930389085317092624e-03
4.089409857017081013e-03
5.493354561913436560e-03
-2.886178767176811322e-03
5.105029799060609857e-03
5.454522902022064523e-03
-4.224951480844059241e-03
5.276471636302284760e-03
7.123154142096055656e-04
-2.342011644883755083e-03
5.221119611290007956e-03
1.485369686352058143e-03
-2.390542676536377541e-03
5.173640848720280003e-03
2.683442284404151564e-03
-3.025047808885112429e-03
5.140741185639023138e-03
3.885958327338762119e-03
-1.134956107364848031e-03
5.170226339365133206e-03
1.262742738194610982e-03
-1.099395582347569228e-03
5.141158697003525048e-03
2.651591449188367942e-03
2.579715354631155933e-04
5.022520098095111830e-03
1.782444463889646530e-03
1.331105136947637437e-03
5.009144380977324437e-03
1.427978143009542679e-03
5.010645429877120215e-03
1.900274985047613980e-04
7.730457266577011807e-03
5.118992881126835717e-03
-3.581284161848109684e-03
4.989005626867246829e-03
5.103140729866072894e-03
-3.665321287540819744e-03
6.169577833683557826e-03
5.086752103292214132e-03
-3.648255301441889233e-03
7.386571635917524997e-03
5.084941390874532334e-03
-3.610259863343158460e-03
8.699322395763493809e-03
5.086199364421830835e-03
-3.565760878666258526e-03
9.973197181097305172e-03
5.203006214207024985e-03
-3.060053249242703378e-03
1.968731542687442767e-03
5.150866862760616026e-03
-3.341775213294949799e-03
3.667691190237251566e-03
5.135034906941852474e-03
-2.245523073430871763e-03
4.001743425820274321e-03
5.099371690959963836e-03
-2.264522941234328908e-03
5.503163232157905031e-03
5.072148019931868937e-03
-2.324275050336016817e-03
7.543624726118009112e-03
5.071568021119410297e-03
-2.333374263002388569e-03
8.733533182137220158e-03
5.072440406525968379e-03
-2.337881974406048023e-03
9.992887686137198050e-03
5.132588591770009291e-03
-1.552457079921801741e-03
3.222441229841941854e-03
5.052327944829862472e-03
-1.104557943352301591e-03
7.550140383588819018e-03
5.045205101150754962e-03
-1.108038439002428802e-03
8.776793501088720612e-03
5.047828566457396478e-03
-1.116899717357057193e-03
1.000239382132889210e-02
5.076805734219684389e-03
-5.938348657378496884e-04
4.389302068941123083e-03
5.073847777707939100e-03
-5.737198912744744580e-04
5.108861394821379714e-03
5.053496519080566060e-03
-5.786353821823026020e-04
6.328561811543725359e-03
5.004788427913099517e-03
1.772132112162302551e-04
8.901223413289128389e-03
5.003575622609740363e-03
1.038219859921428256e-04
1.000317553449620554e-02
5.021213609467225017e-03
6.490669035460985186e-04
4.400512260440933229e-03
5.023579412407799989e-03
5.410615760857582146e-04
5.503245364043556076e-03
5.019354556098764436e-03
1.339146767220142278e-03
6.329626855806113131e-03
5.027808996308799280e-03
5.639948386234818097e-04
6.779836743910201691e-03
5.004919916034318746e-03
1.296405806781887431e-03
7.745091882137222598e-03
5.002393191409098584e-03
1.429693543149074221e-03
8.887175113020432185e-03
5.001806397772844311e-03
1.328647591967206231e-03
1.000171407371724767e-02
5.010795745557553374e-03
1.840748966980481054e-03
6.840262141961838717e-03
5.002230685155787879e-03
2.552087247505385736e-03
1.000233224016424706e-02
5.007093491665078229e-03
3.062148830378292816e-03
8.066467450855211579e-03
5.001753505812607352e-03
3.924620623232968897e-03
8.825502312709725128e-03
5.001546476453721905e-03
3.644630679064290741e-03
1.000162352597397560e-02
3.718577032123406619e-03
1.272325985433950951e-03
6.971843342530666295e-03
3.936240255912509638e-03
1.652368463417498799e-03
6.005484038471797965e-03
3.912984287675744764e-03
-1.797928054052040040e-03
5.981168064079447726e-03
1.866204911250864910e-03
3.482095168982251958e-03
5.036434000872140257e-03
-6.231481525842933085e-04
3.048511797503911710e-03
7.465533467532542086e-03
-2.802317199688854777e-03
-2.418877842067337133e-03
4.895626256909393209e-03
-3.821323630172909682e-03
-6.239060064911268900e-04
6.856964182798362499e-03
-3.853453609977792408e-03
7.934035825495742598e-04
6.878414591223532167e-03
-2.910012580498620976e-03
2.656510987080295920e-03
4.990255404166978395e-03
-4.429375067669718072e-03
-4.443655311143929545e-03
4.147012701217555426e-04
-4.447660402877019054e-03
-3.295153375132639680e-03
-5.454725828011566975e-04
-4.464397269545349739e-03
-3.630234344907173113e-03
1.783690432065027467e-04
-4.517586535146638459e-03
-2.511794827684750084e-03
-4.865169915263250090e-04
-4.574809648091243859e-03
-2.369862738610064093e-03
4.602608723811480482e-04
-4.620480404706844152e-03
-1.352083591845694866e-03
-3.791154542476510682e-04
-4.851609667960913794e-03
-1.062989095063748401e-03
4.079238662508727353e-03
-4.734474294089835618e-03
-1.835426621119756513e-04
-3.054350287921863598e-04
-4.767042032629911774e-03
-4.828138832791002656e-04
1.481966845708458484e-03
-4.825478600270994602e-03
-4.202044112381829151e-04
3.096026229806822429e-03
-4.844659242312564403e-03
9.903630100002724923e-04
-2.221055447429788360e-04
-4.858384521063432299e-03
7.953617375661080867e-04
1.757741140933236166e-03
-4.912320256841787823e-03
1.263609117778037062e-03
3.349397106256319333e-03
-4.898500492052529874e-03
6.023090786783733691e-04
4.227816345170497779e-03
-4.936479713247529308e-03
1.148368399302233511e-04
6.894524286685651746e-03
-4.898167521250352055e-03
2.181394501084650030e-03
-1.534247806389452096e-04
-4.901621043454124083e-03
2.018861631591826848e-03
1.549707493514192614e-03
-4.937121236731764444e-03
2.430096073165044848e-03
3.046278422700781849e-03
-4.944610567582595831e-03
2.296920779256829675e-03
4.585753118724323479e-03
-4.962133103165886940e-03
2.323900855090074973e-03
6.053127276326060284e-03
-4.971147412259636564e-03
2.423121323039602315e-03
7.276786435928266072e-03
-4.923529947632588125e-03
3.383475842118580969e-03
-9.072600919026654746e-05
-4.930637910098233621e-03
3.180287330321599024e-03
1.702933950913273911e-03
-4.949266745243815352e-03
3.357902184540119146e-03
4.207711719094596632e-03
-4.970866474711904334e-03
3.660822073154000426e-03
6.073352157064343913e-03
-4.987549379299159764e-03
3.627138503344407190e-03
8.305322862261864739e-03
-4.996671628782748363e-03
3.654732641659641599e-03
9.238746093292242792e-03
-4.935879173209515962e-03
4.563699773794741878e-03
6.804943121949129543e-04
-4.943565120106127760e-03
4.385326240728245652e-03
1.868060563383009895e-03
-4.954322114660796202e-03
4.011803858486109008e-03
3.261958066055527065e-03
-4.963515396982779923e-03
4.400331178306410816e-03
4.864932776404920153e-03
-4.997926090977347809e-03
4.314188715184681493e-03
9.106209336892802375e-03
-4.986678764515275336e-03
5.084796133954593879e-03
7.315413868916044796e-03
-4.994836238243165541e-03
5.085166865466518235e-03
8.642427082226088186e-03
-4.938974858960836975e-03
5.247511152540774125e-03
1.394584724807766468e-03
-4.954218672505316876e-03
5.194803161281427890e-03
2.440050681424789022e-03
-4.956159377388707869e-03
5.149325406280652953e-03
3.661108945576197361e-03
-4.966221541083486873e-03
5.118193999683022175e-03
4.881807085004835796e-03
-4.978372812254358397e-03
5.096541393620176823e-03
6.098844643451309562e-03
2.251508466650742508e-03
3.632538517042112509e-03
6.007973724924547260e-03
-2.902654511698461552e-03
-2.858608947191451904e-03
5.858785189037614589e-03
-3.586971730638057430e-03
-2.053452794247340087e-03
5.865236473065473313e-03
-4.434450336470262613e-03
3.759111573160372338e-03
9.965453123903187174e-03
-3.390544476463045343e-03
-1.587721414762944096e-03
1.000059754842467369e-02
-3.318835117635933994e-03
1.244930760822730766e-03
9.967145601195107757e-03
-3.411326987856601756e-03
2.594039244901232347e-03
9.965852324340938526e-03
-3.414799812695682498e-03
-3.153837695311718838e-03
1.001917874275667399e-02
-2.001840273160802961e-03
-2.221645897898312516e-03
9.983911372108236412e-03
-2.277077157224197818e-03
2.194211977863910507e-04
9.976025954258858908e-03
-2.420602280122166345e-03
3.837013514754344413e-03
9.985825363778224814e-03
-1.021507173199693794e-03
-1.024660257873172406e-03
9.965490103392250082e-03
-9.202999120493366271e-04
2.661103598456486790e-04
9.981688738394289134e-03
-1.096525762665483171e-03
1.395758161396403385e-03
9.991752908617694551e-03
-1.159460213603161812e-03
2.782155428768237192e-03
1.000256961394966476e-02
-1.100649576921350738e-03
4.160994966806257772e-03
1.000437587019588001e-02
2.605509220940561846e-04
-2.189200641676971004e-05
9.988373087276762249e-03
8.460989591613376376e-05
1.325550278261266885e-03
1.000443648669786800e-02
-5.828335678532431142e-05
2.665085488982937238e-03
1.001145702599570871e-02
1.053052063663915679e-04
4.292570861796779665e-03
1.001463085834168425e-02
1.391291908030243239e-03
1.333103118096999823e-03
1.001681533636156370e-02
1.331958863686471574e-03
3.078378652515284097e-03
1.002774318530279089e-02
2.518235896031544713e-03
4.029888307079940168e-03
1.001907372414751439e-02
3.065810099551044467e-03
2.558091140052210465e-03
1.003346115448000737e-02
3.919172873826603370e-03
3.868837496195132696e-03
1.001304186336945609e-02
-3.314020849585609316e-03
2.683587483265596242e-03
5.953160481909013438e-03
1.353889819098382701e-03
2.793435931412454037e-03
7.478148834991586724e-03
2.052416720656263446e-03
3.355118736575195618e-03
6.972093362763534877e-03
3.083639662968607528e-03
-6.599109650586871406e-04
4.494419712122188840e-03
1.921168150857642141e-03
-3.401474354685108791e-03
6.903637082318957868e-03
8.113114941057555495e-04
-4.935499029367528684e-03
5.690699380408103907e-03
-3.666560519187188165e-03
-4.421459791085053347e-03
-5.755024839459965376e-04
-3.754249462526614532e-03
-4.506804874968678779e-03
7.011579006793275566e-04
-2.503356452401310408e-03
-4.508417115329248562e-03
-4.955841572690045452e-04
-1.339134652451250433e-03
-4.596340069287769940e-03
-4.239401611448804629e-04
-1.312155973670445664e-03
-4.645599756069334133e-03
4.914800430311374408e-04
-1.623414187736978631e-03
-4.669885855345999245e-03
1.543343948325394963e-03
-1.541070447299540142e-03
-4.772217494819766363e-03
3.402192945095789886e-03
-1.793783668634251936e-04
-4.704698065952247349e-03
-3.319027238283561070e-04
1.095540893222513793e-05
-4.767435401621800475e-03
7.110320636945500735e-04
-2.732118799285442913e-04
-4.787870020203490416e-03
1.682920944155900239e-03
-3.354354625295541295e-04
-4.818304586512001109e-03
2.945958135243950411e-03
1.144277877461621776e-03
-4.831778598525187859e-03
-2.197034825663836291e-04
9.360580135424251312e-04
-4.833618134823388160e-03
4.994463668666582158e-04
8.110946717747810359e-04
-4.859170262885164487e-03
2.066494789189538689e-03
2.357667753997101656e-03
-4.887585405546452169e-03
-1.413962259782702889e-04
2.354530198385671683e-03
-4.902311159106691706e-03
9.522287292862617559e-04
2.074674895750785921e-03
-4.907893030233197867e-03
1.815915051464364214e-03
1.954080745965627777e-03
-4.916456988808567616e-03
3.085350947416186460e-03
1.952658528083993763e-03
-4.932304109127071297e-03
4.789513823285031745e-03
1.933092182022175080e-03
-4.957475129559900384e-03
6.754645172884805523e-03
3.896632848671692084e-03
-4.928479391070993663e-03
-7.006122015398041935e-05
3.228962998031842651e-03
-4.931555243969650698e-03
1.731085997391117876e-03
3.233542183992157721e-03
-4.936648241648142546e-03
3.093961447079634271e-03
3.184780087377831869e-03
-4.943141184751653067e-03
4.831694167410961922e-03
3.152964215002714270e-03
-4.962120363942184968e-03
6.776027220047733945e-03
4.409232557321706054e-03
-4.941132709936096011e-03
1.714472268926200841e-03
4.195193320487899946e-03
-4.946753323282136218e-03
2.884215348223610406e-03
4.201647758842455213e-03
-4.949034487785278040e-03
4.024685638703811262e-03
4.125900985389611107e-03
-4.954197748432467505e-03
5.245581432815384255e-03
4.209882192326957172e-03
-4.981162080461920029e-03
7.887393765465966142e-03
3.868367591360026211e-03
-4.986587604393536745e-03
8.857517971959813496e-03
5.246418523392126602e-03
-4.933281136085355088e-03
1.421883797455955091e-03
5.202486566061186729e-03
-4.944142351826568207e-03
2.439301049187096292e-03
5.149241798074819486e-03
-4.950684603056480955e-03
3.864569679798169569e-03
5.123240613291304285e-03
-4.952880137021606517e-03
4.873054312452671302e-03
5.100416194497796318e-03
-4.968223216676512580e-03
6.090030537556803507e-03
5.093018385747043186e-03
-4.976943420906056702e-03
7.458357936189503185e-03
5.088343068286775052e-03
-4.987211313928188207e-03
8.524264358064378641e-03
3.743509357283960996e-03
1.250585399228274592e-03
5.030519124046579221e-03
-5.900211122840026603e-04
3.902588597468293393e-03
6.959179160004700694e-03
-1.825139130094566124e-03
-4.862604072345693210e-03
5.281640261614261277e-03
-4.513389829900262690e-03
-4.534976691634249463e-03
1.953332462887821721e-03
-4.596498515012068659e-03
-4.617602472014009640e-03
3.322672221241347330e-03
-4.673017269644970210e-03
-4.692220001573937579e-03
4.564522987223498807e-03
-4.714220435295009975e-03
-4.735570652297837850e-03
5.898963609965219082e-03
-4.718659036557521815e-03
-4.737450386545477739e-03
7.242820114682517463e-03
-4.665579864059911722e-03
-4.709721574143938168e-03
8.549083950087785211e-03
-2.677320350788624671e-03
-4.631018608779586404e-03
1.854229211594306303e-03
-3.862696366780340573e-03
-4.613895796526682955e-03
2.756194073190951135e-03
-3.832163254210107801e-03
-4.774088803968298302e-03
5.338194880492398708e-03
-3.986161604336413596e-03
-4.752805735469892157e-03
8.008523170500750701e-03
-2.750838099866769609e-03
-4.755999064667203353e-03
4.104901093187892508e-03
-2.912115666751549647e-03
-4.849750093962482654e-03
6.495396416369337081e-03
-2.687992558802139702e-03
-4.771293766228947714e-03
9.117800270408290067e-03
-1.611539576888315270e-03
-4.839626893204983585e-03
8.339862387081184783e-03
-4.599637306786708078e-04
-4.908651254512823130e-03
5.472622768899048501e-03
3.529608799748860449e-05
-4.929425575606713635e-03
7.250509105038466240e-03
-5.703741265040665649e-04
-4.901623217702074167e-03
8.182362555250340813e-03
7.795154977647769266e-04
-4.952480811294697645e-03
8.408909969421765954e-03
1.685106703947664717e-03
-4.967283251985650516e-03
9.125405238921479451e-03
-5.775399020381658021e-04
3.926031087269210920e-03
5.023893677178737326e-03
-1.322121793738674283e-03
4.134437527735641132e-03
5.989205346756816886e-03
-4.743469372567481798e-04
-3.734969280429744840e-03
4.914252125098463736e-03
-6.670509678080284660e-04
-4.065171265518858004e-03
5.877688782112276689e-03
-3.519558724914281702e-03
-3.205448565899282794e-03
-4.800682040314967203e-04
-3.906662699809796031e-03
-1.375566390810663286e-03
-3.535953351551583516e-04
-3.607525476517714057e-03
9.864091755448461778e-04
-2.059169709332842914e-04
-3.927818982276383951e-03
1.959485344732840324e-03
-1.627451080085814364e-04
-3.804369487299909779e-03
3.442951886554421973e-03
-7.953961505130889976e-05
-2.561434354373534009e-03
-1.762757679471302786e-03
-3.271718987915808903e-04
-2.802691502410048843e-03
-2.358079207320263075e-04
-2.433774010359363905e-04
-2.289493964781768014e-03
7.143073712186990805e-04
-1.818676561514085690e-04
-2.387403383437842423e-03
2.157028280776482863e-03
-1.297673326282801506e-04
-2.482668551137003164e-03
3.349607966576120029e-03
-8.892714371616929308e-05
-3.155141869289273138e-03
4.243303830010303895e-03
-5.487630694756607971e-05
-1.498224632456592129e-03
-5.550004766146042750e-04
-2.266247689189490513e-04
-8.660448480893414343e-04
8.222975128692974235e-04
-1.673049275538919121e-04
-1.725051412730688833e-03
4.241626759189045040e-03
-5.817819526968687877e-05
6.883265786785772340e-04
-4.648479890806412316e-04
-1.691458000118314605e-04
-1.626265423058232281e-06
4.255226826479347173e-04
-1.652583654285558461e-04
-5.263192413151881284e-04
2.040330598605671463e-03
-1.366821752664387085e-04
-7.468734919536251923e-04
3.443470486081742256e-03
-1.041518887559711204e-04
1.366186262744417288e-03
9.933869888904887750e-04
-1.448437481235620916e-04
5.489095770098668470e-04
1.728711554660406543e-03
-1.422168888043176831e-04
6.432033847708275732e-04
3.175587654998651352e-03
-1.093106774075684024e-04
2.187661380743664060e-03
3.150812357685285701e-03
-9.686571460903900489e-05
2.591267165262575722e-03
4.235073330636842347e-03
-5.456239254282793135e-05
3.748263141936714928e-03
4.132553910216346486e-03
-4.799503390693244813e-05
2.344651629374594221e-03
5.006309490712795504e-03
-3.893311003076807100e-06
3.479849706371705188e-03
5.005129651418288757e-03
-4.287532156798182226e-06
-3.507330477485019315e-03
5.300725828976224525e-03
-1.194531690711041014e-05
-2.496368811906917243e-03
5.284225349167922907e-03
-1.878589604366998457e-05
-1.280163561041894544e-03
5.241888197517270004e-03
-3.168795041898682814e-05
-7.337409040782249679e-05
5.149462748229184823e-03
-3.069586013712994758e-05
1.480759629108547269e-03
5.011316008192490991e-03
-7.917688652023366610e-06
-4.146326190271779760e-03
-3.153389630106806073e-04
5.886871604945367355e-03
-2.365563602617729369e-03
-1.744366799717064070e-03
7.373770099441974597e-03
-2.088153813623429625e-03
-3.633721869498539488e-03
1.001481259686734689e-02
-7.731652416885261003e-04
-3.450857156219878930e-03
9.991973528713466585e-03
-9.387659104650689394e-04
-2.258029982613512631e-03
9.977609282829940154e-03
2.101864365222720068e-04
-2.011639841031732934e-03
9.971283688431555742e-03
1.004318861178235848e-03
-3.795255580517629176e-03
9.970063210690088135e-03
1.426073596165457419e-03
-2.306082425875984748e-03
9.978996668029321490e-03
1.399069124696085886e-03
-1.085118858384597276e-03
9.988579681529255808e-03
1.383515072491047979e-03
2.365592430805309740e-04
1.000791819656333265e-02
2.651511157528267833e-03
-3.556769142217839491e-03
9.966516566168375987e-03
2.687290686736087866e-03
-2.354557235005058993e-03
9.982730986213089047e-03
2.749114422326136720e-03
-1.043548675261506261e-03
9.999962543937496867e-03
2.502979809992399336e-03
1.671601150683471224e-04
1.001545001157130854e-02
2.830942007645545575e-03
1.378060759672551172e-03
1.002860358073395797e-02
3.920625623079100099e-03
-3.671019125988219181e-03
9.969751086687558828e-03
3.917923303938487464e-03
1.343860858261344588e-04
1.002084569642225191e-02
3.908433490614088637e-03
-2.502548153213997751e-03
9.989767541725085020e-03
4.049940230308381878e-03
-1.193356321031535140e-03
1.000788414361060419e-02
4.010247772169657846e-03
1.345690117258920970e-03
1.002188819757099739e-02
-3.702271416042185112e-03
-4.715773821800844749e-03
1.004398852207559999e-02
-2.461198926945822561e-03
-4.768180248272690068e-03
1.003469478686345832e-02
-1.570972326855222265e-03
-4.808450973244224498e-03
1.003365587514972943e-02
-4.032136890069582891e-04
-4.883017822522598556e-03
1.000456811271972085e-02
1.116096693287782667e-03
-4.965431054965446442e-03
9.962277920035537623e-03
1.947749801812453377e-03
-4.980115107724615055e-03
9.952731265331322269e-03
3.153860164681140769e-03
-4.992728569376767185e-03
9.950156512157430980e-03
3.055264450736334784e-03
6.563709741839720765e-04
7.477692078940421233e-03
-2.928261942315309261e-03
2.631403963051911696e-03
6.922224681915905946e-03
1.891291339782076846e-03
-3.798685308338863552e-03
5.931224540291745936e-03
-4.915823048174984555e-03
-8.681909921811503021e-04
6.371999016802741209e-03
-4.512549629048961605e-03
-3.854855856509607943e-03
1.080833838856397333e-03
-4.595916362833359949e-03
-3.008590124406818403e-03
1.754674110213526794e-03
-4.767377086920886013e-03
-4.039723685589437924e-03
5.365656635148958499e-03
-4.787507000081460753e-03
-4.060385717257168278e-03
6.688197207994855606e-03
-4.743487256567989301e-03
-3.691384926638612875e-03
8.084715591098369167e-03
-4.740160450009463927e-03
-3.340472292389616137e-03
9.088228645746057599e-03
-4.750829914666343350e-03
-1.913179288165129006e-03
3.119256344450733933e-03
-4.726552278315190522e-03
-3.202719611912735031e-03
4.112230042071816222e-03
-4.798569567118873488e-03
-2.848496665095926958e-03
5.383841410689632796e-03
-4.840629852100763152e-03
-2.896363440157511890e-03
6.781842549854702300e-03
-4.801377602832427975e-03
-2.471633126657146566e-03
8.298960011117210642e-03
-4.884309574785247916e-03
-1.680612014918022928e-03
5.599796812934779155e-03
-4.889329450976441505e-03
-1.506370761656221965e-03
7.233949364086757206e-03
-4.926361328360660471e-03
3.303527696467458146e-04
5.539002863177567952e-03
-4.914173887964236841e-03
3.733553314670439767e-05
9.225646261331762327e-03
-4.957180203736339698e-03
1.206561875716305769e-03
6.987984828374326635e-03
-4.944060264639792840e-03
4.727988468766864761e-04
8.050910234664055212e-03
-4.978026961558555848e-03
1.792793946930263792e-03
8.632813720084692860e-03
-4.777093390066104034e-03
-2.075889138973918344e-03
1.003442012033183353e-02
-4.854548761352288702e-03
-1.104604910563404107e-03
1.000075870485162520e-02
-4.977431285903183115e-03
1.226335415526540532e-03
9.952136269162940516e-03
-4.995889887984066371e-03
2.436241827376679336e-03
9.949822659731157384e-03
-5.004723731567466312e-03
3.654030769855458848e-03
9.956713122362310237e-03
-5.005300464916247714e-03
4.238287590331983254e-03
9.960824039696900348e-03
3.078524167137958872e-03
-6.037160790842931689e-04
7.467943890368890052e-03
-2.402310735558794812e-03
1.953493472906678383e-03
7.434830044093948022e-03
3.090983436753771876e-03
6.463507401329476225e-04
4.504939915258022488e-03
-4.808113753670358904e-04
-1.923083515832157931e-03
4.611101356663232197e-03
3.794826781892485928e-03
-1.164401817060521042e-03
5.015881779404270970e-03
-2.951921789370358720e-03
-2.316974534508953014e-03
6.838719330969167051e-03
-2.529589593305770889e-03
-3.802229298591664700e-03
-4.566429521639825840e-04
-2.372460376994595110e-03
-2.984750488674907821e-03
-3.871318936792026658e-04
-1.356695328464057161e-03
-3.878801588286046910e-03
-3.769704925625095692e-04
-1.894030843930715944e-04
-3.986728499599834739e-03
-2.942890312637936787e-04
-2.119181120123191651e-04
-2.769967826693497861e-03
-2.636609600539157401e-04
-1.357469515901243366e-04
-7.496327684960546293e-04
-1.983581013548555935e-04
9.930070643292127075e-04
-4.100724345706964827e-03
-2.200011740398862589e-04
7.041785712815681322e-04
-3.038105949372885573e-03
-2.115900184712454736e-04
8.945008561440192900e-04
-1.651549093092007396e-03
-1.751783354844186290e-04
1.468326219476780116e-03
9.965297189398166281e-05
-1.487629968062830334e-04
2.185140632620923874e-03
-4.167743990847553974e-03
-1.416883958833689496e-04
2.153540126282390155e-03
-2.950512984284103628e-03
-1.414365143362634049e-04
2.139661942019580997e-03
-1.002150195787047211e-03
-1.426529352357435603e-04
2.614782785901388629e-03
3.630977165919570477e-04
-1.247960830012127169e-04
2.204560361157517894e-03
1.841660127515982320e-03
-1.116704708005810765e-04
3.384981517029910653e-03
-4.201983789220093204e-03
-9.903214419327855669e-05
3.863370918345684305e-03
-2.997706377179304004e-03
-7.471709674475868483e-05
3.417283920911193783e-03
-1.697417323221710791e-03
-1.027487190153884199e-04
3.635520834968776135e-03
6.474986745329006045e-04
-8.727458268582315355e-05
3.276883754485259825e-03
1.591873552630842289e-03
-9.962040240234813564e-05
3.317162594123282925e-03
2.733322307702482686e-03
-8.402832144231906744e-05
4.682768014446829496e-03
-3.869508148120731194e-03
-4.041823125623339257e-05
3.993017664883591507e-03
-4.022522909069566424e-04
-8.914893740859090344e-05
4.185913074426273611e-03
1.934026150184673873e-03
-5.156722338620788369e-05
-7.183563650026171792e-04
-3.732930399947354937e-03
6.853693926778045044e-03
3.634698316977827675e-03
-1.572994767755486875e-03
6.949582449726662316e-03
5.154500853868559419e-03
-1.084762939691972855e-03
1.396515396817609670e-03
5.023743704712842553e-03
1.111794164777407770e-04
2.654924788242314648e-03
5.017454299175699156e-03
6.567374318544947753e-04
8.743016407652661132e-04
5.004358984279543704e-03
1.712872569128238943e-03
1.569367057503791556e-03
5.007969237178426340e-03
1.356262675574233063e-03
2.890976425414635339e-03
5.006799691225350540e-03
2.565872787205886706e-03
2.627795837136170758e-03
5.011633846456670961e-03
2.169400329181145164e-03
3.832542577125169683e-03
5.015250498799923851e-03
2.225747260994645309e-03
5.433143193470020907e-03
5.005842274458569517e-03
3.035844253471857868e-03
1.049608203629615608e-03
5.006246117155712869e-03
3.839033925172102932e-03
2.674191058354983847e-03
5.013581036500834066e-03
3.672904137832907253e-03
4.440399306617099154e-03
5.004598641768591254e-03
4.285305887545023257e-03
1.430563994631919725e-03
5.012071808398425345e-03
4.039730729186842909e-03
6.224737564993707353e-03
5.002602857736637015e-03
5.002936674282778412e-03
5.462892628533681273e-03
5.000482845658274847e-03
5.000301525721700079e-03
9.134873023482575211e-03
5.281010565945667111e-03
-2.632025510948222177e-03
-1.721067746268752733e-05
5.246507725839946387e-03
-1.771461357511453817e-03
-2.397269195973503845e-05
5.159053832993982201e-03
-4.827480119900878709e-04
-3.408397027209985317e-05
5.008035991769532042e-03
9.751981222293165490e-04
-1.053236530021027092e-05
5.010986392509774075e-03
2.094623119792343464e-03
-5.362859302046756115e-06
5.007193731914617515e-03
3.423520686132578046e-03
-6.738501759359272489e-06
-5.502468555335627252e-04
-2.866019272017891317e-03
4.407308911536761409e-03
1.407053947596474284e-03
-2.723881150308808848e-03
4.451035091907207426e-03
