-5.249426200125547823e-03
-4.963295908182330934e-03
2.679630255304131725e-06
-5.075646277442883401e-03
-4.993143411838478485e-03
9.979090426783760598e-03
-5.001478898183283998e-03
5.001863355104043014e-03
-1.751323377151420542e-06
-4.999406095877015170e-03
5.000142607043201251e-03
9.999494690947007339e-03
-4.292319099449550326e-03
-1.504664310275052354e-03
5.996570318675215235e-03
-4.251329365176102770e-03
1.569712828725463270e-03
6.004637387770820831e-03
-3.971267622460338161e-03
-1.379284040301827783e-03
5.026373133713079450e-03
-3.956433671309238752e-03
-1.388776760759266767e-03
6.963448584398541398e-03
-3.924778952762442152e-03
1.455353055909524348e-03
5.033693338961729019e-03
-3.919126065472907684e-03
1.450014492134099869e-03
6.973806854065231660e-03
-3.138180689811159111e-03
-1.070754778494146468e-03
4.506555858911224892e-03
-3.116813824045689286e-03
-1.081313837676532068e-03
7.474503585258248511e-03
-3.097240251163456588e-03
1.155215522731456662e-03
4.515143690823912072e-03
-3.083847414402086668e-03
1.146908998109901672e-03
7.485382938546216065e-03
-2.323548739753231694e-03
-3.844305205613278258e-03
5.964357702299351478e-03
-2.277732111562818639e-03
3.929416137842712750e-03
6.004809653180481765e-03
-2.185775679501012793e-03
-7.141415711041475397e-04
4.678322381053754038e-03
-2.166362862728633560e-03
-7.309625716944594988e-04
7.292924554646420914e-03
-2.154902320234443336e-03
8.167396018731863010e-04
4.691356963633163540e-03
-2.142791620569213865e-03
8.052647984331858660e-04
7.298298975896155491e-03
-2.164984090329198554e-03
-3.533018067395241914e-03
4.999456038932692352e-03
-2.141313383406400102e-03
-3.546172060622275642e-03
6.931885436833287902e-03
-2.106807027906972343e-03
3.627554623382854299e-03
5.034415700299827226e-03
-2.102756646929588354e-03
3.622622442066372045e-03
6.975689241270139479e-03
-1.728179412245727398e-03
-2.755040872516024975e-03
4.482170297177178429e-03
-1.695325250706080158e-03
-2.777147057027715658e-03
7.448706017875627444e-03
-1.661837492579535096e-03
2.867073469871372644e-03
4.517248377391229995e-03
-1.653511033795668824e-03
2.859876380997242347e-03
7.485250182309857898e-03
-1.553835576490452319e-03
-4.854891296255991811e-04
5.465639573823107521e-03
-1.548309883424085721e-03
-4.905566924759798345e-04
6.498481651083095820e-03
-1.536941839856311451e-03
5.937259179539543024e-04
5.476634711815935377e-03
-1.533303351990503985e-03
5.886355727933332768e-04
6.506231667221557859e-03
-1.219855363373765047e-03
-1.873436687655786505e-03
4.658805841801446496e-03
-1.195461810906316147e-03
-1.894164777961180116e-03
7.272739585834355272e-03
-1.158477471047373187e-03
2.004586653433523911e-03
4.691862224204442107e-03
-1.149601992331356504e-03
1.992323025654523481e-03
7.300322939548465652e-03
-8.759139692080324894e-04
-1.302683906260892945e-03
5.451922311314144273e-03
-8.695680508543910444e-04
-1.308886692175594826e-03
6.485441887366199393e-03
-8.292092874876918780e-04
1.435850267631923584e-03
5.477972050029788695e-03
-8.247117030955709123e-04
1.428971256270875848e-03
6.506857051515436453e-03
1.836561939287056997e-04
-1.462778800787146094e-03
5.442274143297027439e-03
1.926819067527860770e-04
-1.471514314502450496e-03
6.474651568818424324e-03
2.376248504072077069e-04
1.649048943279358232e-03
5.472151446367513015e-03
2.439697028811571350e-04
1.643940170531476078e-03
6.503640429350936517e-03
2.850210954954319770e-04
-2.096579246050393058e-03
4.645303010473358224e-03
3.146514918811995558e-04
-2.124479075886984061e-03
7.254750433063530263e-03
3.526161704513986958e-04
2.304750630961777992e-03
4.686076641529704316e-03
3.636410373197474953e-04
2.289614600250206456e-03
7.297604595208832812e-03
4.550522500317590838e-04
-3.084618464068398635e-03
4.450572656415604893e-03
4.893030005901642708e-04
-3.116606563156760872e-03
7.421084044121341664e-03
5.281031497938418629e-04
3.300864070542638279e-03
4.512033053436836916e-03
5.397840520081269387e-04
3.282070792735431765e-03
7.482117065910286711e-03
6.174973842874746177e-04
-3.964739173786525211e-03
4.950304564174471018e-03
6.409898598518916314e-04
-3.984421223163014253e-03
6.895540063033826772e-03
6.837530194644615613e-04
4.171565018842977000e-03
5.030973233739482846e-03
6.894948535884647990e-04
4.160228539676937877e-03
6.971101785391317467e-03
6.940700788214430525e-04
-4.322843069572376330e-03
5.918491820103553326e-03
7.491511312840419979e-04
4.509292576089512714e-03
6.002623088853054588e-03
1.122633040907213865e-03
-8.968836892809144753e-04
5.439135602771504908e-03
1.132696626779517704e-03
-9.080668011282084931e-04
6.469352721306467074e-03
1.171217593634085686e-03
1.128991647603660997e-03
5.455495172373125631e-03
1.176537952397309524e-03
1.119083820902374389e-03
6.490286548214202825e-03
1.520647169528401704e-03
1.201233598863632793e-04
5.444969725447014984e-03
1.526078370133151499e-03
1.103890879882742353e-04
6.478231510881548964e-03
1.612145279387627340e-03
-1.301207384519943201e-03
4.638685600256306496e-03
1.641552881940998212e-03
-1.332242631499187336e-03
7.247115136507924910e-03
1.677249601264477674e-03
1.568639520140363650e-03
4.666166658765865012e-03
1.690888613479140734e-03
1.543366985177994097e-03
7.283451443977269693e-03
2.172774494067975046e-03
1.385931275650300514e-04
4.646862131411136181e-03
2.191804781586392283e-03
1.118151745388389475e-04
7.260834233092570283e-03
2.375823685665677445e-03
-1.933329812193487068e-03
4.439013407186567783e-03
2.407724313477453606e-03
-1.969942048632997936e-03
7.414741575622568574e-03
2.452790130599899650e-03
2.231882573379743561e-03
4.492020242198568707e-03
2.468969651969828497e-03
2.198201354284974943e-03
7.463044856628174920e-03
3.060329959679792319e-03
-2.502011589622599608e-03
4.931642149350632526e-03
3.078736009184898387e-03
-2.525579319019024757e-03
6.885962414358615807e-03
3.137837017705363309e-03
2.795670060074942516e-03
5.014634957515890813e-03
3.145759017116033559e-03
2.777488294165215022e-03
6.947179575468935032e-03
3.180132552221642990e-03
1.510440865514112467e-04
4.459153827387768963e-03
3.202128976741033806e-03
1.141091727603629557e-04
7.432463799214834334e-03
3.337573303313367840e-03
-2.738199910448684080e-03
5.902350424094640266e-03
3.410363274088902639e-03
3.015410429866991013e-03
5.982211493841156635e-03
4.074798045569986288e-03
1.445130199246365699e-04
4.968495479863446578e-03
4.087880771541718868e-03
1.228417596838227101e-04
6.910403281143538863e-03
4.430970848426991210e-03
1.329159753831894969e-04
5.936545327510654550e-03
4.413956907050378513e-03
-4.367959716823570371e-03
-5.576984633134708397e-04
4.679742231285474903e-03
-4.608022488545639520e-03
1.012597161187058815e-02
4.957519471499053851e-03
5.300035309730216117e-03
1.056318038827662947e-05
4.977739253249419821e-03
5.137205961177032654e-03
9.979162913244197033e-03
-9.968658603810391910e-04
-3.393296399926540741e-03
2.448113373160733242e-03
4.921940120664480443e-04
-1.014402580947899564e-03
4.154730250636303086e-03
-3.848664940009227479e-03
-3.802777825384605088e-03
5.412559168111814346e-03
4.061875398886739125e-03
6.668982619117289285e-04
3.464999863070304751e-03
1.205450652778372427e-03
-3.205907802192330168e-04
3.149123582988324916e-03
-4.151372591652779357e-04
5.049633563336192350e-03
5.865055841491741834e-03
-3.982935801303192150e-03
-1.998718426138303920e-04
1.001863188481671302e-02
3.567087902707266936e-04
-4.852864064416016927e-03
3.848285509559728080e-03
-1.370105877235833170e-03
-3.434907132997988446e-04
1.199565023119844457e-03
-5.789922447873643852e-04
-1.204223026990804482e-03
1.032843952613622402e-03
1.706316153871274702e-03
-3.481731443669673545e-03
8.598031727469394522e-03
3.351306371303262952e-03
-2.539452565110063981e-03
8.365411799510761096e-03
3.362447322452379646e-03
-1.219947627158646502e-03
3.706559631151304293e-03
-1.686986330187239223e-03
-1.337096691583857530e-03
1.892739301110472330e-03
-1.153904338453879590e-03
3.804468397640793642e-03
1.648155598272775394e-03
-1.786210558159248736e-03
1.062224041069346559e-03
1.939964759598143034e-03
4.305861485482437474e-04
-1.352140527552939640e-03
8.806708749994385937e-03
-5.191813591896941166e-05
3.765002723306821921e-03
1.778881339113389665e-03
1.236890446099691350e-04
-1.873192448446173077e-03
1.325114487540567012e-03
2.558143180415135224e-03
5.634607728801328342e-04
3.066590079916410843e-03
3.908887896710447861e-03
1.661612715833180954e-03
2.993256920708536883e-03
5.966880355901276909e-04
-3.232489725132648220e-03
5.740533989918548095e-03
-4.335146597532837237e-03
-4.052979136783319003e-03
1.665929587241516720e-03
-6.856968957415383046e-04
2.852887261793401758e-03
6.418971926399765805e-03
-3.856850127987562597e-03
-4.089958750181907354e-03
6.808526279338490347e-03
-4.364758174284562309e-03
-4.218149151892525497e-03
7.975380026012775930e-03
-4.379268653045263228e-03
-4.178839192191990785e-03
8.972935107555172693e-03
-4.177424979851673652e-03
-3.099487568767864999e-03
7.930622992953395740e-04
-4.420772098030671150e-03
-2.865083201136432202e-03
1.730698880295483775e-03
-3.793739941149443066e-03
-2.749020833870660912e-03
3.314540563088286870e-03
1.889338002520203185e-03
3.994445560299325279e-03
8.164623397199049018e-03
-4.112181571461393306e-03
-2.979656062780435596e-03
6.663405282481368874e-03
-4.215002680653391100e-03
-3.285753307149181721e-03
8.209522606916036871e-03
-2.849027393427987307e-03
9.694842704017374085e-04
6.076737614670995984e-03
-4.328467127355411712e-03
-1.683434951687189053e-03
1.091079269751292274e-03
1.771785698310264761e-03
-1.955452078608259543e-03
5.289950787915796704e-03
-4.013077669821760000e-03
-1.834475589533429577e-03
8.079404341400990910e-03
-4.261919467597704778e-03
-5.000702291580088948e-04
1.001340777550980285e-03
1.835136819936230256e-03
-3.228027415719503593e-03
4.940443499779558108e-03
-3.089089096535852386e-03
4.015509232028313669e-03
8.916287291253309835e-03
-4.238146703010147419e-03
-6.979920582635444149e-04
7.824272767699045131e-03
9.930378210417940138e-04
3.041481199279024664e-03
5.837385505962244814e-03
-4.136989042084028741e-03
7.903453405491807837e-04
8.872927804797711183e-04
-3.832934224395131897e-03
4.486439884188956478e-04
2.930302165348663227e-03
-4.050244899389773313e-03
6.174338488568385753e-04
7.960400152981945976e-03
-4.292437093630029586e-03
2.028880738165009853e-03
8.700307677637736077e-04
3.776643429825183034e-04
8.171873418602528145e-05
7.023837366827719898e-03
4.525757825826503579e-03
-3.433283097473129909e-03
4.575140849027465738e-04
-3.561042917157656185e-03
5.005732721053036439e-03
2.265137446729340986e-03
-4.006021852295027323e-03
2.900680434581065677e-03
1.560966826608056312e-03
-4.144629837259601428e-03
2.955939559768759866e-03
2.980268302910941882e-03
-4.158735549609160476e-03
3.118079779264469088e-03
9.199048904259940831e-03
-4.040605031751841672e-03
4.074303000611216412e-03
2.696563589057817626e-03
-3.953223202302627408e-03
4.098085204397225283e-03
4.221576570385751973e-03
-3.836404714126015122e-03
3.977911446432065568e-03
5.597545096787432013e-03
-4.078209263003771713e-03
3.919536909607877241e-03
7.295434513496320932e-03
-3.245564799012701316e-03
-4.028113777062518330e-03
9.340576637018488696e-04
-2.892187685770754475e-03
-4.003067376748250562e-03
2.111995481015802468e-03
-3.167088172135429369e-03
-3.916553713465852071e-03
3.156796223853275667e-03
-3.057046562605353259e-03
-4.109040912101674138e-03
7.804471769478249672e-03
-1.117405411559063439e-03
-1.937959112694560447e-03
8.635618142148552764e-03
-3.243847901295452991e-03
-3.069609414898491050e-03
1.872141314339088739e-03
-3.096348473328361817e-03
-2.868813461615319759e-03
8.159807751248119093e-03
-8.480188743163560470e-04
3.080252334885184590e-03
2.701576069387077051e-03
-3.215789341722468178e-03
-2.072746863928790362e-03
8.983215494269320041e-04
-3.187428445852722326e-03
-1.865120230682811671e-03
2.031108908299115827e-03
-3.036822139845761059e-03
-6.854960228781877994e-04
7.944893496221912266e-04
-3.483743831837351253e-03
-7.398523878969450775e-04
1.849468385946206363e-03
-3.143898826550288288e-03
-7.928421792373007652e-04
3.168685129261038149e-03
-3.132781535594895105e-03
-8.214557882369206282e-04
9.008736770360863469e-03
-3.164796075626415389e-03
6.407073820271044122e-04
7.057879750177991750e-04
-3.022021994346947397e-03
5.361820792285647459e-04
1.749702160521462557e-03
-3.255854819749853801e-03
2.996527527209515108e-04
8.779815267690780842e-03
-3.150824307089857869e-03
2.139096771173119339e-03
8.695553504620408356e-04
-3.093794450214373999e-03
1.910691485094686377e-03
1.990250286392430869e-03
-3.526175324503871573e-03
1.806128020787304981e-03
3.264344826169885729e-03
-2.782374932023477278e-03
1.975584365918240434e-03
5.879480985090670790e-03
-3.038597048681882830e-03
1.539922830105506244e-03
6.640927152116287910e-03
-3.222313859658025408e-03
1.705859629964826723e-03
8.497670679621443027e-03
-2.897619755642465850e-03
3.336244518084443764e-03
8.492191709833601899e-04
-3.013501966918939907e-03
3.240106845857156428e-03
2.204226231021587379e-03
-2.896346643228106792e-03
3.266934629154360104e-03
3.327288622259655122e-03
-3.557720039267403458e-03
2.824699607132676558e-03
4.329507410153642620e-03
-3.344152388402587845e-03
3.073225320469816658e-03
7.969946522561908997e-03
-3.245147504072931708e-03
4.095871066538876032e-03
1.586690920912117156e-03
-3.009435675823600616e-03
4.200561742084548550e-03
3.097479640602323562e-03
-1.794388896478896819e-03
1.910471932130356149e-03
2.884742379276473978e-03
3.719422760882324167e-03
-2.750207249880488002e-03
4.132052050547803564e-03
-8.529737266330587701e-04
-3.811829796876374868e-03
7.932409553089289286e-03
-1.925402888671864715e-03
-4.026021490199681481e-03
9.191220282736866417e-04
-2.306104906386753205e-03
2.032292602724680708e-03
1.003190704731411753e-02
-1.639582996191867384e-03
-4.062921582322833770e-03
9.255468248313022256e-03
-2.331612396807002021e-03
-2.979634351130190997e-03
6.060265332277687579e-04
-2.006534886069971223e-03
-2.766411404398694956e-03
1.783641845917332148e-03
-1.963027125667250478e-03
-3.072596155637575231e-03
2.963010522008149242e-03
-1.986182383610605486e-03
-3.208998863004680104e-03
8.775453301973020273e-03
-1.912802755720808103e-03
-1.528512596400128385e-03
8.716627177801952427e-04
-2.004399570493771172e-03
-1.705364216224588810e-03
3.234180259810954996e-03
1.906705067314751071e-03
9.905490633198661340e-04
3.601110944790316543e-03
-2.050203556656734604e-03
-3.448659707693821699e-04
2.000199736690404673e-03
-2.690751850999022459e-03
-8.166367173479073451e-04
5.968746988281193461e-03
-1.859820331765830396e-03
-7.577466680995383714e-04
8.899771223740776671e-03
-2.067245572972756587e-03
4.094223992277503028e-04
9.054077365957720076e-04
-2.015564009650399040e-03
6.000713090882061826e-04
3.166726590498494635e-03
-2.086736904969042905e-03
4.628867633973418410e-04
8.813450452722930775e-03
-2.028030177682811283e-03
1.720251267720079727e-03
9.447457686921700111e-04
-1.699228632964724147e-03
1.967153366896980376e-03
5.600040667834759421e-03
-1.997740742229736025e-03
1.815614652068440159e-03
6.593075579318656738e-03
-2.086442407583036316e-03
1.898266254405666905e-03
8.849310748573126217e-03
-1.796598556676849093e-03
2.895247030829143590e-03
7.674454430711539392e-04
-2.048016635614590634e-03
3.081218776602192861e-03
1.805812645503515395e-03
-1.793449224427132388e-03
2.905542705036984197e-03
3.056957960315551375e-03
-1.780580067518924619e-03
3.008954777283316586e-03
5.667004343291722965e-03
-1.916793691858422518e-03
2.888011928215909307e-03
6.456007336406980983e-03
-2.021325827697144795e-03
3.203791034688769756e-03
8.943213123227045092e-03
-1.879582081075230164e-03
4.026960910020583630e-03
7.710842179856475503e-04
-1.771814042082148558e-03
3.973200765139642265e-03
3.109675810409626671e-03
2.600797531198675069e-03
8.247243127450462098e-04
5.790146947557880605e-03
-1.056752959566858692e-03
-4.043984217314714434e-03
7.366627252935292443e-04
-1.060590256733235509e-03
-4.153522334957105225e-03
4.250173657399916941e-03
-4.497534866659550412e-04
-4.412823148623512548e-03
6.830153099976007773e-03
-4.796223653731424095e-04
-4.111190924018156938e-03
8.969038952136597354e-03
-9.050144987036825087e-04
-2.761381894793218938e-03
8.421583336132848615e-04
-8.210280148608218968e-04
-2.586898119542796470e-03
5.623930737718834880e-03
-6.640058327755231924e-04
-3.061316092290304863e-03
9.123086948088998671e-03
-7.463896502345535641e-04
-1.923635994589411626e-03
1.979260088008553617e-03
-6.873239471587710026e-04
-2.015787820360331103e-03
3.226541461454475197e-03
-6.084223474737353960e-04
-1.604093134329444932e-03
4.146001152746365756e-03
-6.060444183127706259e-04
-1.872930166237474063e-04
6.585080814537201026e-04
-8.278033804505506230e-04
-5.139181483472472821e-04
2.803021054556322725e-03
-5.601853271141698891e-04
-4.412069978541821808e-04
4.419938192677936098e-03
-4.895785311332804309e-04
-2.492097449283726409e-04
5.860846533433372411e-03
-4.389208225344704722e-04
-6.835752821356885778e-04
8.102188162596344126e-03
-5.689510303358911829e-04
6.253691505043121063e-04
1.854627391169257544e-03
-6.226951947156758073e-04
7.868799614821731609e-04
4.336154990982509644e-03
-7.581851905894438368e-04
8.388874249329094637e-04
8.153148755583355251e-03
-8.783159095172033684e-04
2.226022509714172589e-03
1.547860675195658143e-03
-8.171843437010164199e-04
2.033520825055073773e-03
3.886077353498736293e-03
-7.054323811792688990e-04
2.039311208079561642e-03
8.405390105379622126e-03
-6.068993442921948424e-04
3.142595785490286293e-03
3.736608334553991485e-03
-6.455805374254261920e-04
3.602508037960230804e-03
8.343953137906794798e-03
-5.988834795836810686e-04
4.281655715795161521e-03
7.879087085442560692e-04
-4.456821162757087671e-04
4.227930609913088320e-03
3.128993866226887580e-03
-4.690546808818247160e-04
4.181636346545852638e-03
4.216109235555969698e-03
3.168955099018515818e-03
3.986173987751895006e-03
6.723029200690392414e-03
-7.282086424571688902e-04
4.447750546303097692e-03
7.142190438647005521e-03
1.667212896469569641e-04
-3.798162347728766246e-03
5.826360320501374835e-04
3.263458952707083368e-04
-3.937053443995235796e-03
1.688881598614031107e-03
6.942373338646208461e-04
-4.010808924165696482e-03
3.240062643847206169e-03
6.564284525717871454e-04
-4.219458749043496215e-03
7.869958931557379661e-03
2.393280060469263023e-04
-2.773940016330200559e-03
1.724616901799980824e-03
1.708515775097771633e-04
-2.982361456128058280e-03
3.065194327508786835e-03
4.133596551533943422e-04
-1.526594521785516528e-03
2.652972293751804968e-03
8.226671927620249998e-04
-1.909713948583493170e-03
5.629246812762479790e-03
4.767498694135137828e-04
-3.297689942458952267e-04
7.545936136648673112e-04
3.942197671887103612e-04
-5.449909370004225352e-04
1.775728270478983900e-03
4.860568284186345361e-04
-3.462462455226654901e-04
5.662900386151837294e-03
5.277079013649325434e-04
9.417470524102939267e-04
8.740551797908815024e-04
5.797260083994183397e-04
9.905460987797223837e-04
3.174180286246317852e-03
1.704031275970250561e-04
6.020712191503735508e-04
5.696504275805363594e-03
8.660825560120777485e-04
3.873244363153303081e-04
4.503415230232002062e-03
3.617902979167983988e-04
2.001656975752625495e-03
1.766442991870587629e-03
5.722812321285750473e-04
2.038609221961297686e-03
9.099003343645486672e-03
6.213687923248376477e-04
3.030985950226628648e-03
3.188856234765571462e-03
7.654520255611575903e-04
3.295273918298176688e-03
8.588677681813703876e-03
5.146932663167596471e-04
4.192749384133049109e-03
8.553205895748020818e-04
2.716668628506444471e-04
4.228370078864721569e-03
8.124311578642727863e-03
-2.414852130579655913e-03
-1.453536034463825521e-03
1.000992426980324215e-02
-2.271554147854823718e-04
-3.776096617627088415e-03
3.820316508561944976e-03
1.419931683743062313e-03
-3.749314195627383769e-03
6.044111960546686042e-04
1.451741085257398679e-03
-3.866564091469622960e-03
1.809758295578014825e-03
2.068246751112037731e-03
-4.135242969262992695e-03
6.830868892417797135e-03
1.326794426021580056e-03
-2.643987675951042522e-03
6.374099200905234330e-04
1.510856556851499248e-03
-2.801508619343807439e-03
1.837434194920896033e-03
1.523155950204637841e-03
-3.283234344048884326e-03
3.060396936761860306e-03
1.639662888666203406e-03
-2.561696808308302695e-03
6.065965807911318126e-03
1.673573207201690298e-03
-1.366453393414818413e-03
7.491444684691201403e-04
1.315159041629035712e-03
-1.539025619802388738e-03
1.910144332329443166e-03
1.656634895243708086e-03
-1.648768865194862043e-03
3.338497557947581098e-03
1.729044026183723269e-03
-1.850782038799173544e-03
8.602232519042353823e-03
1.621308551616397215e-03
-2.926396610247233225e-04
6.927765729944109071e-04
2.040027584713677462e-03
-3.923795581013026857e-04
1.837972439604057366e-03
1.476111392665992823e-03
-3.780186265994917331e-04
8.636208393542697814e-03
1.818786068247073544e-03
9.400049554710182033e-04
6.853633587067096576e-04
1.719040172422434858e-03
7.580482846524056947e-04
2.004143497555332769e-03
1.885978002683859388e-03
8.979812226991572451e-04
8.663512981472365135e-03
1.669089604627522214e-03
1.997540337419648551e-03
7.560871815176051051e-04
1.689197551460928926e-03
2.017716127621189785e-03
3.201366963313481695e-03
2.018179482260311266e-03
2.052139492892398904e-03
5.785008613103007936e-03
1.827132436187156898e-03
2.110975414822633019e-03
8.168495305935158726e-03
1.855305004480153680e-03
1.983704064219606825e-03
9.141673609883388049e-03
2.106680266182615977e-03
3.402446392286312751e-03
9.255019300356544069e-04
1.563242215652256746e-03
3.375813353819561834e-03
2.019592028505554863e-03
1.666106908833111947e-03
2.710685247624666869e-03
6.575271990245808683e-03
1.865217403994882429e-03
3.304387844812164444e-03
9.044523425900726638e-03
1.857308311339868172e-03
4.427102649381185577e-03
8.448210460862073815e-04
1.666264475934160555e-03
4.327661190205465101e-03
3.109249434947827448e-03
1.917286040287511425e-03
4.029558756814259624e-03
4.187840030993376234e-03
-1.838812157036989747e-03
5.010556439017874349e-03
4.131591631988762968e-03
2.827121236993851341e-03
-3.776697768147735390e-03
4.097333020357796490e-04
2.929957652704445574e-03
-3.704633274233028791e-03
1.676664191171045593e-03
2.598971377040937367e-03
-3.657425317843388066e-03
4.055969271173915335e-03
3.176862799635351339e-03
-3.850249217830093405e-03
5.244869152869841011e-03
2.940672982485909547e-03
-3.608588805537115123e-03
8.113665612478252950e-03
2.511067715594782722e-03
-2.554580910695178429e-03
4.896668265785745046e-04
2.681513126890636405e-03
-2.809733827786594501e-03
1.520800150090353227e-03
2.752076643257104268e-03
-2.479955135918526267e-03
2.950342663649622998e-03
2.801481348143632609e-03
-2.765493490762565947e-03
9.122065919533460174e-03
2.686793864187368621e-03
-1.524913237592860453e-03
1.531459231145628885e-03
2.566622054429448969e-03
-1.601017597887176768e-03
5.821616628519933959e-03
2.756501999148855842e-03
-4.488554147119153191e-04
8.156528061972021394e-04
2.738698022175684813e-03
-3.579848526930135759e-04
2.965193126535333075e-03
2.728261990891929327e-03
-4.007676235527778867e-04
5.751823722290483158e-03
3.047605908675660863e-03
-4.659665425516504745e-04
8.454713751263262522e-03
3.120278313457110729e-03
8.644366718525721676e-04
7.794718928034635426e-04
3.012526257078220002e-03
6.897669326299981545e-04
2.001275145108708745e-03
2.956118314946628439e-03
9.345336304367435863e-04
8.355932625774607422e-03
2.905791038827225305e-03
2.339010261338747825e-03
8.097936514107136226e-04
2.694545311054126046e-03
2.116929136363050225e-03
1.925003647608591537e-03
2.976657092062040023e-03
1.916275130007689563e-03
3.256408286452574467e-03
3.160119221256742824e-03
3.962879311026530800e-03
9.245398082190412620e-03
3.123366560485996840e-03
1.973840243671376622e-03
8.964292899509979096e-03
3.262319569526551423e-03
3.572187866871649655e-03
1.049654215021525450e-03
3.192250911268545207e-03
3.482119019103197856e-03
2.091455638140452683e-03
2.667679621167721483e-03
3.127024214615067420e-03
3.403469437657481982e-03
3.040045618498534406e-03
3.327739391345923680e-03
8.176956303850783925e-03
2.984375574425219679e-03
4.464640154888482003e-03
7.216274592623633495e-04
2.945214663963784812e-03
4.339046468468860974e-03
1.928011936968181085e-03
2.945428092601077349e-03
4.278341177600757626e-03
3.062282017723937707e-03
3.229823911808349900e-03
4.194024827424733953e-03
4.422764371413824211e-03
3.958078565430950616e-03
-3.990946560564274243e-03
3.993088266229039354e-03
4.022316694850284688e-03
-3.795518074804697488e-03
9.251154796463772687e-03
3.665414994930188668e-03
-2.774478305533424009e-03
6.402765666440328636e-04
3.782795282181597787e-03
-3.035569596237437141e-03
2.757218783997007587e-03
3.984823733304945596e-03
-3.054394601235595804e-03
8.001186488127417368e-03
3.927328891510255271e-03
-2.714026116652906544e-03
9.082500612791269412e-03
3.898406621903729562e-03
-1.551477129131665104e-03
4.394858149143387386e-04
4.071010200632718679e-03
-1.655796502858944983e-03
4.227786295322165031e-03
3.961256966720901052e-03
-1.671456897098612176e-03
8.020408706328696624e-03
4.017919450550288055e-03
-1.457048395353732892e-03
9.018259991498162043e-03
3.864418037020201247e-03
-4.994035468694657705e-04
6.445988918775791927e-04
3.573386899886780554e-03
-4.253527268197561167e-04
1.805698070786473583e-03
3.944654496610238738e-03
-3.588125388365248441e-04
3.080049698413777834e-03
4.041286978065648273e-03
-3.042489672740460887e-04
4.133941607291300065e-03
4.099728411322558011e-03
-3.558648124026730268e-04
8.064335491993377195e-03
4.037590123305208681e-03
-4.458730216451322519e-04
9.245354233670843858e-03
4.114816508865807437e-03
8.025449048194899281e-04
1.640784355802313559e-03
4.176445430009786443e-03
6.914203598150675967e-04
8.239589871516187630e-03
3.837715132425208609e-03
1.937253427974245561e-03
1.929035606500003382e-03
3.990702725550881146e-03
2.106122555994802484e-03
4.273842373704881195e-03
3.992187971920575611e-03
2.051387463649398391e-03
8.064441649684148811e-03
4.143454478809199294e-03
3.478808786522474220e-03
8.081539642139219616e-04
4.191446776214841248e-03
3.186457944989443646e-03
1.762966595034363504e-03
3.869188262844468380e-03
2.992280605624211744e-03
3.032895532746118349e-03
4.037976665633350067e-03
3.580984276556991881e-03
5.428941717442166935e-03
4.160868173961523864e-03
3.091120695944989290e-03
6.808660476864854261e-03
4.066872698863849625e-03
2.995104200069357951e-03
9.080647808123711029e-03
4.161780970422402498e-03
4.522638384138172492e-03
7.116713514912609935e-04
4.008820750175248054e-03
4.358939364505883853e-03
1.761952563838399587e-03
4.097965066861471509e-03
4.351640628105971249e-03
3.044736146716622936e-03
1.037830117579589513e-03
5.083720067861076906e-03
6.627778987352513085e-03
-3.795373255479741852e-03
5.005652557907218012e-03
8.244142242642650206e-03
-3.569485815200166764e-03
5.003144613621590339e-03
1.000300168015467658e-02
-3.002098474136908474e-03
5.012326810201727864e-03
7.167087265744734315e-03
1.644708801373121441e-03
-4.842413516145749677e-03
8.052598268125205419e-03
-2.345073795441030787e-03
5.005653026720349556e-03
8.780323675612126608e-03
-2.257585007475400828e-03
5.002524512271037602e-03
1.000307407318286324e-02
-1.539561246981443381e-03
5.026266572586512646e-03
6.191590315172866392e-03
-1.231046887325803942e-03
5.016295744447570037e-03
7.756413182208821144e-03
-1.031283377150571650e-03
5.006976632920679196e-03
8.872718613455801706e-03
-1.120933671526639155e-03
5.004806698939883933e-03
1.000292010511011527e-02
-7.870653398538943624e-04
5.026479739731614001e-03
4.429933087353004652e-03
8.439343613541271365e-05
5.068322514791408391e-03
7.564736970496945684e-03
1.364311148406010675e-05
5.055527572991867259e-03
8.870621219690903031e-03
9.987783785598944211e-05
5.059718538649677320e-03
1.001957364436840622e-02
5.796755438126619843e-04
5.127428485399640468e-03
3.158168782563287869e-03
1.388649511814298021e-03
5.125494551748989783e-03
4.076109974960825250e-03
3.046953996589152379e-04
5.099418924909965983e-03
4.047985166069858858e-03
1.324492434944357470e-03
5.086884415325003406e-03
7.739931100651102278e-03
1.305362783782363029e-03
5.090339443285187351e-03
8.784292461825170956e-03
1.202461277989298836e-03
5.091185080206557349e-03
1.001522187566133808e-02
1.080173176306648995e-03
5.092256481481084035e-03
5.618518160982761273e-03
1.792342550965047611e-03
5.168734535261639181e-03
2.656217614379117672e-03
6.454777785045893394e-04
4.197557611143412117e-03
3.400509974684060369e-03
2.536675363300513759e-03
5.146260542140256022e-03
4.016475537933719524e-03
2.503459266529433486e-03
5.124766523586839033e-03
5.205564218360965792e-03
2.375782934038686133e-03
5.106091073290006110e-03
6.436774239650581639e-03
2.515479466016618676e-03
5.109666996653393183e-03
7.551288382799072572e-03
2.590948252435431101e-03
5.113262329863118086e-03
8.843244915123397304e-03
2.530515154509212390e-03
5.122595578698428340e-03
1.000043430098566423e-02
3.775455987104554389e-03
5.245481368065078170e-03
1.435645480694672585e-03
2.563534779187867565e-03
5.217555064859938189e-03
1.534258818214177334e-03
3.731917568985595578e-03
5.205424855436620139e-03
2.670025652594316175e-03
3.765215912853810912e-03
5.168236971203775919e-03
3.896099630661654933e-03
3.731455913483277577e-03
5.140073314139457714e-03
5.109915779971255581e-03
3.736385491334030372e-03
5.121474807674082121e-03
6.326593661323150035e-03
3.740407203315245562e-03
5.117657528983163978e-03
7.544429182101057389e-03
3.833672700559036771e-03
5.125995155773319101e-03
8.895498939205062627e-03
3.752571604423993613e-03
5.129015294740519974e-03
9.993149953756245638e-03
4.949698816419168153e-03
5.246066026646838132e-03
1.440930257188276740e-03
4.955462076363189097e-03
5.211271281629174801e-03
2.668496542535906627e-03
4.959644266937444403e-03
5.168397726094552461e-03
3.898077919929412386e-03
4.966670293298859444e-03
5.123564748145336203e-03
7.537168679896889996e-03
-4.228428836662076647e-03
2.753893339928453754e-03
5.193626067572849891e-03
-1.966305008209828873e-03
-4.946087883887755575e-03
6.850744378127845632e-03
2.864481446209104273e-03
4.181974402733513833e-03
5.482282548879469433e-03
-2.920059175397001633e-03
5.019763876966783916e-03
5.454084467378584287e-03
-4.286507557089762506e-03
5.003772712596472362e-03
7.151838557846136243e-04
-2.390714988440095345e-03
5.006405952122188613e-03
1.488559879354011675e-03
-2.424149418225266493e-03
5.006638300937124933e-03
2.674208105334251705e-03
-3.061701813592372732e-03
5.010368887095704472e-03
3.875743176794427258e-03
-1.162613577423922970e-03
5.014287523904271612e-03
1.286201899431238527e-03
-1.125130196806610298e-03
5.014567633874085321e-03
2.655364808797342803e-03
2.144957005679854715e-04
5.129564511104561103e-03
1.775844722112594710e-03
1.290441972356827678e-03
5.196779400351517891e-03
1.430091011021128325e-03
4.947141869813226171e-03
3.469971969910056321e-04
7.697148315059652857e-03
4.781008220457024817e-03
-3.336637144523106092e-03
4.793782797397458731e-03
4.786653500395917499e-03
-3.410678626053741287e-03
6.075390004541726327e-03
4.800152731123222966e-03
-3.372321248963798535e-03
7.375889592519442421e-03
4.769908902042127412e-03
-3.291596069025143605e-03
8.768905614893260023e-03
4.733352461118988178e-03
-3.208329834997415177e-03
1.010454528377790866e-02
4.630634069769493794e-03
-2.666573993516097724e-03
1.626407490138210253e-03
4.703766437043678875e-03
-3.024528394754039638e-03
3.396209234227148387e-03
4.801119116644989200e-03
-1.971516031733155146e-03
3.790896347308797369e-03
4.894089664627848321e-03
-2.074489674892146616e-03
5.366696095113068256e-03
4.896177860713791727e-03
-2.084851829386175602e-03
7.529029736960384661e-03
4.838833088880715137e-03
-2.065442486250153222e-03
8.770012032559984863e-03
4.786407044461684669e-03
-2.026080499984569787e-03
1.008294071574602699e-02
4.797856954439503642e-03
-1.256960849794112791e-03
3.015600138719899941e-03
4.924341407680734271e-03
-9.205974949788784095e-04
7.518795087024537742e-03
4.898290185428467308e-03
-8.909975606436540407e-04
8.779951837985876251e-03
4.861894504086571381e-03
-8.619297013845098185e-04
1.005047890134653024e-02
4.885655257629122929e-03
-3.834922690599558274e-04
4.268137561551750385e-03
4.914722278963869206e-03
-4.331724819901972175e-04
5.010449139471899460e-03
4.928974144096470895e-03
-4.577679779048830842e-04
6.258681205312540720e-03
4.937692264044462112e-03
3.595008398050302152e-04
8.894657457698578948e-03
4.923559455021681019e-03
3.109960919355950031e-04
1.002738502080328595e-02
4.923798257461461936e-03
8.248862185928424384e-04
4.329448896527469080e-03
4.938047491319446161e-03
6.897322603828539254e-04
5.437107510722963104e-03
4.951582152953758545e-03
1.450001486961223756e-03
6.283092996659702355e-03
4.943992245627253264e-03
6.729335542234671577e-04
6.720338531914234192e-03
4.959803412443412364e-03
1.427569053622596441e-03
7.704284595266764311e-03
4.965456910057544984e-03
1.582626814244480823e-03
8.862579770709420532e-03
4.965457338435407680e-03
1.498761420110767285e-03
9.997026040966612917e-03
4.956313413153690464e-03
1.955427258946621991e-03
6.798008877441447974e-03
4.978338158861948456e-03
2.698900238888006769e-03
9.989490240604675247e-03
4.973608745378567918e-03
3.189418339158814602e-03
8.034064014722104227e-03
4.974284417512499223e-03
4.055564393332555112e-03
8.803914765458912758e-03
4.977167752748297945e-03
3.781658855793111531e-03
9.979899278872257293e-03
3.652379245602683025e-03
1.363831391633437730e-03
6.929787800542230349e-03
3.865203401107006765e-03
1.744194417781557956e-03
5.963454604105748041e-03
3.738225019278050044e-03
-1.692362108455141775e-03
5.917610700681877334e-03
1.796409756450210527e-03
3.551881425320349474e-03
5.023694331733229851e-03
-6.670462691532475646e-04
3.046948305558262998e-03
7.483807659906012953e-03
-3.028251817662485062e-03
-2.511210366975279856e-03
5.013578891872558750e-03
-3.944310301190428851e-03
-6.822099066828047091e-04
6.966714734042221691e-03
-3.925945046034489717e-03
7.468722455017588833e-04
6.974189612382381345e-03
-2.978308346914497386e-03
2.584712575691633114e-03
5.035987986376662222e-03
-5.207751839217858447e-03
-4.959916877011578788e-03
1.000605483353441587e-03
-5.248891353661530070e-03
-3.836782063531021109e-03
-3.866048430520253190e-06
-5.223649106464965663e-03
-4.145086055304966419e-03
7.118057525790778654e-04
-5.225495257650971878e-03
-3.026338876297194908e-03
-1.376082670617759033e-05
-5.198581629535277068e-03
-2.815968087396990109e-03
8.749613660176697866e-04
-5.190351862846143659e-03
-1.812119151100943662e-03
-3.484257012128667011e-05
-5.087125749473220965e-03
-1.240947375740802027e-03
4.261546484863470291e-03
-5.124223814526160728e-03
-6.088331178203058424e-04
-4.348211623447805120e-05
-5.110712886983287927e-03
-8.047937884156758891e-04
1.697399200908043717e-03
-5.076484137582443733e-03
-6.618579304572907128e-04
3.264757504216327620e-03
-5.014267183059732506e-03
6.185058002788817793e-04
-7.712612691919370456e-06
-5.021780871830733468e-03
5.272053965501789698e-04
1.951564602069688842e-03
-5.008567797600746094e-03
1.079347140247425684e-03
3.491622874357745709e-03
-5.025031279070693753e-03
4.508482964963276564e-04
4.358774189442966678e-03
-5.023481656029647052e-03
3.246764757900638210e-05
7.003618123098112082e-03
-5.006577682041899423e-03
1.837509080138031601e-03
-4.159208880998384128e-06
-5.007281590420115287e-03
1.759057995749509174e-03
1.684414734790267440e-03
-5.009910280238038735e-03
2.257796389124871496e-03
3.139147720183134600e-03
-5.014395022871875884e-03
2.178443868336789151e-03
4.664591527656803717e-03
-5.013683745939107039e-03
2.236115359578572104e-03
6.126731815977489413e-03
-5.010572332729072188e-03
2.349508708840105254e-03
7.346921691703524500e-03
-5.007560290640096501e-03
3.059373771798822115e-03
-5.087295567797333388e-06
-5.006764083434409041e-03
2.944290290774228061e-03
1.779828688300831054e-03
-5.009543290553638423e-03
3.230099604622675442e-03
4.260880720353231801e-03
-5.011184581063666058e-03
3.572651385170878737e-03
6.122541133727314386e-03
-5.003955838386161745e-03
3.547105221606224740e-03
8.358943796461975120e-03
-5.001859076869154264e-03
3.568194315265654955e-03
9.284916441004096785e-03
-5.003140077697768896e-03
4.287093573757692032e-03
7.142919016747982302e-04
-5.003104287042092757e-03
4.164436469680977797e-03
1.908029252250296494e-03
-5.007465136586218037e-03
3.853135164586322155e-03
3.298852086539951975e-03
-5.006565027360686780e-03
4.288098880506893695e-03
4.895226316899482268e-03
-5.002153251915477696e-03
4.232459627632549279e-03
9.152637172911285909e-03
-5.004099759192011908e-03
5.002387450994441945e-03
7.344368062243457340e-03
-5.000428567535232689e-03
5.000505794193076461e-03
8.679091275665367158e-03
-4.996713851926145797e-03
5.000605458540165020e-03
1.402560056877350013e-03
-5.001940842776496018e-03
5.002831694584737934e-03
2.448125443383689787e-03
-5.002519680235744878e-03
5.003017387732386356e-03
3.670078722378434209e-03
-5.003424016524317744e-03
5.005282982955385276e-03
4.895672552882036378e-03
-5.005044893019990580e-03
5.005906565477726347e-03
6.122203955736706463e-03
2.188149450428037660e-03
3.701613752088136859e-03
5.991295692476221978e-03
-3.099783421254683098e-03
-2.931015087084193945e-03
5.979498270734166614e-03
-3.767181233092846762e-03
-2.129267067369995225e-03
5.990388609817285347e-03
-4.432805005578998800e-03
3.676262623335781448e-03
1.001662490092613926e-02
-3.624468362586673841e-03
-1.763938274046235408e-03
1.000943296055472817e-02
-3.367574419678256038e-03
1.147106888161081740e-03
1.002442603426417084e-02
-3.424288375828424529e-03
2.510816332725693701e-03
1.003677871969870482e-02
-3.739354319379030456e-03
-3.371912945719961023e-03
9.987624496740123495e-03
-2.246619556718011147e-03
-2.350776921325348646e-03
9.995764867795376221e-03
-2.381626895472424912e-03
1.280846592455339380e-04
1.002513051108001180e-02
-2.420861663169632770e-03
3.769998866111441780e-03
1.003313184679707759e-02
-1.201110726510939324e-03
-1.067282031658835185e-03
1.001261103556556724e-02
-1.019637847202292582e-03
2.403936578350237998e-04
1.001926558189907002e-02
-1.147526793749468988e-03
1.367909204672171407e-03
1.002798706993240398e-02
-1.168671058407305501e-03
2.752996087493199927e-03
1.003779828412620923e-02
-1.103397736061806226e-03
4.128521277805666072e-03
1.002564526579122033e-02
1.413655472780948983e-04
1.192706228710777288e-05
1.000851175241641335e-02
2.900305975262386591e-05
1.358198602573592500e-03
1.001996060913049394e-02
-7.392054031391136659e-05
2.697627747528481574e-03
1.002640313025966907e-02
9.785539461810553068e-05
4.343179763804838785e-03
1.002208234695325592e-02
1.332679665944772659e-03
1.408427334838903639e-03
1.000847491030396053e-02
1.316769362224048034e-03
3.154377511431953520e-03
1.001508117373612304e-02
2.494334252736649712e-03
4.148052977090550125e-03
1.000249572693986087e-02
3.037042997512441785e-03
2.687833957274599148e-03
9.997282048891461756e-03
3.893101056437275800e-03
3.997459741473113892e-03
9.988681748887793047e-03
-3.371648217680763265e-03
2.624373320011297132e-03
6.007728473778045815e-03
1.306874764548765630e-03
2.851144517081994310e-03
7.476110928522064145e-03
1.997067647692973846e-03
3.426880980094821477e-03
6.960169791506460625e-03
2.905183968310302151e-03
-5.543447771251105907e-04
4.452445587742221399e-03
1.747458424542486363e-03
-3.319703623417987175e-03
6.892039866413252752e-03
5.839173913629068036e-04
-4.895863036071789950e-03
5.700063018549287111e-03
-4.535475046142893943e-03
-4.951488606852123657e-03
-2.250321519150572580e-05
-4.487002395984608302e-03
-4.956301400051752772e-03
1.208855444154485759e-03
-3.319215582472848959e-03
-4.928658406213177502e-03
-7.484503687986090613e-05
-2.129252559933451916e-03
-4.880767022444848328e-03
-1.376282471872398517e-04
-2.016991462249972337e-03
-4.889507806054926332e-03
7.494077307479341714e-04
-2.238962952402478220e-03
-4.913385145018668229e-03
1.806055331934255243e-03
-1.966557933124498964e-03
-4.918811864677677913e-03
3.611676603857281315e-03
-9.478418867748801373e-04
-4.812499804038132545e-03
-2.126652651709330199e-04
-6.417692983169891001e-04
-4.810728982449254121e-03
7.959783929444852468e-04
-8.624966384596435831e-04
-4.843353277142660278e-03
1.782929824498248692e-03
-7.965249215491794748e-04
-4.886766891247282425e-03
3.044630490110792221e-03
3.699920344268869911e-04
-4.678273477729266890e-03
-3.182713753690172439e-04
2.581369935877889858e-04
-4.724756877971478600e-03
4.396682032291640129e-04
2.627185475977327303e-04
-4.794471256374247155e-03
2.038101246503619228e-03
1.540523061684643310e-03
-4.573932241449205419e-03
-3.972984474873260331e-04
1.674264951308512394e-03
-4.633925978536082568e-03
7.262377664989422450e-04
1.484934135998828555e-03
-4.688273463674112740e-03
1.643473927696086296e-03
1.474138656546348375e-03
-4.740352482044762374e-03
2.949349956089993181e-03
1.640767108749688081e-03
-4.833743863333126063e-03
4.710140412754325323e-03
1.690824947485662037e-03
-4.868357648791368959e-03
6.767666834861521367e-03
3.031693689201250992e-03
-4.465497284625600562e-03
-4.852047143429398740e-04
2.588063908567561286e-03
-4.613404871105800109e-03
1.457958466506993275e-03
2.725511061804770842e-03
-4.681843181941492023e-03
2.868608775378225957e-03
2.832114490866819573e-03
-4.789578017920375318e-03
4.693254028806254259e-03
2.875764896372188552e-03
-4.835766602818674341e-03
6.770913383754192418e-03
3.711281607070805386e-03
-4.517223464387994103e-03
1.321901597121502092e-03
3.625890652297433618e-03
-4.600639637459757840e-03
2.563278207094419735e-03
3.757984361517564820e-03
-4.674575672477123724e-03
3.779882505308504274e-03
3.764541654689205347e-03
-4.727694115944302070e-03
5.102768579494085244e-03
3.871943335255123228e-03
-4.708624033770374313e-03
7.948521728647064619e-03
3.517146554527338619e-03
-4.711779637605289887e-03
8.966151038892939545e-03
4.486271893244259817e-03
-4.490062605479084798e-03
9.327022787316238163e-04
4.552156823368912024e-03
-4.512860043202983340e-03
2.010323118320823683e-03
4.641257310306754445e-03
-4.600979894536664193e-03
3.528899845642143821e-03
4.706026104132972517e-03
-4.650259016244029896e-03
4.637531311475064782e-03
4.773922728912579488e-03
-4.657009514312981241e-03
5.955214423338817467e-03
4.716005335813195504e-03
-4.679198501811903527e-03
7.464356474691090371e-03
4.715449403530036672e-03
-4.638013129838397704e-03
8.617825943083256418e-03
3.652128837421832978e-03
1.351399349344596526e-03
4.989506618833450084e-03
-6.407078629290607983e-04
3.901426336533776046e-03
6.973991989672625666e-03
-2.122555984447244571e-03
-4.941354419144870953e-03
5.414085988899928863e-03
-5.165145553133398786e-03
-4.960683717849993443e-03
2.457743859956803330e-03
-5.132778857170143191e-03
-4.946795657752199420e-03
3.741700356327632478e-03
-5.094749855774898840e-03
-4.966346610017508684e-03
4.892968017613423884e-03
-5.078516258664469117e-03
-4.970686377358889130e-03
6.110683405679713347e-03
-5.070672964374703384e-03
-4.973188689860641616e-03
7.327078113633239860e-03
-5.071334581513507744e-03
-4.981695852741824596e-03
8.546151619480571102e-03
-3.282474490373424661e-03
-4.940619148727012737e-03
2.213977816821093188e-03
-4.430727571778601652e-03
-4.954999842456743117e-03
3.155664451883700029e-03
-4.188519561364073204e-03
-4.961077700441745772e-03
5.570931270197417712e-03
-4.354274254422913285e-03
-4.976238074521437647e-03
8.035796331671242118e-03
-3.163634034581254764e-03
-4.946212296257801455e-03
4.355115571218860955e-03
-3.196967109204259128e-03
-4.955262862000616060e-03
6.602977965946673668e-03
-3.064286030032391771e-03
-4.974701162465417631e-03
9.099705470399793369e-03
-1.924611205091560605e-03
-4.958516484431356626e-03
8.362638853903070144e-03
-6.913507324175678648e-04
-4.918683986225774740e-03
5.544777507663629749e-03
-1.908822444035245382e-04
-4.922361336788708130e-03
7.287741290570373676e-03
-8.462733618844713165e-04
-4.933915555966804367e-03
8.213922902087701650e-03
5.154946211020147847e-04
-4.888577974163003589e-03
8.462303674423528321e-03
1.372454564849978588e-03
-4.829930983133993994e-03
9.229517871428701351e-03
-6.480525295287350778e-04
3.908808664489535172e-03
5.033603560103722292e-03
-1.385344462029981490e-03
4.090713868741523325e-03
6.006681710471333500e-03
-7.087616479985540388e-04
-3.762730639933776263e-03
4.972637481177858212e-03
-8.546066718019214347e-04
-4.084262766311557574e-03
5.940838751496777502e-03
-4.302136710104800289e-03
-3.688826774490797968e-03
-3.964987333343817288e-05
-4.478291694585125222e-03
-1.805119489316015218e-03
-5.198178250933195821e-05
-3.829658415818780123e-03
6.298127557487141455e-04
-7.750516192529729185e-05
-4.075763819602284087e-03
1.625137519886019673e-03
-6.164449028981766436e-05
-3.906178318647562930e-03
3.144099856268131946e-03
-5.494397581938871859e-05
-3.173123619214960472e-03
-2.119846580351436062e-03
-7.982571525726345370e-05
-3.211144505811383207e-03
-5.594963625485575116e-04
-8.897215285795172072e-05
-2.564694396504764960e-03
4.428031226921005882e-04
-1.086036796652822698e-04
-2.554394116848605206e-03
1.909527387125094407e-03
-9.724817648227760498e-05
-2.592577503286318859e-03
3.093457384519754123e-03
-8.536978869910545750e-05
-3.240801491912125368e-03
3.955908451164610179e-03
-4.653214660743378820e-05
-1.945610730019591396e-03
-7.736589510972378438e-04
-1.092925409922200530e-04
-1.137189977152312879e-03
7.042419931581509699e-04
-1.118422875122152525e-04
-1.809952447451932799e-03
4.018351294317963965e-03
-5.817077476989692731e-05
2.611396649222075934e-04
-4.212619953585403586e-04
-1.525544856611254141e-04
-3.184979646604307966e-04
3.930683872507503992e-04
-1.248028108155364044e-04
-6.771498507046068470e-04
1.955936306512851258e-03
-1.084998370506695334e-04
-8.290530069701321052e-04
3.320367130662470710e-03
-8.748184112564742949e-05
1.134882968808949332e-03
1.104635222053964487e-03
-1.227645739087490618e-04
3.803774867581096158e-04
1.750319649877293869e-03
-1.129776311666337276e-04
5.759164739947788582e-04
3.211117616119366341e-03
-8.497266273608965247e-05
2.103453535810107574e-03
3.350943110748822763e-03
-5.723654117240679245e-05
2.531886495594681298e-03
4.469158195992086260e-03
-2.555598746650623331e-05
3.689292546742543432e-03
4.397743872033572053e-03
-2.419362503023177814e-05
2.290062944265570943e-03
5.253479589822593679e-03
-1.017947344720483336e-05
3.432164947327264511e-03
5.280278858812156167e-03
2.714522946788644031e-06
-3.568734848201318699e-03
5.004469006839097102e-03
-3.542339056442156874e-06
-2.551587601582331385e-03
5.005877633042390799e-03
-5.309669087538240682e-06
-1.328975343108784041e-03
5.004886205555764307e-03
-6.143261530795938343e-06
-1.086689184592447857e-04
5.017860619323770074e-03
-1.000385160255384820e-05
1.451503510216845807e-03
5.189741826718306111e-03
-2.736617350741813820e-05
-4.274498065915450888e-03
-3.780075481284613220e-04
6.000526043009994821e-03
-2.522973674453856015e-03
-1.797387843547651552e-03
7.465326405924991963e-03
-2.419397668270242309e-03
-3.796966405978398178e-03
9.987796345191283717e-03
-1.077189265821478425e-03
-3.524167459805567677e-03
9.993091261843140005e-03
-1.179801898828590403e-03
-2.321599092547394372e-03
1.000071892028992979e-02
-2.502798245984592240e-05
-1.991151954824973026e-03
1.000359014825819362e-02
6.885753430377408724e-04
-3.702742412752110020e-03
1.001995611740921256e-02
1.179060690928009254e-03
-2.192313540346310652e-03
1.000347302867373583e-02
1.218385334937266504e-03
-9.917875675436323667e-04
1.000756842127945370e-02
1.282278622451577454e-03
3.171285950851046912e-04
1.000567832865016486e-02
2.340401257563135950e-03
-3.338736485719315163e-03
1.005112011214477109e-02
2.427710292525844284e-03
-2.158990703352791762e-03
1.001733734636843162e-02
2.570655826199014400e-03
-8.703014117916151038e-04
1.000431031075864168e-02
2.401822099472046990e-03
3.049965809677197652e-04
1.000441357628074034e-02
2.785193997824632860e-03
1.511294719723774334e-03
9.995608868338485761e-03
3.583938319039239959e-03
-3.374340884703331839e-03
1.007437270655206149e-02
3.829235662308012964e-03
3.187213662320037620e-04
9.998720597039685923e-03
3.627647581693298467e-03
-2.237664478411803114e-03
1.005392408492934535e-02
3.857618527023994916e-03
-9.603188433062722967e-04
1.002872007970999520e-02
3.966936116737042675e-03
1.505876280322356216e-03
9.990576896226822934e-03
-4.131970875471455314e-03
-4.990218627924397632e-03
9.978145768407501587e-03
-2.857840453566588314e-03
-4.976552621112026800e-03
9.979479648754939827e-03
-1.942825418196492430e-03
-4.958767526831081573e-03
9.977462795983969152e-03
-7.348785080504940427e-04
-4.936885916463360294e-03
9.988607578137234308e-03
7.746142250324261451e-04
-4.856874942394015862e-03
1.005454203490231853e-02
1.593160858863874700e-03
-4.784245564138487998e-03
1.008455376417482716e-02
2.781358737282254613e-03
-4.715109770491127811e-03
1.009304485821544556e-02
2.986270112820716815e-03
7.394223718317282723e-04
7.443104692492865000e-03
-2.972116271830189341e-03
2.578922828132711263e-03
6.976333863078097199e-03
1.693458064739113275e-03
-3.717139941598122770e-03
5.913648440258310358e-03
-5.049577974480374404e-03
-9.585494292786750532e-04
6.506050314465532808e-03
-5.191665208166693773e-03
-4.303482153747924081e-03
1.590077914421874445e-03
-5.169236836179467477e-03
-3.393420092448860056e-03
2.169647662976049735e-03
-5.085433096644971854e-03
-4.254211005898981754e-03
5.608131039936820050e-03
-5.069597745338390304e-03
-4.252314243030911461e-03
6.826812134193216246e-03
-5.072435719850179603e-03
-3.921499232162834261e-03
8.122537699427626046e-03
-5.076057067049195327e-03
-3.594093586684318775e-03
9.074979420922731077e-03
-5.119313909226109668e-03
-2.179546787011424000e-03
3.388052163179628568e-03
-5.106175341126124867e-03
-3.439204930556782197e-03
4.433938924965344884e-03
-5.083775328180565635e-03
-3.029201144495809010e-03
5.614110953850721779e-03
-5.070523150000142906e-03
-3.053797533171823987e-03
6.891679791075465931e-03
-5.068637255681326774e-03
-2.673482083768222856e-03
8.340199057224934390e-03
-5.070444362789327565e-03
-1.789257257593417560e-03
5.767649119986555106e-03
-5.064062976127830726e-03
-1.636209605704954523e-03
7.339236695039321953e-03
-5.033652970614263880e-03
2.512754977579611734e-04
5.653754416323113555e-03
-5.031388444438227026e-03
-1.032165878835514597e-04
9.295514464918785275e-03
-5.010773677633716117e-03
1.130636646946527133e-03
7.077750558294829478e-03
-5.008991778765632674e-03
3.673550752506522625e-04
8.131967352258656634e-03
-5.005702526014395130e-03
1.696197264432105318e-03
8.698289740433049616e-03
-5.074599134330885775e-03
-2.333043013567436159e-03
1.000281297318298020e-02
-5.066158713419414983e-03
-1.318067529708709645e-03
1.000930414192132203e-02
-5.005036559514131241e-03
1.121190207477380752e-03
1.000673245456334265e-02
-5.002526302417721268e-03
2.344930189498519585e-03
1.000219893226942693e-02
-5.000970558576945529e-03
3.568107057803653406e-03
1.000079082502766149e-02
-5.001101995553691552e-03
4.154072790872482060e-03
1.000076037938609809e-02
2.960664402389671934e-03
-5.126931069213860707e-04
7.426097512305643647e-03
-2.444223860368124977e-03
1.909452812054463020e-03
7.484395444505602922e-03
2.976800264271937165e-03
7.433671737153564303e-04
4.470916811818680114e-03
-7.113395645417663763e-04
-1.949446765537848469e-03
4.651846616849693999e-03
3.608342256603196217e-03
-1.060298059888772427e-03
4.955396125863396027e-03
-3.126440129121854129e-03
-2.382815083445134850e-03
6.951543896261114935e-03
-3.335651353286822347e-03
-4.217806019037971879e-03
-7.136775688085396753e-05
-3.105430854338296024e-03
-3.366038856122739991e-03
-7.815304665382104689e-05
-2.133355638004927075e-03
-4.166071928994619436e-03
-1.297245758454972423e-04
-9.479161157608196947e-04
-4.100771457249925873e-03
-2.006511633790350599e-04
-9.270468717816339162e-04
-2.876840002331019792e-03
-1.577274106602927206e-04
-6.125765645666222774e-04
-8.092836881493466932e-04
-1.358144277271007517e-04
2.169338856091656642e-04
-3.985310968009329533e-03
-2.721720696072752886e-04
-4.792999295448383013e-06
-2.984958586326053910e-03
-2.095229505254156920e-04
3.315800478734595843e-04
-1.573730585377485815e-03
-1.867333404787118367e-04
1.138735810468175739e-03
2.291934051321383803e-04
-1.475945960150853184e-04
1.395536877036151124e-03
-3.879618439274098041e-03
-3.503982035638093925e-04
1.445246374327168511e-03
-2.677546081242392420e-03
-2.800069438526738225e-04
1.658818414921624023e-03
-7.706549285230067034e-04
-1.943563030037357840e-04
2.351505352445115889e-03
6.143024908383468022e-04
-1.452259552352969422e-04
2.034302586222119010e-03
2.048858698704196686e-03
-1.003477088037779664e-04
2.576266448037692683e-03
-3.791759447758663061e-03
-4.121421551146366830e-04
3.134027128134948565e-03
-2.572797657649889339e-03
-3.701001336691083312e-04
2.854215753959854843e-03
-1.329445985411848320e-03
-2.770889744217233642e-04
3.425059632797737216e-03
9.802833260898183212e-04
-1.538723219103443755e-04
3.113749260667366021e-03
1.854833766522906956e-03
-1.035375083152887543e-04
3.225432164816333623e-03
2.981783592598940841e-03
-6.544519450535002587e-05
3.874285633951145367e-03
-3.375029582428245700e-03
-4.646346457162003007e-04
3.628034480957838259e-03
-2.005715114428369825e-05
-2.205375979028667359e-04
4.085069717260906251e-03
2.219512484853410333e-03
-9.757041086740542201e-05
-8.846237800175922551e-04
-3.748403307012117963e-03
6.914349709764012510e-03
3.479437435476882140e-03
-1.468187349011524680e-03
6.894882309009757633e-03
4.771953221784882779e-03
-7.335808996152994163e-04
1.170072983347373230e-03
4.882261526414307697e-03
3.758951814434878980e-04
2.509312110647697255e-03
4.885805778761441627e-03
9.758831676825631277e-04
7.206691548259719837e-04
4.923414176007914929e-03
1.976132532554221877e-03
1.484499070647057667e-03
4.918165171172584303e-03
1.580613646007842949e-03
2.810978644238053530e-03
4.940693240135313885e-03
2.782965573636589276e-03
2.577900943332007717e-03
4.944009335915016366e-03
2.344089096959558593e-03
3.780553923366826007e-03
4.952234231739944745e-03
2.350197561986648240e-03
5.394412635913024834e-03
4.944174879469375762e-03
3.297659047169805915e-03
9.990807431547272729e-04
4.947646817735324755e-03
4.047251946794439698e-03
2.653308540607934776e-03
4.956329340903194332e-03
3.816489362550215710e-03
4.425628051112885653e-03
4.952435501672415238e-03
4.533073828712986565e-03
1.422758004162148586e-03
4.966144434415280251e-03
4.158492195510796532e-03
6.208797169969410348e-03
4.961273901188135819e-03
5.135683023336748594e-03
5.468129226460537347e-03
4.973543225770578856e-03
5.134665731922433314e-03
9.115361813604245383e-03
4.570629216667640958e-03
-2.153975184410648457e-03
-4.271091793205632333e-04
4.630609292390897892e-03
-1.329257722256056533e-03
-3.777470672174579997e-04
4.775665158591684174e-03
-1.008233343130903608e-04
-2.712027771427731582e-04
4.891218697340606394e-03
1.338341341222635920e-03
-1.644097070716868088e-04
4.931536279975277590e-03
2.416213725863158163e-03
-9.280776038734580180e-05
4.950312325617154015e-03
3.727421388703797741e-03
-4.117349124524253694e-05
-7.927023600307458312e-04
-2.898637316782452615e-03
4.467745104502451360e-03
1.166233190431121419e-03
-2.653939846893737988e-03
4.444181180977081584e-03
