-5.001786496569847126e-03
-5.001285327466071032e-03
-2.560872279786733350e-06
-5.079616628892091520e-03
-5.084350176231261856e-03
9.767358474059750079e-03
-5.002390528989824822e-03
5.002079188803311080e-03
-3.986901763615917932e-06
-5.073388006823153877e-03
5.062363191660884491e-03
9.774468534055991836e-03
-4.241354333448257852e-03
-1.546528023452052288e-03
5.905900107572243166e-03
-4.241069135156903119e-03
1.539567305239731209e-03
5.907914863115788263e-03
-3.912476522210312987e-03
-1.425752065880627958e-03
4.947896177139007694e-03
-3.910782090112053903e-03
-1.427163951008098182e-03
6.864188275482909288e-03
-3.912012664120419550e-03
1.420979455686871432e-03
4.948261521073330123e-03
-3.913088942892273270e-03
1.419355684809814507e-03
6.866390250676073642e-03
-3.077111485780893805e-03
-1.121935303756821899e-03
4.438978518983978730e-03
-3.075251771919927917e-03
-1.123776881135285554e-03
7.376104997619268092e-03
-3.076337061590954294e-03
1.116676144497380681e-03
4.438486754699381281e-03
-3.077088847274065102e-03
1.116548023512877819e-03
7.377222253492332280e-03
-2.255877672595342585e-03
-3.909957144506900732e-03
5.903341997878458133e-03
-2.256317595071353176e-03
3.904102475558534398e-03
5.906600394028036459e-03
-2.124234165876922893e-03
-7.759110156602543485e-04
4.616630107969290665e-03
-2.123125862481034087e-03
-7.774013872213137626e-04
7.199014816991612491e-03
-2.123860297899479374e-03
7.706283917490723990e-04
4.616298140102755368e-03
-2.122640362233853013e-03
7.702854623823203678e-04
7.202140298436847388e-03
-2.080254571182271750e-03
-3.607266111254154792e-03
4.945099098277156054e-03
-2.080828011863766324e-03
-3.607811504482030633e-03
6.863194959015894020e-03
-2.082027809751466584e-03
3.601161481160378326e-03
4.949303873256415479e-03
-2.083691639348340691e-03
3.601453007625300250e-03
6.865030004202330588e-03
-1.636758673737895211e-03
-2.837053473179911023e-03
4.436048139367235361e-03
-1.634977314133035037e-03
-2.838594810418920613e-03
7.375086257038590380e-03
-1.636717238226458732e-03
2.830991930481572584e-03
4.439769934270821825e-03
-1.636694836721882922e-03
2.832281301241964828e-03
7.378444340140118823e-03
-1.502578502753466536e-03
-5.493572243102710874e-04
5.398045137562230457e-03
-1.502789155253335396e-03
-5.502893135631931271e-04
6.418212788575535996e-03
-1.501867637182487808e-03
5.440800442424575251e-04
5.398625421097659992e-03
-1.502094569960516109e-03
5.441610624709119440e-04
6.419921600848044370e-03
-1.129731913122183039e-03
-1.959950849872546270e-03
4.614899914003004790e-03
-1.129061365417035820e-03
-1.961481522513130581e-03
7.199697559840283201e-03
-1.130257675425124647e-03
1.954430645761651673e-03
4.617111156622827686e-03
-1.130697239828893459e-03
1.955005115472383936e-03
7.201660396226604831e-03
-7.981797340385436961e-04
-1.385900459203696141e-03
5.396554486817299601e-03
-7.972255875875924446e-04
-1.387726601814632133e-03
6.418056599942757040e-03
-7.989313588033134612e-04
1.380750607085938627e-03
5.399519649190017041e-03
-8.003897444566324994e-04
1.380584761530435954e-03
6.420049444956014463e-03
2.775609591501957286e-04
-1.575315965648954554e-03
5.397397335037464744e-03
2.780332231682181303e-04
-1.577132776124692262e-03
6.418345332530994707e-03
2.760350422875158783e-04
1.569986695474058763e-03
5.399508475083122060e-03
2.762025837585297653e-04
1.569801295983996219e-03
6.421563512418159043e-03
3.931599998897877422e-04
-2.227165531776027860e-03
4.613522585232568245e-03
3.931140219520056064e-04
-2.228904500899142778e-03
7.200312331456361868e-03
3.903963287246501961e-04
2.222017826614558662e-03
4.615906540421838705e-03
3.926963816442096658e-04
2.222485244340363653e-03
7.203023073168155800e-03
5.686222514864735372e-04
-3.224984205075118529e-03
4.436682893035132774e-03
5.689997235338843272e-04
-3.226936305446063535e-03
7.375428105205964445e-03
5.659634279055501338e-04
3.219456626246312934e-03
4.438036367094315253e-03
5.679273749149148405e-04
3.222072155080238018e-03
7.377817815675587892e-03
7.224818703753004478e-04
-4.100721086786304585e-03
4.945218690602248487e-03
7.231164929800928303e-04
-4.103019881441912799e-03
6.863316121471930119e-03
7.205454249563079429e-04
4.095484769543162630e-03
4.946809460484016298e-03
7.213026006433107505e-04
4.095275856148996099e-03
6.866384438971502926e-03
7.844037032986756223e-04
-4.445572985361739317e-03
5.903399911851144218e-03
7.818209197005912027e-04
4.440449073255951611e-03
5.906227545111347559e-03
1.223638864945181650e-03
-1.029255416728999369e-03
5.399476712605647509e-03
1.223986231667982365e-03
-1.029882502412398987e-03
6.420653635018895231e-03
1.222438227068519540e-03
1.024325271721108913e-03
5.399813092287861216e-03
1.223390002760981529e-03
1.024509813256865550e-03
6.420962559625456763e-03
1.595838275688878658e-03
-2.639348274025173256e-06
5.399147235990247283e-03
1.598680484854165173e-03
-2.764888973634493439e-06
6.420174530650371580e-03
1.731141379336278161e-03
-1.453409328311094147e-03
4.615667037972728641e-03
1.731699947374637678e-03
-1.455189017414680553e-03
7.201135785071382037e-03
1.729715479398608426e-03
1.449822464262073363e-03
4.616287077021248055e-03
1.732311655406073214e-03
1.450590529991798361e-03
7.200193960033817765e-03
2.257982688336609457e-03
-2.011505879472790469e-06
4.616377903840375441e-03
2.260896168541342861e-03
-2.128109885753869668e-06
7.201087894030671656e-03
2.506970283062070169e-03
-2.105008152800724990e-03
4.436475515513506503e-03
2.509202294258200579e-03
-2.107136997795952104e-03
7.374860626594001087e-03
2.505918662136462187e-03
2.101558937104217040e-03
4.438118533023729766e-03
2.507887312722299322e-03
2.101942721654041953e-03
7.376229920909373704e-03
3.187359239241486716e-03
-2.676664096853184800e-03
4.945933903106226534e-03
3.189945991602343225e-03
-2.679052132751987263e-03
6.861373516800214206e-03
3.187143393909172995e-03
2.673337312525304269e-03
4.946620048983347423e-03
3.188040746558465713e-03
2.672934026021390411e-03
6.863621074701894281e-03
3.270791552831151840e-03
-1.964821073465297977e-06
4.437982195625580009e-03
3.273145974652343082e-03
-2.347184592107347198e-06
7.375876499598170086e-03
3.457511964153386387e-03
-2.904256954352541463e-03
5.902797092203255006e-03
3.454893379178087046e-03
2.899200826567026844e-03
5.904318814315410655e-03
4.160538092622192118e-03
-1.959995774864945574e-06
4.946211070163451275e-03
4.162095535064594398e-03
-3.040338597268298604e-06
6.863774553359226066e-03
4.512194415866836381e-03
-2.853084336565838530e-06
5.904127620219531448e-03
5.002641897695772263e-03
-5.001388729290726608e-03
-2.640062351881832286e-06
5.074606875557139546e-03
-5.076832566023084178e-03
9.770192930536198903e-03
5.001552122433671962e-03
5.001903046360090498e-03
-2.436517457974031134e-06
5.071950315055189819e-03
5.069909242624134373e-03
9.774656721812798391e-03
-8.117367161839627969e-04
-3.548168267516802962e-03
2.496139796838444270e-03
6.066525717892952245e-04
-1.153805195930895141e-03
4.140365078992118419e-03
-3.774196068646314822e-03
-3.862603543021963810e-03
5.338778180244589840e-03
4.194794788537531231e-03
4.562316127035387055e-04
3.490311370428830252e-03
1.336223081932640675e-03
-4.986901140939898822e-04
3.168376837177337962e-03
-3.948228820982851170e-04
5.009147877687844530e-03
5.764313041905741973e-03
-4.004318389734284542e-03
-2.171866213957544768e-04
9.831299139755739908e-03
5.487826594322314138e-04
-5.041312722450847460e-03
3.924011611291633450e-03
-1.236072410727901512e-03
-4.532985532629556138e-04
1.263589841733333934e-03
-3.857738054562535141e-04
-1.368588314927923376e-03
1.119173114829986231e-03
1.880932080684293321e-03
-3.674411393320354408e-03
8.479259277047963839e-03
3.543920473323153558e-03
-2.777213007398970923e-03
8.249919452934528080e-03
3.543480546432051844e-03
-1.453557616368307158e-03
3.759680306436711996e-03
-1.541519512290015622e-03
-1.439907124623364398e-03
1.928616198230070780e-03
-1.139016769467218531e-03
3.802728675419215359e-03
1.663257394688504769e-03
-1.730742242649184774e-03
9.982528381147724988e-04
1.964308797131153299e-03
5.302978974587730905e-04
-1.463064938761789256e-03
8.704397603348831836e-03
-3.520283994511969576e-05
3.709206199059364526e-03
1.784589290959008459e-03
3.560072749404244127e-04
-2.090398158715527088e-03
1.431377658019143901e-03
2.680077524276877881e-03
3.613085424915112574e-04
3.085779903450407667e-03
4.026624778234793797e-03
1.459801291953014219e-03
3.013399495474857696e-03
6.894597480098114397e-04
-3.351482480997131693e-03
5.716297624726029113e-03
-4.178502670931964237e-03
-4.135151237890068859e-03
1.662513871664667324e-03
-6.580056091102532562e-04
2.802809240843659542e-03
6.324177541082988581e-03
-3.804298371237484124e-03
-4.152613658091048980e-03
6.710748152946426244e-03
-4.337867876653593059e-03
-4.291600570155929863e-03
7.836167405007607098e-03
-4.359631627180176813e-03
-4.257132610290909232e-03
8.805204588374910060e-03
-3.990749275963031972e-03
-3.160155801265495789e-03
8.206331574079999119e-04
-4.289238105866723279e-03
-2.923881876845940177e-03
1.724072664805949111e-03
-3.702009074626607006e-03
-2.809728535698293502e-03
3.271675340871947786e-03
1.932334138396370931e-03
3.930400640215295401e-03
8.034292463271133430e-03
-4.055451879635160566e-03
-3.028242584596949408e-03
6.565747178811783338e-03
-4.187450819033131794e-03
-3.350178248667830348e-03
8.070345373508973352e-03
-2.822845411780138241e-03
9.304023293295314058e-04
5.986092292825835777e-03
-4.200494105510812690e-03
-1.723377160869460226e-03
1.112873898546831242e-03
1.879334867401553227e-03
-2.102154816658386056e-03
5.267231623399478563e-03
-3.986548137899739719e-03
-1.880198339684486944e-03
7.951960737370849380e-03
-4.180798867277425550e-03
-5.249317053973395720e-04
1.028504752814900442e-03
1.955387371336608868e-03
-3.389114582546548689e-03
4.945507732701688412e-03
-3.122300901675226399e-03
4.045350273441063703e-03
8.737280367353673569e-03
-4.231504084721501163e-03
-7.265086626132423279e-04
7.699098305024067342e-03
1.029902635739905238e-03
2.957742636683041108e-03
5.753770874262334467e-03
-4.136453772752985737e-03
7.810114819994279671e-04
9.118808247473728307e-04
-3.835002737933743307e-03
4.301576508623739469e-04
2.897341576131388149e-03
-4.064145363536279115e-03
5.949400565667485380e-04
7.831599463466816860e-03
-4.304296329304962629e-03
2.028259314870869533e-03
8.888209885512181156e-04
4.307746832535904575e-04
-9.652957892848030631e-06
6.936600402387456919e-03
5.028824835084909524e-03
-4.003469346020427540e-03
9.013185626024356866e-04
-3.590624791183398903e-03
5.043249923563960201e-03
2.239239186377836848e-03
-4.022287805013565615e-03
2.906352822210542339e-03
1.569253151429858290e-03
-4.169196174636256857e-03
2.965448169602914914e-03
2.945708749813791792e-03
-4.204981710384976534e-03
3.137522030447681496e-03
9.013100873764544677e-03
-4.069368906461553678e-03
4.100546818405139717e-03
2.667976160381200796e-03
-3.966170292983716046e-03
4.105045910335178641e-03
4.159650797914873910e-03
-3.833672839743075197e-03
3.966498075317514971e-03
5.500373352303609270e-03
-4.095829329621029739e-03
3.926475000140269324e-03
7.154704343299561967e-03
-3.033435513783465983e-03
-4.111227693329371630e-03
9.811368560266417894e-04
-2.735218200967444706e-03
-4.107136422153431082e-03
2.129512779212375251e-03
-3.054385586227837714e-03
-4.007753260129970699e-03
3.138972585933572784e-03
-3.008640202236004778e-03
-4.186259678465931340e-03
7.696281476537249026e-03
-1.047701696873040451e-03
-2.012216390746088095e-03
8.541561332420422384e-03
-3.095071958395700495e-03
-3.153463092893382235e-03
1.885101969264036574e-03
-3.052113379623746896e-03
-2.932503749158699852e-03
8.050041264956633857e-03
-8.237740578864911640e-04
3.048824883852977678e-03
2.682734641989374842e-03
-3.045989373516184810e-03
-2.143259419436282804e-03
9.425383483255319727e-04
-3.072724160471320461e-03
-1.932796003388543432e-03
2.036063488197554713e-03
-2.912071751927429192e-03
-7.410282607493360978e-04
8.543362924697070091e-04
-3.407788121320941277e-03
-7.754204685237698833e-04
1.863762223709900358e-03
-3.081593326649455841e-03
-8.422061279521572989e-04
3.134734692509394145e-03
-3.119088686743960639e-03
-8.620412984369818553e-04
8.862479767978648920e-03
-3.120729917592755288e-03
6.054965071898835887e-04
7.647840650221246353e-04
-2.992408303242649961e-03
5.046844100190723322e-04
1.768487135639266105e-03
-3.257994774243690161e-03
2.750512909881516581e-04
8.642291887718509674e-03
-3.128986444870880852e-03
2.119414722619395765e-03
9.192020350997173348e-04
-3.090677086945522404e-03
1.895682025559251860e-03
1.998413382981973924e-03
-3.536022884266342217e-03
1.789084154263921545e-03
3.220688855075897437e-03
-2.763175496750436017e-03
1.938738014883359916e-03
5.784551297567484297e-03
-3.024124012498987085e-03
1.506151954483716301e-03
6.541319716201391896e-03
-3.238004179808294612e-03
1.693513551473665351e-03
8.360126895351639026e-03
-2.884571735811285436e-03
3.332196742235943223e-03
8.940160222171616771e-04
-3.021223253838143177e-03
3.250719915806738608e-03
2.202587295228416574e-03
-2.899015657839402321e-03
3.274150219090453656e-03
3.288368763122573660e-03
-3.549820435191125296e-03
2.804595917573309873e-03
4.261358184262504373e-03
-3.351219053355023424e-03
3.072058739546088338e-03
7.820910093986816955e-03
-3.254515991920309704e-03
4.118296194898234293e-03
1.594793865703849050e-03
-3.025073037404993250e-03
4.228573747406711401e-03
3.065694540448392954e-03
-1.768529478416242624e-03
1.875606146851585511e-03
2.856953329498322040e-03
3.940858856787335732e-03
-3.021875712549709162e-03
4.233218214556796338e-03
-7.798703969769610680e-04
-3.911521514732901536e-03
7.858975350954870015e-03
-1.679398483123232524e-03
-4.169081484696956011e-03
1.013886403259215384e-03
-2.325664525738406225e-03
2.033794837185659565e-03
9.843906661793624599e-03
-1.562044097858007134e-03
-4.171182414639242921e-03
9.117784637404901735e-03
-2.094763341140429627e-03
-3.085944157302985495e-03
6.844705692222296384e-04
-1.827516803287131640e-03
-2.886057992422175287e-03
1.823987036364605558e-03
-1.827421738789084676e-03
-3.185572900328177259e-03
2.960096592830313220e-03
-1.925565936785882115e-03
-3.290302281896801198e-03
8.665237341741838933e-03
-1.735299587710649504e-03
-1.638290705035024214e-03
9.466791288350483906e-04
-1.897615110681180432e-03
-1.794765589522479259e-03
3.208202980878788625e-03
1.990722419715079423e-03
8.359220199223972927e-04
3.582479075359771333e-03
-1.959566984673358301e-03
-4.221305204365898185e-04
2.023120177849601145e-03
-2.635733269473495080e-03
-8.667723859989596037e-04
5.886892059537500270e-03
-1.817700073108526396e-03
-8.046438039553991750e-04
8.774179675267026329e-03
-1.982894365131620488e-03
3.379639660839981082e-04
9.747985572461128874e-04
-1.966968311540921895e-03
5.451768154065201634e-04
3.139072341711828234e-03
-2.069766319715721573e-03
4.307086006185819119e-04
8.679763153075711890e-03
-1.979521954042976276e-03
1.670252099849948730e-03
1.008873461232939403e-03
-1.675511330777487186e-03
1.927016289943209127e-03
5.513505518906971353e-03
-1.981127662476339906e-03
1.781352834675254413e-03
6.498698637357769661e-03
-2.088722604571846032e-03
1.884415954787821467e-03
8.710381683195917921e-03
-1.759055622052900112e-03
2.864351551795113731e-03
8.334050504169718742e-04
-2.031963053825186407e-03
3.077299695066198527e-03
1.827582580771995287e-03
-1.777082868165398869e-03
2.893891295329039000e-03
3.030656261147767969e-03
-1.756707291996152881e-03
2.976343604852860723e-03
5.577666814186718267e-03
-1.894487831329701296e-03
2.857361337639949088e-03
6.358046048297182236e-03
-2.031258664500986116e-03
3.219378224865765935e-03
8.780631249264843688e-03
-1.863293210016760083e-03
4.029488515275007898e-03
8.036169870530602156e-04
-1.771070012842436989e-03
3.994739137105111741e-03
3.076519677834822341e-03
2.661878454970561560e-03
7.019283795827495559e-04
5.738766461039429903e-03
-7.752164415146471210e-04
-4.234322411179630707e-03
8.858994117332783273e-04
-9.529026657196656373e-04
-4.269075136747025809e-03
4.236997591332531711e-03
-3.788105089986708350e-04
-4.509562225987517707e-03
6.782953687102665115e-03
-3.704113540315132134e-04
-4.243772511482878443e-03
8.846725260247313011e-03
-6.451879153418412513e-04
-2.941677922715634982e-03
9.537268230082283091e-04
-7.379991916471402482e-04
-2.672972043173691640e-03
5.575587130674648957e-03
-5.632035904872148644e-04
-3.174694936331648974e-03
9.010848427832094526e-03
-5.631524044895950621e-04
-2.076345316976624042e-03
2.026965892515112961e-03
-5.460026385506507995e-04
-2.147943856887212042e-03
3.230278221450368515e-03
-5.046622691698286929e-04
-1.710489825673627926e-03
4.122283237824894350e-03
-4.494740798445705709e-04
-3.434685169927532262e-04
7.511812079408934162e-04
-7.258065185424549155e-04
-6.222597768412746911e-04
2.820409962314613696e-03
-4.761671442891241566e-04
-5.326971664059343328e-04
4.389796658507824287e-03
-4.342833323841920447e-04
-3.302108661796766473e-04
5.794805959773847298e-03
-3.726447765795742385e-04
-7.643590334579986783e-04
7.996962358246295297e-03
-4.737861907434884074e-04
5.078693755552299120e-04
1.888860097892872646e-03
-5.688599962666573973e-04
7.117303004811275464e-04
4.293041523514735947e-03
-7.233430502316030462e-04
7.804629486454210023e-04
8.035402439578972697e-03
-8.284694074765860819e-04
2.154751431768118109e-03
1.586554489110373516e-03
-7.831492451335733988e-04
1.975413557682491848e-03
3.831047071630716734e-03
-6.849282337292105860e-04
1.997695898001279526e-03
8.285946907312928544e-03
-5.848065185970215520e-04
3.108246633692646806e-03
3.679380840646439069e-03
-6.380332418785425669e-04
3.593093099860400659e-03
8.215250432954157231e-03
-5.916973439329874197e-04
4.250802054355330706e-03
7.999640032350953649e-04
-4.430065931576896527e-04
4.219967524488043090e-03
3.099674237805757036e-03
-4.570703030376621970e-04
4.161657507763213450e-03
4.159297210787568991e-03
3.216230993718175064e-03
3.886403862530286423e-03
6.621128816361414662e-03
-7.089735063924154168e-04
4.412140509869916412e-03
7.030561174654230590e-03
5.032152520566124517e-04
-4.080074611766760020e-03
7.860079138989648851e-04
6.114273171661712553e-04
-4.207906026294055447e-03
1.840169273364977796e-03
9.151983907340523064e-04
-4.238649928587833945e-03
3.325739211291815940e-03
7.770982342038721628e-04
-4.362661745549491384e-03
7.788865771805578500e-03
4.923836618595784200e-04
-3.014263421054250592e-03
1.829333389726356266e-03
3.568413181850377193e-04
-3.176805736645635977e-03
3.096429416457838635e-03
5.826079916295317032e-04
-1.709519598762408200e-03
2.692234408391596095e-03
9.200514760979050955e-04
-2.035688563816526360e-03
5.592460566293653949e-03
6.643574078192808095e-04
-5.499103237902439913e-04
8.710628044655073683e-04
5.562209900972731134e-04
-7.320421258228843606e-04
1.846065716773234331e-03
5.646989570841217873e-04
-4.571084461124749927e-04
5.615382843112465619e-03
6.464764351968069721e-04
7.574170369914337087e-04
9.535875294344257598e-04
6.648252925517781232e-04
8.583200057802121193e-04
3.165351614376386413e-03
2.211490263500762480e-04
5.147570682256331692e-04
5.637714718999190314e-03
9.351943426805620725e-04
2.666625519308380311e-04
4.477254105361752265e-03
4.343236243396093855e-04
1.876454391191681968e-03
1.795671846809416628e-03
6.034773937256944585e-04
1.970183921350630255e-03
8.965602490060474439e-03
6.538568620400979099e-04
2.940056024521926509e-03
3.151737395670775165e-03
7.905091181446843602e-04
3.241334715326902108e-03
8.454935826879306573e-03
5.188870132250568944e-04
4.102279616945338041e-03
8.586545059502412661e-04
2.940085160171525725e-04
4.196041733959535690e-03
7.993271036163498988e-03
-2.378692017215820742e-03
-1.506735678285801806e-03
9.839975523681416744e-03
-7.872474690056673172e-05
-3.936402924444733741e-03
3.832603130158838967e-03
1.808411429626862518e-03
-4.122547710336288765e-03
8.888947625260702713e-04
1.783556457790645830e-03
-4.206769288505005436e-03
2.023339972264490139e-03
2.185604020689488596e-03
-4.282140367510310630e-03
6.790118117489053577e-03
1.668397516327274838e-03
-2.979844557183794918e-03
8.497369512309194692e-04
1.804206655164020297e-03
-3.120220044202524825e-03
1.989465448435821186e-03
1.759065198493947385e-03
-3.549490918753434206e-03
3.158826989700447459e-03
1.738349759005908832e-03
-2.696844838896448725e-03
6.044119856604305424e-03
1.951246283273799179e-03
-1.684821042176669901e-03
9.093238115723897711e-04
1.546740252346839178e-03
-1.800282934504914261e-03
1.999992087110909981e-03
1.832260409167917048e-03
-1.865128405131309978e-03
3.351997632437749095e-03
1.859499822905378739e-03
-2.007085810788958140e-03
8.524582078398488388e-03
1.826595120380171411e-03
-5.767847291863256861e-04
8.249092616327919009e-04
2.224946362890463988e-03
-6.549227812154080662e-04
1.924187130780790874e-03
1.562811151164783053e-03
-4.928738315298046568e-04
8.538318927777557507e-03
1.956539959064529377e-03
6.842561946265850875e-04
7.845863150835724999e-04
1.849183343679700053e-03
5.513156374156878616e-04
2.052886561644958266e-03
1.945873229236317302e-03
7.917627689140585090e-04
8.558362955173053413e-03
1.759123285538863411e-03
1.777292305044990981e-03
8.227397073938398598e-04
1.762176597260035980e-03
1.881914658491845626e-03
3.181051119117507802e-03
2.061152696194546146e-03
1.944007995642050776e-03
5.714224366913692524e-03
1.870755561303404134e-03
2.020747270079577881e-03
8.065633091715172787e-03
1.907895377907185743e-03
1.894745937336950875e-03
9.010777323081468893e-03
2.163811644638920662e-03
3.188932944069044085e-03
9.529770204611565662e-04
1.609704538523574037e-03
3.235547166246941636e-03
2.014726915099332785e-03
1.704574258809389651e-03
2.619006687799285953e-03
6.488048208025102952e-03
1.908127547330100426e-03
3.235667669881794363e-03
8.897838599666748477e-03
1.904194976793546767e-03
4.237268829092931226e-03
8.578134146177233141e-04
1.712001718068240606e-03
4.215577707960551160e-03
3.066062396408753086e-03
1.967078827488197030e-03
3.928305317933691518e-03
4.119829629460551590e-03
-1.849398578928625452e-03
5.036231879915744822e-03
4.072170387213601417e-03
3.289449355059109129e-03
-4.253168955644862602e-03
7.863782659858185604e-04
3.338304119059292644e-03
-4.133891538647645365e-03
1.967478933236680144e-03
2.813352733694865580e-03
-3.897001225188179065e-03
4.156856018523332613e-03
3.366548971732630582e-03
-4.051009554969591496e-03
5.302521569271829473e-03
3.143081005024063023e-03
-3.847422946718550424e-03
7.992827211991671704e-03
2.898401051458037152e-03
-2.978097626205118004e-03
7.694332404587334679e-04
3.038961732362895334e-03
-3.204617763971047764e-03
1.759298343088465692e-03
3.018510165834895585e-03
-2.784262239391467175e-03
3.072472538456890324e-03
3.011864031446799539e-03
-3.011633194305369209e-03
8.961334994688157848e-03
2.976146412269593290e-03
-1.874050889030356862e-03
1.698097907398604580e-03
2.669646523496446190e-03
-1.747777698882744266e-03
5.800673427587358863e-03
2.987367763293274827e-03
-7.839378246531299209e-04
9.826088528493575908e-04
2.911383747364224353e-03
-5.882886551177789972e-04
3.000902256236520887e-03
2.814956065998487460e-03
-5.360791502299674244e-04
5.718276955761135601e-03
3.161274477646536848e-03
-6.244603160840966893e-04
8.372603730861063673e-03
3.272637435464064663e-03
5.515167475685324103e-04
8.866430882462429967e-04
3.161385943086684330e-03
4.378852873133672703e-04
2.066898355786967335e-03
3.028330431112066703e-03
8.127285383996008103e-04
8.267806774749053914e-03
2.998187888643910875e-03
2.081017313538629631e-03
8.727119960288196162e-04
2.793172640514009035e-03
1.910483781494527874e-03
1.951059704546246210e-03
3.067732078223367551e-03
1.745267649728692722e-03
3.240322810867012331e-03
3.225888563830616850e-03
3.883813875664877697e-03
9.086205352122296575e-03
3.194130400164461349e-03
1.863451100500653282e-03
8.844731191207733448e-03
3.331259695472963984e-03
3.332642258801543807e-03
1.076950398259268792e-03
3.260574879108224609e-03
3.294855953262020715e-03
2.093086121319168331e-03
2.731929360281500074e-03
2.982577413991474493e-03
3.366677098666113251e-03
3.096419096541199942e-03
3.239919634136047451e-03
8.058590173994406580e-03
3.041025093396322945e-03
4.228890074080442207e-03
7.349347973961977039e-04
3.013143435952063756e-03
4.160119147551046351e-03
1.912751655997610260e-03
3.010290879744567660e-03
4.135640743775498979e-03
3.023281894212196536e-03
3.290312100761489528e-03
4.074054838101104706e-03
4.353456492165213437e-03
4.253543217621598947e-03
-4.322670500169976428e-03
4.172622367556083622e-03
4.321355933140308761e-03
-4.156523592300224133e-03
9.007820784301880102e-03
4.095459006307224786e-03
-3.258775109897482820e-03
9.846186041257501149e-04
4.128753781862345464e-03
-3.418860984184659679e-03
2.971917859812983967e-03
4.199130144822983170e-03
-3.338611943645586159e-03
7.879170393392241969e-03
4.174290088602856594e-03
-3.018117966131632444e-03
8.897813063143441073e-03
4.245723742354792947e-03
-1.997364410166790460e-03
7.379948945443239863e-04
4.255892374947609254e-03
-1.897640069241684135e-03
4.294391407061217032e-03
4.104003968840810694e-03
-1.887284893491083127e-03
7.925824778293981063e-03
4.199240396771022205e-03
-1.706311451420090613e-03
8.873634980557388793e-03
4.124409694533500911e-03
-8.832989863021849155e-04
8.608293634772444178e-04
3.797799899525832433e-03
-7.428915847120410188e-04
1.934811250372054725e-03
4.134358047471099404e-03
-6.190668278714085097e-04
3.148825227252992961e-03
4.180543411748120948e-03
-5.031488725240385084e-04
4.151912611330758375e-03
4.203006131388957456e-03
-5.312022370060990326e-04
7.971836344284777276e-03
4.177814151866287087e-03
-6.536804188153165366e-04
9.102985363921877945e-03
4.275818210892979102e-03
5.209844483481725508e-04
1.739871683299721531e-03
4.265637042722860046e-03
5.435157342432659624e-04
8.145822309883135257e-03
3.952084720676005657e-03
1.698986886438565332e-03
1.977803353877855604e-03
4.063501637033447439e-03
1.958971347606354180e-03
4.240279116155785955e-03
4.057817745235558181e-03
1.936253677503983663e-03
7.962591728959944257e-03
4.216796693019470889e-03
3.220401227860970883e-03
8.406639118953429394e-04
4.282929827584566404e-03
2.966919145487679783e-03
1.785594343492334342e-03
3.955843622570944136e-03
2.818546023007774404e-03
3.015451396702012107e-03
4.091244307276702304e-03
3.460668810007866848e-03
5.352959346901239521e-03
4.210857414004317949e-03
2.981901623230679213e-03
6.716152642996293769e-03
4.143410739401173250e-03
2.893164866904764706e-03
8.934881998751907986e-03
4.220407081084063747e-03
4.266230055792654546e-03
7.189407527143396948e-04
4.088248364091455825e-03
4.150178131078988836e-03
1.753330337540998400e-03
4.176996480634399128e-03
4.191232574929946997e-03
3.004958717877835583e-03
1.074677027917188537e-03
5.016468106257155474e-03
6.514690388910521039e-03
-3.834196950931172566e-03
5.042047851232036269e-03
8.080498426527651934e-03
-3.622302993299073622e-03
5.065157863871940815e-03
9.793848240262513841e-03
-3.014759382288979654e-03
5.026666235524604107e-03
7.037801706426577604e-03
1.850716227802069172e-03
-5.048197305609600054e-03
7.912785186589298136e-03
-2.371741181998361821e-03
5.050739420163429493e-03
8.616532053429427213e-03
-2.290243274122809921e-03
5.065866011089763254e-03
9.803749546068709839e-03
-1.531811380139916183e-03
5.009293686975353939e-03
6.092617631723669727e-03
-1.232474792056767725e-03
5.033846563206728457e-03
7.622218033966446891e-03
-1.040589758976783298e-03
5.052233776240845631e-03
8.711475000883824038e-03
-1.134899785059298146e-03
5.062789587190286676e-03
9.813306406423590034e-03
-7.873538721454128230e-04
5.034371222101542177e-03
4.368685913953567097e-03
1.036620561263628732e-04
5.028894253383986435e-03
7.428232853945128042e-03
2.387968008127455927e-05
5.051753008958098125e-03
8.706639195750870766e-03
1.049275813549298877e-04
5.064253092063473495e-03
9.815273409293981746e-03
6.155691358793979580e-04
5.049663856295371657e-03
3.114576831758582558e-03
1.432739244138663210e-03
5.042502053180386232e-03
4.006322883983742637e-03
3.294423344752783062e-04
5.040098966251164818e-03
3.992073006062911086e-03
1.364195012407341985e-03
5.039072059106121382e-03
7.604357397614386685e-03
1.342070510805397658e-03
5.054776048399492287e-03
8.621753055115923339e-03
1.232552853250302701e-03
5.069806456041454218e-03
9.811219377492762239e-03
1.119893702196047029e-03
5.011176084331680526e-03
5.518188402331094047e-03
1.850238114546888394e-03
5.053414855361494304e-03
2.617664384055186106e-03
6.708393549879625335e-04
4.120545846257045973e-03
3.356243640669376565e-03
2.597089913185189700e-03
5.041453310320428635e-03
3.945044127358955828e-03
2.557140923407532577e-03
5.023654439124333911e-03
5.113597821764832504e-03
2.424211045889578062e-03
5.019794662135535802e-03
6.324500581555769947e-03
2.569175122351173395e-03
5.038972307893536257e-03
7.417833692566473333e-03
2.648675391107981579e-03
5.058156758235445201e-03
8.678547967376147934e-03
2.589193204278284876e-03
5.068983477977329587e-03
9.802770414715314753e-03
3.851068895453771054e-03
5.038943353483196427e-03
1.411911011770210526e-03
2.629249646102272114e-03
5.041797292602607714e-03
1.515035329732554274e-03
3.808511794397729557e-03
5.045823322860795886e-03
2.619574413230454143e-03
3.835909093278636744e-03
5.039377989830663013e-03
3.821332544520808418e-03
3.791909530536738664e-03
5.032576749227050603e-03
5.017168777988518027e-03
3.792410498041371130e-03
5.026625029053198059e-03
6.211943142104837598e-03
3.804713052340769237e-03
5.039262711215049609e-03
7.405459539156673821e-03
3.906030123160999200e-03
5.060262450128637755e-03
8.724988753404083405e-03
3.830663300055976370e-03
5.069797520805855925e-03
9.789884579933065545e-03
5.027937897453260696e-03
5.034208761407852652e-03
1.409141096268644571e-03
5.042296307051972321e-03
5.042188700811018123e-03
2.618184750702312342e-03
5.039523928151478163e-03
5.037975720925817399e-03
3.823175859946924705e-03
5.045781060319116072e-03
5.037181134492389398e-03
7.392989352031502023e-03
-4.223067193723039833e-03
2.728923515456121215e-03
5.110668239042901427e-03
-1.906513987525918982e-03
-5.027981385188291796e-03
6.775391829459712252e-03
2.913123520433990275e-03
4.071325806688941111e-03
5.396813312780301096e-03
-2.926420245895181276e-03
5.020004631908178347e-03
5.365163482632288351e-03
-4.299524536217611860e-03
5.020316840625559975e-03
7.071732744057623952e-04
-2.405369142990659327e-03
5.039086512767568769e-03
1.471603713889997394e-03
-2.442077670453642654e-03
5.044598783953821095e-03
2.635138016788309868e-03
-3.082992297060147425e-03
5.037520990186562277e-03
3.824231832290499091e-03
-1.168320416119174960e-03
5.041080288095175187e-03
1.270724824471353804e-03
-1.130240411719921415e-03
5.046066706872775684e-03
2.615001380810186814e-03
2.475660073415289768e-04
5.053084163787103025e-03
1.761103977656128987e-03
1.333498084801961261e-03
5.049613104153088602e-03
1.415679594836428143e-03
5.035062435500514862e-03
1.837124233308431640e-04
7.602250418542825898e-03
5.028078824033787447e-03
-3.647224300210544050e-03
4.918819654902950068e-03
5.037139338959896982e-03
-3.721821170603474213e-03
6.074993601104423935e-03
5.038143678025043364e-03
-3.694156608310490177e-03
7.267138481097138066e-03
5.055440475081746966e-03
-3.664820364448058594e-03
8.550416320353533550e-03
5.071982510638937437e-03
-3.623913048293220859e-03
9.790564230191211442e-03
5.048217515297279481e-03
-3.142473852185202407e-03
1.944313324863424820e-03
5.041000515046956815e-03
-3.418596564613815645e-03
3.611550534180650932e-03
5.041749795746934375e-03
-2.306945361580217940e-03
3.933518446438336383e-03
5.022921758302215794e-03
-2.315624518577671324e-03
5.413717634927173519e-03
5.031648371562298834e-03
-2.359879155131690102e-03
7.418348209345929437e-03
5.053844465617609617e-03
-2.374142652997626550e-03
8.583248128361470677e-03
5.071045156958157128e-03
-2.381342444373298842e-03
9.808510675230789136e-03
5.045867744118866238e-03
-1.597451367990510409e-03
3.172472127843899495e-03
5.031658434421900847e-03
-1.129574872735387373e-03
7.429876665358837659e-03
5.052618411447663306e-03
-1.132018184933910893e-03
8.629865860721834536e-03
5.068774552651660395e-03
-1.139142996266782285e-03
9.820815750324901269e-03
5.034872213168911474e-03
-6.155353309850027056e-04
4.316341250717416027e-03
5.017404515911246497e-03
-6.163611133236755876e-04
5.017856258791491067e-03
5.013939171512330623e-03
-6.179559268589652305e-04
6.227623678245087536e-03
5.053751276370889271e-03
1.725168812993733221e-04
8.750033753362683811e-03
5.066562565687283623e-03
1.020224197597283393e-04
9.822804599508136794e-03
5.033852988567741674e-03
6.482924603045085591e-04
4.339009384010136632e-03
5.017185291840528701e-03
5.352484089492777573e-04
5.414694972773026471e-03
5.011518710127883108e-03
1.325297527742045831e-03
6.224413580603551169e-03
5.014984788897150839e-03
5.491183912747540485e-04
6.670045567252341767e-03
5.037573830131837453e-03
1.302862851209647156e-03
7.613459197684161080e-03
5.056658633092742626e-03
1.441396505841561950e-03
8.730863279483830341e-03
5.072022910125778376e-03
1.343893067275971770e-03
9.813597768663478646e-03
5.022823452101032003e-03
1.840912290307505569e-03
6.721068683977952582e-03
5.075549545364694756e-03
2.587230932273364235e-03
9.799706268895990585e-03
5.046735403088231306e-03
3.085423258394962009e-03
7.906172753919849666e-03
5.057619741845362227e-03
3.967941747725098854e-03
8.644369971294618357e-03
5.075101438225280114e-03
3.694319758177478860e-03
9.787272164471547131e-03
3.706136523449857743e-03
1.248310849466689786e-03
6.864822406899771280e-03
3.918276324183908935e-03
1.621828719660423990e-03
5.905032173429469733e-03
3.841431175149123255e-03
-1.843155325513686502e-03
5.902609577437924367e-03
1.839539255596329753e-03
3.449904624540855828e-03
4.946585364289274832e-03
-6.438094408467173822e-04
3.006878016165814935e-03
7.377461315435426131e-03
-2.952296204967262434e-03
-2.570414145826778202e-03
4.946385753169109736e-03
-3.911277261179042265e-03
-7.188616777543982862e-04
6.865414782985403315e-03
-3.910019394381841241e-03
7.111309808117447862e-04
6.866568862861878279e-03
-2.961806538714911643e-03
2.554635770908244771e-03
4.948978785724717638e-03
-5.026103208976380986e-03
-5.030527751578335940e-03
9.702777814960275799e-04
-5.002089336682407142e-03
-3.875817752683247911e-03
-1.692207701971245838e-06
-5.022052980381356765e-03
-4.196553125968126990e-03
7.008273801600523132e-04
-5.001458949143075192e-03
-3.060629574382032429e-03
-2.526215089212057290e-06
-5.034625867012446250e-03
-2.866132981290736570e-03
8.713143097000402302e-04
-5.003792471058280886e-03
-1.836618217201906132e-03
-1.773006171657272208e-06
-5.033168722067662797e-03
-1.280535178537221428e-03
4.197421780219128679e-03
-5.003722783982369852e-03
-6.123781709146575462e-04
-3.399028352988578844e-06
-5.054043093489519328e-03
-8.284211172482906956e-04
1.691300783895372624e-03
-5.046409241881774123e-03
-6.736071138564622392e-04
3.218595816293989310e-03
-5.003250305699096130e-03
6.129244716514420117e-04
-2.863745814962989812e-06
-5.054674370132815342e-03
5.226075850736794110e-04
1.922258403977932526e-03
-5.042706422450012570e-03
1.083753112285345101e-03
3.432957091935332980e-03
-5.029734843274983810e-03
4.411027936409582561e-04
4.286348070148471821e-03
-5.018748414030505152e-03
2.301753825031522914e-05
6.888632146401181544e-03
-5.003692823989083251e-03
1.835790282059040525e-03
-2.416759875207186502e-06
-5.048458258605764866e-03
1.769300748603883653e-03
1.663033545232355751e-03
-5.044041818834465486e-03
2.273229387884214640e-03
3.092268202079149000e-03
-5.027568817480922853e-03
2.181413611571082940e-03
4.591025894723928941e-03
-5.028725163232231066e-03
2.232031150741118578e-03
6.021785652643924999e-03
-5.032616793028140724e-03
2.351034293988610475e-03
7.216324903493596434e-03
-5.003953359989984223e-03
3.060417475062303470e-03
-2.938279386083953108e-06
-5.043744564071732210e-03
2.965901057709253563e-03
1.755813684754567883e-03
-5.031173413656854325e-03
3.243530517885285548e-03
4.197636090990882612e-03
-5.029815891970617139e-03
3.577408878837229356e-03
6.011047168123373127e-03
-5.049701658897523537e-03
3.571504614432655447e-03
8.194043594002779068e-03
-5.064217797233628270e-03
3.602522863889840669e-03
9.096564212701385710e-03
-5.020381787680506733e-03
4.300264159232336340e-03
7.062019146903156198e-04
-5.040441433114328795e-03
4.196031256231648986e-03
1.882008517612350235e-03
-5.042824149443879585e-03
3.879120982570267995e-03
3.251776342610885467e-03
-5.033886285118203789e-03
4.304962070722381795e-03
4.815306156033237646e-03
-5.062974089075407240e-03
4.273036751710267839e-03
8.959312536563216259e-03
-5.046402181167936735e-03
5.029211909177120320e-03
7.194353656235799761e-03
-5.060800665678441036e-03
5.046074255653226238e-03
8.491465868343388637e-03
-5.029776411285115899e-03
5.029103048933117152e-03
1.379730405742308911e-03
-5.045218728915387869e-03
5.041050075231544997e-03
2.412278923057216504e-03
-5.041962087153257360e-03
5.035895410502901071e-03
3.614679234232291098e-03
-5.035419468746888706e-03
5.027520304669458664e-03
4.813333150971222003e-03
-5.033414365720948261e-03
5.025035006669333233e-03
6.008343647171553517e-03
2.228545929663308754e-03
3.606099168948366344e-03
5.905537208820988912e-03
-3.032738023786334981e-03
-2.983232431724872590e-03
5.904846049596547408e-03
-3.709701456778802427e-03
-2.177933498098123897e-03
5.904082032815820974e-03
-4.495357585714693932e-03
3.717200294505656338e-03
9.800526743028272966e-03
-3.606131700479158018e-03
-1.815356844714276566e-03
9.827306925706123797e-03
-3.405676916903538614e-03
1.145426313397350558e-03
9.843858576103668712e-03
-3.465079100895385178e-03
2.534336851116923781e-03
9.832643334566095600e-03
-3.717071382849484497e-03
-3.447843488989933095e-03
9.803958248979813966e-03
-2.199216522867204326e-03
-2.420617821269047901e-03
9.833664996556478605e-03
-2.376382787509446776e-03
9.902546042007582552e-05
9.844952890029434397e-03
-2.450672857435855050e-03
3.812645209133707237e-03
9.822488038481378553e-03
-1.133197705433202805e-03
-1.137422364318429070e-03
9.851307305828534491e-03
-9.801839403493024707e-04
1.855262806895872267e-04
9.852686707327416513e-03
-1.131530639424457125e-03
1.334670644038007427e-03
9.851137178318725499e-03
-1.175749303117256360e-03
2.756693624042068618e-03
9.846639489336108872e-03
-1.112862017471596054e-03
4.170450105963675359e-03
9.828313756598665643e-03
2.038759931979444153e-04
-8.362670733804621016e-05
9.856579608778963733e-03
6.075068465106832127e-05
1.286331445536801179e-03
9.857055234466852167e-03
-6.329695406153482411e-05
2.661932909351519966e-03
9.848870889918516502e-03
1.067370010699797759e-04
4.338474240601250878e-03
9.827869766418494135e-03
1.390746682655537780e-03
1.312371416008484932e-03
9.849131689589681049e-03
1.346897782600007913e-03
3.099108676413039887e-03
9.834392443170405715e-03
2.549291112310618675e-03
4.083034032334567458e-03
9.813853004251704010e-03
3.105696391593235940e-03
2.588417028522779165e-03
9.828774574478687034e-03
3.973530005363296903e-03
3.918845833752490453e-03
9.802187378959987055e-03
-3.354996273964531896e-03
2.593666902689153574e-03
5.908112766168858478e-03
1.340105429543109487e-03
2.774497120513806734e-03
7.378065718416009465e-03
2.035464635447625358e-03
3.337919307702778577e-03
6.865817565311625389e-03
3.011869983611678570e-03
-7.134693848141148136e-04
4.437205705585580036e-03
1.842174848146699816e-03
-3.455994895717215236e-03
6.862472374518040381e-03
6.957572829455137796e-04
-5.019268379371570957e-03
5.700748142318258146e-03
-4.284329603110321148e-03
-5.001793374483301177e-03
-1.025421250365861443e-06
-4.311981389689126774e-03
-5.037170796904820447e-03
1.201365269056144363e-03
-3.060894793596432260e-03
-5.002632914602022501e-03
-2.062991205646427331e-06
-1.836102943246164165e-03
-5.003488397765220447e-03
-1.825866566554643117e-06
-1.765009726748286226e-03
-5.033138323214392251e-03
8.541960185977825939e-04
-2.044131094980004577e-03
-5.050947920330701481e-03
1.859324331189264254e-03
-1.846473996924714823e-03
-5.041805009702094928e-03
3.608034661071309653e-03
-6.119194257736859958e-04
-5.002836877072964691e-03
-1.693225071072931802e-06
-3.531405308922823893e-04
-5.039450451192645751e-03
9.708250933755617615e-04
-6.177110911707576384e-04
-5.049733155965076617e-03
1.907119741374813408e-03
-6.151159079482567890e-04
-5.046491822492941114e-03
3.110437981630146710e-03
7.758447638925424633e-04
-5.002901620020969164e-03
-1.873947053083899750e-06
6.109522506761496524e-04
-5.033280924591802645e-03
6.991818955845322068e-04
5.529472176711785298e-04
-5.052192712610022694e-03
2.210952490919129969e-03
2.008070536202079086e-03
-5.002481232317749701e-03
-2.030384479935387585e-06
2.089583026514478439e-03
-5.039219020672835135e-03
1.058438063255877403e-03
1.849472987937998995e-03
-5.050675466427993580e-03
1.904924323266530195e-03
1.778214014698086031e-03
-5.051114502581194321e-03
3.137660355366785926e-03
1.830127485620786608e-03
-5.027295362896960947e-03
4.796027696747453585e-03
1.845614108263280697e-03
-5.028331649006802760e-03
6.717840461112937860e-03
3.568103730572849599e-03
-5.003301129851598153e-03
-3.466580427192989492e-06
3.022984629715845702e-03
-5.047040642443961778e-03
1.788909227559514620e-03
3.084053298110505693e-03
-5.047418263720312645e-03
3.115177731633517015e-03
3.076970166591512339e-03
-5.031257762713829511e-03
4.814749614304952505e-03
3.078902686485469279e-03
-5.025705196755644866e-03
6.710249521931166417e-03
4.208910167856735191e-03
-5.045961668872707070e-03
1.725766388187813596e-03
4.048596535410327844e-03
-5.046052235278881103e-03
2.879959532353935318e-03
4.089785386974396399e-03
-5.039119194845036696e-03
3.998632423163951156e-03
4.035761983943630254e-03
-5.031241301859672339e-03
5.195861022632903767e-03
4.162940789723595068e-03
-5.048833004341318938e-03
7.771092605569635513e-03
3.824558317191273284e-03
-5.063217969212971230e-03
8.720227410540336635e-03
5.034742455442548295e-03
-5.041154066694313214e-03
1.403433206523846139e-03
5.040110580542220622e-03
-5.045079984188900572e-03
2.406162243541045721e-03
5.039430525199067520e-03
-5.037877868087498219e-03
3.818333764887618664e-03
5.035117341176642038e-03
-5.033428531088479131e-03
4.812368774883587878e-03
5.034069554765867316e-03
-5.038307655941108402e-03
6.006170888089800396e-03
5.050019741240615104e-03
-5.038945555530812727e-03
7.337763928802676881e-03
5.057016344862078246e-03
-5.058517814562429014e-03
8.377083756428954642e-03
3.719304889947522459e-03
1.214452898334622598e-03
4.946510698510990685e-03
-6.148272972964069754e-04
3.860203700340913285e-03
6.866401384557069623e-03
-2.049374334034101235e-03
-5.021237311154149764e-03
5.368002336049136625e-03
-5.041091983643000533e-03
-5.048092179441597549e-03
2.411692856136851519e-03
-5.037610216193811642e-03
-5.036525754027140235e-03
3.681573889485182174e-03
-5.027773422527205202e-03
-5.038538405779690622e-03
4.814423645343826087e-03
-5.033041889812530333e-03
-5.040067093540242897e-03
6.002146334001622237e-03
-5.042463801273885417e-03
-5.050105420513571926e-03
7.188186609382677186e-03
-5.060555076728608277e-03
-5.065044460236193223e-03
8.376370648235971147e-03
-3.129309263703954763e-03
-5.049800064356616512e-03
2.215058061385353182e-03
-4.319755570469674746e-03
-5.046641204749302730e-03
3.115818511115011659e-03
-4.126180886124846368e-03
-5.032803770847865329e-03
5.490859904036984006e-03
-4.327450008256234285e-03
-5.059267531759766533e-03
7.890886350247011682e-03
-3.077300847046251543e-03
-5.034319318993649844e-03
4.312661886786321210e-03
-3.145151260957044278e-03
-5.032772784188958154e-03
6.514727436180529734e-03
-3.024213412701078161e-03
-5.073351023758868386e-03
8.947370025160966689e-03
-1.868737390005526661e-03
-5.059255019205433600e-03
8.244910898584081535e-03
-6.097919897376954902e-04
-5.017418144274997382e-03
5.519754069970472105e-03
-1.043859704663693046e-04
-5.032330092284472388e-03
7.221361378648111923e-03
-7.600126247913009583e-04
-5.052647470193813960e-03
8.111593088673605192e-03
6.649457089834935608e-04
-5.053181963371114124e-03
8.326567260036979792e-03
1.600942035827319573e-03
-5.066104048926739489e-03
9.011001219563394629e-03
-6.149429699015740349e-04
3.859515473471054458e-03
4.946804943230282900e-03
-1.357338804276804261e-03
4.061962810293350337e-03
5.907227397835436607e-03
-6.134629243913778448e-04
-3.868087707997715664e-03
4.946022328560461395e-03
-7.789306399910788476e-04
-4.169910933352525238e-03
5.904754422846658635e-03
-4.046310926691553365e-03
-3.735991801534447460e-03
-3.502966632816055515e-06
-4.285155380352946748e-03
-1.837237183760194155e-03
-2.759945933312513340e-06
-3.777364767142675408e-03
6.116898976726807676e-04
-5.083187155739585105e-06
-4.046210526740654304e-03
1.609602835691855902e-03
-3.715068884669869662e-06
-3.883162697056883467e-03
3.127503793939630412e-03
-4.060413441393755192e-06
-2.949425051271973089e-03
-2.186857065991905900e-03
-6.405549160729743811e-06
-3.061518519286664068e-03
-6.124842555008486135e-04
-6.261009121559768725e-06
-2.469416104163803336e-03
3.836830810870170438e-04
-5.691479251742715615e-06
-2.493846081012107696e-03
1.858409852702809940e-03
-7.792979491357026933e-06
-2.552912859400249812e-03
3.061793121986250248e-03
-3.060848657656089474e-06
-3.221577335749731610e-03
3.942619271342642437e-03
-2.133052210731022073e-06
-1.762446371350608445e-03
-8.812913740265995981e-04
-6.650611997593297993e-06
-1.023927181744520472e-03
5.742424914622504348e-04
-4.599414105846391093e-06
-1.781568628204740698e-03
3.987252699966372348e-03
-3.042266855310894355e-06
4.732324132509402748e-04
-6.492325307333430369e-04
-4.583590547494062622e-06
-1.688812881834886130e-04
2.181226871271481859e-04
-4.492678986351666051e-06
-6.139266099894806830e-04
1.837260164244622308e-03
-7.428088690573720327e-06
-7.897918204083677340e-04
3.251442631525592458e-03
-5.749111230231695714e-06
1.254593755075031824e-03
8.635182153807659244e-04
-4.838533043721658555e-06
4.640903218674335951e-04
1.575115238196288410e-03
-7.450121239174936555e-06
6.132609507069136049e-04
3.063959538436011702e-03
-4.837462179304088193e-06
2.153150156133533128e-03
3.098091156475000791e-03
-3.504325896251406131e-06
2.573873674653617220e-03
4.206368645884722701e-03
-2.143815755071928551e-06
3.731904474906476421e-03
4.107124419228734384e-03
-3.214695911630591886e-06
2.344197032349384577e-03
5.002772991446799607e-03
-1.816956752751735979e-06
3.479585911814258529e-03
5.001733755717744853e-03
-2.757903622571039228e-06
-3.568867855269806239e-03
5.003906505248433174e-03
-1.934580386065099008e-06
-2.551559088811035901e-03
5.002875456661845001e-03
-3.367878212829701943e-06
-1.328823524829717689e-03
5.002589769760872225e-03
-2.561408045409583642e-06
-1.036152498063243381e-04
5.003101367431390251e-03
-4.767059204063674315e-06
1.476315048519960798e-03
5.002728587662781841e-03
-4.525544282993454059e-06
-4.239999143177052184e-03
-4.171031444502403375e-04
5.906408710085386468e-03
-2.467335269036494659e-03
-1.847499228420554232e-03
7.376333411619889757e-03
-2.355253937449361921e-03
-3.892134752665302698e-03
9.813886664016715708e-03
-9.735090820686247972e-04
-3.637087153287077261e-03
9.829370538776603661e-03
-1.096616632532917664e-03
-2.409722589022104088e-03
9.840783538285343898e-03
1.032078040611937011e-04
-2.126414957619434352e-03
9.847383133877875283e-03
8.802270444342558901e-04
-3.910004656036040506e-03
9.826882962603958674e-03
1.344882290376521808e-03
-2.381828415323822539e-03
9.843669685272110961e-03
1.345923779752314755e-03
-1.139046454367946591e-03
9.849739251528072392e-03
1.362916415338390674e-03
1.993046096197242229e-04
9.850863760072591305e-03
2.591097419718285839e-03
-3.622045511081211158e-03
9.819350861667186514e-03
2.637231886122967401e-03
-2.403221971168169411e-03
9.836751526609959981e-03
2.729794168122701321e-03
-1.067743746940961460e-03
9.848983025915131542e-03
2.507604350444947450e-03
1.496506411598713757e-04
9.850362216579486643e-03
2.861918916942933228e-03
1.382548922043300155e-03
9.839719548929107273e-03
3.883765899591246507e-03
-3.731389400343119219e-03
9.802969465560857146e-03
3.960124182531677903e-03
1.343263615847489192e-04
9.836510017357110239e-03
3.881941035742523388e-03
-2.544919529530638609e-03
9.820703312808213431e-03
4.052908450570176686e-03
-1.213644314151101234e-03
9.831050193081116231e-03
4.064201860421189083e-03
1.359093314458979058e-03
9.829813717644705559e-03
-4.120378766626267737e-03
-5.084493182082872910e-03
9.778171931248264698e-03
-2.806661019800322631e-03
-5.081856822332310800e-03
9.791528003278404321e-03
-1.863156066762981572e-03
-5.080208480387280422e-03
9.801360955587390747e-03
-6.199551126944371658e-04
-5.077437844546016203e-03
9.811538825391138974e-03
9.870140348577488825e-04
-5.075445974556220055e-03
9.805572538869353899e-03
1.864615149215902460e-03
-5.077518056252873502e-03
9.799496355619176022e-03
3.106097426727310543e-03
-5.079330850105758313e-03
9.792799503003952327e-03
3.042834764634733038e-03
6.298951239154008345e-04
7.375724054341791652e-03
-2.961352943782572487e-03
2.555904924110611286e-03
6.866156514336288832e-03
1.795661581894113451e-03
-3.862777323532284694e-03
5.902234659665315554e-03
-5.016369523650547092e-03
-9.871299770047858857e-04
6.400967137542606239e-03
-5.038644879000048205e-03
-4.382390601141644172e-03
1.557980216095122307e-03
-5.046944208341611580e-03
-3.468140154006887303e-03
2.128493727594929150e-03
-5.023636758142141674e-03
-4.313254917663533576e-03
5.514082873260633955e-03
-5.032999082394596160e-03
-4.317254220773374812e-03
6.703414598730203858e-03
-5.055996835247929082e-03
-3.988862083302612341e-03
7.968843792209199042e-03
-5.066874779990785359e-03
-3.662522153715989676e-03
8.896737424797934723e-03
-5.045924844225523932e-03
-2.231003673102014296e-03
3.331014564291946266e-03
-5.033245745821425012e-03
-3.501834959132817549e-03
4.358029361562356686e-03
-5.027067649089382584e-03
-3.080853903423021872e-03
5.520942912980559246e-03
-5.030424801335242439e-03
-3.105970056925392783e-03
6.770703585584116231e-03
-5.057473648938035082e-03
-2.729101217508686245e-03
8.183988916337550656e-03
-5.016440609861012867e-03
-1.828546640345597198e-03
5.671995529069676946e-03
-5.036249571447853901e-03
-1.673719081663517039e-03
7.207745569339531894e-03
-5.013776937309858371e-03
2.372790326603337367e-04
5.562462505550979340e-03
-5.063360332227722152e-03
-1.129200232489031787e-04
9.122581894546214279e-03
-5.027566053989239968e-03
1.126702183448029596e-03
6.958819459655516543e-03
-5.044374799125171324e-03
3.631918184061152426e-04
7.994051102099192230e-03
-5.052420879541357455e-03
1.703749504124797091e-03
8.542607377423742238e-03
-5.074288001075170050e-03
-2.388540331052119940e-03
9.799386281915746164e-03
-5.072662750169713158e-03
-1.358233075136184307e-03
9.811959330795483325e-03
-5.074573324782043031e-03
1.132419141097566534e-03
9.815735978266787801e-03
-5.072683457753105092e-03
2.372876681474945376e-03
9.807313507672246050e-03
-5.073874889046836936e-03
3.611751370646451749e-03
9.792304890383981761e-03
-5.073544188336308498e-03
4.205249991125589032e-03
9.786403743324328247e-03
3.042258656178512943e-03
-6.350441136160761557e-04
7.375219839770339771e-03
-2.435058330502603945e-03
1.882507565295183337e-03
7.377335603140413971e-03
3.052694791535239156e-03
5.996032401374040872e-04
4.437733600083934062e-03
-6.144128512377358426e-04
-2.050748036613655057e-03
4.615114389061010861e-03
3.718931467499994419e-03
-1.217518730851383435e-03
4.944746023783798579e-03
-3.069335465269508977e-03
-2.430083862209385902e-03
6.864591123919695434e-03
-3.060510888041279628e-03
-4.285215559373721159e-03
-3.347420958517928805e-06
-2.839502649511674304e-03
-3.437280092332004478e-03
-4.035419275783695295e-06
-1.836597539641966672e-03
-4.285077555973212764e-03
-2.301108281197612947e-06
-6.127116380812189884e-04
-4.285423979025921107e-03
-2.365436356695204833e-06
-6.126760677011385730e-04
-3.061511051627245714e-03
-1.015319014590470041e-05
-3.909158611859275085e-04
-9.891251083462232561e-04
-5.580277598545627297e-06
6.124173238076588291e-04
-4.285287982760193140e-03
-3.506243598270020085e-06
3.398916242158019746e-04
-3.247254891237839371e-03
-3.259116169813209601e-06
6.133637354710579862e-04
-1.837516422254731807e-03
-4.245398597356123923e-06
1.314403327888202279e-03
-3.532554402840685538e-05
-3.114429641382857666e-06
1.836678711196229521e-03
-4.284830145703286998e-03
-2.442386055654760311e-06
1.837166866855672633e-03
-3.062051993307599463e-03
-7.613879921871097544e-06
1.919352210585179973e-03
-1.104439783550878506e-03
-8.040444496519631601e-06
2.508891513526557721e-03
2.890524993695532327e-04
-4.566228993830393024e-06
2.126283406683561472e-03
1.767732923813181926e-03
-5.784242322591795270e-06
3.060436064136840082e-03
-4.285307064130060989e-03
-3.134923324153400794e-06
3.569685504830672883e-03
-3.060808298335148617e-03
-4.591290946861000909e-06
3.185058911670184383e-03
-1.752323911910014156e-03
-4.380489430794989353e-06
3.569987570193108167e-03
6.120292186402756344e-04
-4.111241617293326030e-06
3.215468900914662288e-03
1.535813784813727916e-03
-2.850028012527619151e-06
3.283921353211106606e-03
2.685380027711091900e-03
-4.037567638790847370e-06
4.378820585566629321e-03
-3.942187562009613101e-03
-1.532861061818185401e-06
3.848359701213499139e-03
-4.336234994917805160e-04
-3.535229592347726329e-06
4.165025049650248473e-03
1.902483061764782043e-03
-1.621491918135012359e-06
-8.173211908163773238e-04
-3.830357933665474741e-03
6.863651306176945036e-03
3.577816702617111783e-03
-1.609934250908891902e-03
6.863006053794512736e-03
5.047943685700132140e-03
-1.128462527038360435e-03
1.410631346020297999e-03
5.054822949600162874e-03
1.087079401980180877e-04
2.614926218486368810e-03
5.035207316499476678e-03
6.514614926247208442e-04
8.681721281527169081e-04
5.035394494218272538e-03
1.727089229413801335e-03
1.544980147522390405e-03
5.048569273943073234e-03
1.367054934582664222e-03
2.848660553685113204e-03
5.047666066555492152e-03
2.587394379198124528e-03
2.594335655352393143e-03
5.035580411876463928e-03
2.180331608147507809e-03
3.775584763849624409e-03
5.020034327943659683e-03
2.223523900078222711e-03
5.341656508971561260e-03
5.030437388942802027e-03
3.052743938365002144e-03
1.037956405938376915e-03
5.044109334487656936e-03
3.869991428121014911e-03
2.639215676105877758e-03
5.034220902652365021e-03
3.689019408349803169e-03
4.374155657305550497e-03
5.033720417067690488e-03
4.315827296560809274e-03
1.413821138085681129e-03
5.026628381144617602e-03
4.051559169392750410e-03
6.109762993654337983e-03
5.031272063868408653e-03
5.031876988580014955e-03
5.373271846405261627e-03
5.061244744611468303e-03
5.061859743814731312e-03
8.932853852659813562e-03
5.003411635488510048e-03
-2.700611009892851626e-03
-2.958067831308875631e-06
5.002737713708300081e-03
-1.837014953640614054e-03
-4.806657270164461054e-06
5.003315103292370683e-03
-5.307106395449355573e-04
-2.763887407726879285e-06
5.002631114383219481e-03
9.733797190792217507e-04
-4.596046622667571706e-06
5.004277097416364589e-03
2.093103122711714725e-03
-2.727099346182676278e-06
5.002604517481010205e-03
3.421977579956091489e-03
-4.053336379150043150e-06
-6.935192514295020812e-04
-3.002947067657991357e-03
4.437667396073532652e-03
1.287091377326807793e-03
-2.810003206038740042e-03
4.435939472561730920e-03
