-5.003536995632156849e-03
-5.002556647420248505e-03
-5.279916618337304594e-06
-5.160226941937953379e-03
-5.170990370738361326e-03
9.536964642448159113e-03
-5.004715607022858920e-03
5.004118093119541699e-03
-8.105472139346449594e-06
-5.148111718738148344e-03
5.123880558542841246e-03
9.552472738040312245e-03
-4.253453806775659221e-03
-1.554438869035446686e-03
5.815428268747814891e-03
-4.252896710619733997e-03
1.539553426038517544e-03
5.819752026052752922e-03
-3.925518341555545368e-03
-1.432724622286342267e-03
4.863416580079496336e-03
-3.922351543231849397e-03
-1.435866746295363667e-03
6.768216290140207508e-03
-3.924595460757534897e-03
1.422396530107611270e-03
4.864431747769379193e-03
-3.926929049546563043e-03
1.418960333370367696e-03
6.772909387512980606e-03
-3.089745336009067003e-03
-1.129066060450757865e-03
4.358666580855881378e-03
-3.086373139885640726e-03
-1.133171664154479551e-03
7.279373208984744881e-03
-3.088242573760992867e-03
1.117855129418239427e-03
4.357891415380051557e-03
-3.090022662003920426e-03
1.117362088608189145e-03
7.281807902795922605e-03
-2.261619609356303566e-03
-3.923204921812802753e-03
5.810104142314030315e-03
-2.262575622252945961e-03
3.910469493665951618e-03
5.817479268061825741e-03
-2.134072580286507526e-03
-7.820475048064422143e-04
4.536159144883507646e-03
-2.132121758058380234e-03
-7.853868699294558418e-04
7.103447477033061203e-03
-2.133366296237384704e-03
7.707851158611555903e-04
4.535660260715973502e-03
-2.131175738285035880e-03
7.698885190684036416e-04
7.109819737587970596e-03
-2.085341422010105784e-03
-3.621608959837628334e-03
4.857613170322267783e-03
-2.086592736634635629e-03
-3.623054075534899634e-03
6.766026317293233859e-03
-2.088945579317623858e-03
3.608552235674901149e-03
4.866782955709781332e-03
-2.092229132200801658e-03
3.609010789097288983e-03
6.770525384669183987e-03
-1.643251301863660023e-03
-2.850074378164618727e-03
4.352703519911195126e-03
-1.639973589474613951e-03
-2.853754822562188081e-03
7.277148804271179813e-03
-1.643276952688663573e-03
2.837302579162957489e-03
4.360657183504782972e-03
-1.643295001771394141e-03
2.839724151277238633e-03
7.284514248107750237e-03
-1.509867646808897698e-03
-5.550526282092930683e-04
5.313288169847081056e-03
-1.510400307159150829e-03
-5.570543926443078785e-04
6.327796781203865600e-03
-1.508502442986151123e-03
5.436215634284096050e-04
5.314522698537593563e-03
-1.509068964647775199e-03
5.437189195907431811e-04
6.331302044958624087e-03
-1.134269820699351609e-03
-1.970935126296282942e-03
4.532621534164715631e-03
-1.133132058708716510e-03
-1.974493426866947079e-03
7.104661529691461662e-03
-1.135387029566270294e-03
1.959184870672207607e-03
4.537367438560604982e-03
-1.136306592765476148e-03
1.960221667676299937e-03
7.108944034626925312e-03
-8.012509244756757954e-04
-1.395025837505886731e-03
5.310271526779266997e-03
-7.994208811925762777e-04
-1.398859389987892150e-03
6.327413407024970633e-03
-8.027484754219880655e-04
1.383835666550395100e-03
5.316370925315368548e-03
-8.056726124294385496e-04
1.383452916457492002e-03
6.331627773096974721e-03
2.790602756861563323e-04
-1.584837719562410055e-03
5.311953458052687260e-03
2.800082957777698910e-04
-1.588636281474880771e-03
6.328016044054392622e-03
2.760213912364621104e-04
1.573328997575949503e-03
5.316402398588778756e-03
2.763594229009836561e-04
1.572938511723132472e-03
6.334692132556141685e-03
3.952076304902070393e-04
-2.238315900228654912e-03
4.529906885186730549e-03
3.951365551124377123e-04
-2.242261782748823391e-03
7.105909977216339629e-03
3.896961776882040254e-04
2.227331785988518557e-03
4.535013674268327868e-03
3.943413799340074704e-04
2.228215544457273940e-03
7.111731668269461945e-03
5.711798113852907706e-04
-3.238872996871706555e-03
4.353958925875743048e-03
5.719145370839899935e-04
-3.243285168708059073e-03
7.277890469194392073e-03
5.657752319927970668e-04
3.227172964279330369e-03
4.357279283170862987e-03
5.698042649527790444e-04
3.232314220815377722e-03
7.283240332546734794e-03
7.249196604846956660e-04
-4.115441775274463615e-03
4.857900085401291139e-03
7.261741417712106600e-04
-4.120335837714350288e-03
6.766181104629994357e-03
7.209344815118223912e-04
4.104218286973525427e-03
4.861824974654676244e-03
7.225134305974339425e-04
4.103707681386480066e-03
6.773184491924256340e-03
7.877508468460867833e-04
-4.459401829458814991e-03
5.810190489629803515e-03
7.825166645600010237e-04
4.448154279168357872e-03
5.816748681053366538e-03
1.229040660612145969e-03
-1.036770044392038665e-03
5.316137964228704986e-03
1.229808004238419497e-03
-1.038182103276964361e-03
6.332672454081364651e-03
1.226633634584162321e-03
1.026029711082747289e-03
5.316923427222937024e-03
1.228592437020395054e-03
1.026373833296618035e-03
6.333414317591185873e-03
1.601425601833108376e-03
-5.714416421177577956e-06
5.315529038263077863e-03
1.607146926171780597e-03
-6.042524298797144407e-06
6.331808285796693136e-03
1.737951082279901591e-03
-1.460919964048480128e-03
4.534244084867174694e-03
1.739252631280927431e-03
-1.464883963077162230e-03
7.107662945553245779e-03
1.735058036527799708e-03
1.453035362400734295e-03
4.535650705450715650e-03
1.740465883479359183e-03
1.454472708674982686e-03
7.105972689742856042e-03
2.265539397495083731e-03
-4.398990399301434618e-06
4.535699782434870174e-03
2.271613471023489761e-03
-4.823746462946130994e-06
7.107655199743268849e-03
2.515577255575653700e-03
-2.114046900766657945e-03
4.353627032630113559e-03
2.520230616937062674e-03
-2.118752812399440910e-03
7.276910804276046085e-03
2.513367876134641691e-03
2.106500147905504550e-03
4.357181506158447522e-03
2.517620043869238031e-03
2.107129875374429747e-03
7.279923104561413123e-03
3.196384170018061292e-03
-2.686430466215055778e-03
4.859400102999868881e-03
3.201656238796657134e-03
-2.691434216745377216e-03
6.762548724095128645e-03
3.195828536956175654e-03
2.678978369435849795e-03
4.861177587859747372e-03
3.197815392623547075e-03
2.678138955692235031e-03
6.767464041182428072e-03
3.281067653019004680e-03
-4.280678570949764836e-06
4.356774661900179521e-03
3.286094348086583249e-03
-5.268270764242438892e-06
7.279004720322301315e-03
3.467861120243693508e-03
-2.915732247600762248e-03
5.809154933620739279e-03
3.462478957697515212e-03
2.904727909208504235e-03
5.812672675526231805e-03
4.171585712571566212e-03
-4.310433299026574853e-06
4.860198793653224339e-03
4.174952657726181682e-03
-6.577626335391605200e-06
6.767591072630385965e-03
4.524043095520736447e-03
-6.141135240196113846e-06
5.812107520599490984e-03
5.005226386317790030e-03
-5.002756519282169911e-03
-5.427694043375636481e-06
5.150030696802843609e-03
-5.156031632491294737e-03
9.542348368451041354e-03
5.003062219499843609e-03
5.003763395748265369e-03
-4.983823594345117933e-06
5.144688856218760514e-03
5.139779939154721575e-03
9.553449798980961569e-03
-8.191830473328699574e-04
-3.582673839882656239e-03
2.452053414724955811e-03
6.101351438194022817e-04
-1.160586246343023797e-03
4.072196712228861974e-03
-3.785133187842124221e-03
-3.880102807061636995e-03
5.250036305957505450e-03
4.231645723619734470e-03
4.591009212214526829e-04
3.431347351506743807e-03
1.346002001952270816e-03
-5.043153031131624711e-04
3.114381976544530403e-03
-3.966427733781946571e-04
5.017579628428507459e-03
5.674862282590603831e-03
-4.063182191976560768e-03
-2.318051459374539285e-04
9.668369511858260212e-03
5.544239908343969120e-04
-5.081933962865989481e-03
3.862287110464713170e-03
-1.242999945198393135e-03
-4.545660803234612590e-04
1.242977088794266138e-03
-3.865758340970378080e-04
-1.377908809304556051e-03
1.099985278648861952e-03
1.902118593780928240e-03
-3.714634597236892832e-03
8.348893382535235719e-03
3.576724454810407093e-03
-2.805202135327611659e-03
8.118312632915923588e-03
3.572082106465563657e-03
-1.463030028009078710e-03
3.693168517523852910e-03
-1.552611613668806491e-03
-1.449513683739548633e-03
1.893668432897838280e-03
-1.144067515360116258e-03
3.832593381484083496e-03
1.640664492091974385e-03
-1.745101167076976373e-03
1.005270193388172395e-03
1.930121719762964644e-03
5.355093703521677552e-04
-1.477363230984798980e-03
8.589009467548296833e-03
-3.368292884091547771e-05
3.743311614286376574e-03
1.755670995531192395e-03
3.598513782853532449e-04
-2.105465572303635412e-03
1.407619525906354417e-03
2.701417691302358034e-03
3.633675559461945902e-04
3.030134513077188240e-03
4.062262039418656351e-03
1.471035497810626149e-03
2.964087794873935134e-03
6.918538473265567696e-04
-3.363147887729834445e-03
5.626385846787966376e-03
-4.213340537970567713e-03
-4.171668285303908874e-03
1.643180598291576165e-03
-6.600113035812236973e-04
2.806893064806023803e-03
6.235852188465819401e-03
-3.818303368679361234e-03
-4.178599094896824628e-03
6.595365435113656645e-03
-4.380298174567260304e-03
-4.340842546115821973e-03
7.681157515634895981e-03
-4.416333431620808256e-03
-4.318630013075810785e-03
8.623549437306388468e-03
-4.014034521844693851e-03
-3.176014749546509069e-03
8.142772757391714827e-04
-4.327658510722503203e-03
-2.948287788287073160e-03
1.698981314914589646e-03
-3.736139293535063743e-03
-2.832927639759187308e-03
3.215514875191679157e-03
1.948465743554163689e-03
3.960528728691234575e-03
7.909581893459220400e-03
-4.068720624233550763e-03
-3.042850243505699267e-03
6.459990710517010334e-03
-4.231613832779488119e-03
-3.391020727059976259e-03
7.923261533408002683e-03
-2.831440726799059476e-03
9.292305356493566490e-04
5.898397205288380581e-03
-4.232316160185614629e-03
-1.734417426044183256e-03
1.096199132317698206e-03
1.884461681052658748e-03
-2.111469914361876945e-03
5.180402756394730454e-03
-4.023039795912900646e-03
-1.904285603716208454e-03
7.828867923446673066e-03
-4.206159411956902731e-03
-5.286761143887595913e-04
1.014386562949508557e-03
1.961529264419413065e-03
-3.401221092159507301e-03
4.858536117432560308e-03
-3.159703956722732104e-03
4.081442599556573021e-03
8.587865750331321463e-03
-4.260478128276038064e-03
-7.386082930817311661e-04
7.585324774359864484e-03
1.031648554256451959e-03
2.962756104937435894e-03
5.666918009793019649e-03
-4.156636032501609054e-03
7.848991402193935315e-04
9.010126071927605611e-04
-3.874044647523707929e-03
4.311406999923539526e-04
2.846955086156591382e-03
-4.091841874138061989e-03
5.921234776828289024e-04
7.721462617452354120e-03
-4.324311998771292187e-03
2.037385741462369431e-03
8.808544828640195272e-04
4.315658559058515838e-04
-1.389473148386023829e-05
6.840285732391843121e-03
5.057158452299263113e-03
-4.022533087282414814e-03
8.905654726118301598e-04
-3.620413281547594109e-03
5.085399530523492320e-03
2.212217862677026432e-03
-4.052953816221544978e-03
2.928256383968011640e-03
1.549201184991948459e-03
-4.205466067915934747e-03
2.987969757352190552e-03
2.900351730144661976e-03
-4.254901680273855645e-03
3.163019981579538991e-03
8.852377849240856272e-03
-4.103867091160937064e-03
4.134058256131431519e-03
2.631178177169532159e-03
-3.992679898368513107e-03
4.128138829701436842e-03
4.093609999075977120e-03
-3.850001354487303257e-03
3.977371690271881699e-03
5.409969049690893476e-03
-4.121005139135288861e-03
3.942608254467670249e-03
7.030523549889570838e-03
-3.049501344599069366e-03
-4.130243573756367526e-03
9.723815439641142304e-04
-2.757729735093579319e-03
-4.147632024123582527e-03
2.096975430191904289e-03
-3.080118909272448312e-03
-4.043936019219623867e-03
3.086438858097881755e-03
-3.030041651548873692e-03
-4.228062348863972746e-03
7.564825961404714368e-03
-1.055671479340578511e-03
-2.032592326409768304e-03
8.432045170923186186e-03
-3.123371730625094933e-03
-3.182278397271257313e-03
1.857155192851067237e-03
-3.080120929036836170e-03
-2.964849468137378992e-03
7.927168889174425123e-03
-8.285725174750449866e-04
3.072661694602526507e-03
2.637673344637268043e-03
-3.065434808638532564e-03
-2.154171455902039508e-03
9.265254720434743874e-04
-3.102646660682813716e-03
-1.951131407078778718e-03
1.999506496067136440e-03
-2.924903004367808163e-03
-7.429285732444710017e-04
8.419994475730472683e-04
-3.440722956833564862e-03
-7.816018749948507038e-04
1.833680255067286161e-03
-3.109473191303044771e-03
-8.523597066412269942e-04
3.075193524854679620e-03
-3.154356555435260806e-03
-8.815043204810842385e-04
8.733133202701323303e-03
-3.134196335929807960e-03
6.079819767578700665e-04
7.538581827197133201e-04
-3.020076424027981574e-03
5.083011666840472724e-04
1.742942715055621847e-03
-3.288924553300920199e-03
2.700545825827971487e-04
8.526569262910161859e-03
-3.144638010355385767e-03
2.130521970601225498e-03
9.049164330004094746e-04
-3.118641624906793967e-03
1.910891396534430357e-03
1.967125196663787375e-03
-3.567229974879428805e-03
1.799604232094073998e-03
3.163109627455924344e-03
-2.771145864500335499e-03
1.939861019074442736e-03
5.697374193415179547e-03
-3.034038755537215009e-03
1.506615368657750805e-03
6.450896190354487615e-03
-3.264880007762897048e-03
1.700068067799928541e-03
8.247375320007225077e-03
-2.897906729150851683e-03
3.349938391231754246e-03
8.872597368617511377e-04
-3.046867374006751329e-03
3.277646667962951389e-03
2.171661750906217492e-03
-2.920469611058596274e-03
3.299312773831545708e-03
3.234508910750466017e-03
-3.566104761022931367e-03
2.814318061931347318e-03
4.190161740929599331e-03
-3.373032641481301004e-03
3.085920404201511914e-03
7.702836173699378897e-03
-3.279348599839362714e-03
4.149776950463021641e-03
1.577139703633839750e-03
-3.048455769017082047e-03
4.264999708362965727e-03
3.021358877163037981e-03
-1.782657905254887752e-03
1.888603736305449971e-03
2.801777693995815763e-03
3.964021637326429343e-03
-3.041442170410547322e-03
4.160910508668293553e-03
-7.877357661265710570e-04
-3.945488586710528718e-03
7.744937451914672699e-03
-1.689490357326478174e-03
-4.195675692892518807e-03
9.991608988076982126e-04
-2.357763657641974431e-03
2.049508189552984652e-03
9.694277178068803902e-03
-1.582258909382429184e-03
-4.230750976698749791e-03
8.962246874329130031e-03
-2.102366741148271271e-03
-3.096578947350626335e-03
6.741961804866386087e-04
-1.843525553803761468e-03
-2.911529241848407994e-03
1.795975451379536831e-03
-1.844280070595162970e-03
-3.215638865045621769e-03
2.906435146057473155e-03
-1.947193576377736178e-03
-3.331722509931171142e-03
8.534153070830960072e-03
-1.746338158437812406e-03
-1.646338376430983618e-03
9.335983344938727059e-04
-1.913735665518009584e-03
-1.810256483176012976e-03
3.144316540779958438e-03
1.999972800359637974e-03
8.394401924440382436e-04
3.514319148698335452e-03
-1.976603510284306083e-03
-4.261466499393266102e-04
1.988740298545499212e-03
-2.643228839409094387e-03
-8.729611499920415796e-04
5.798904917822099263e-03
-1.834637948394620506e-03
-8.155910836151699685e-04
8.657665662091230951e-03
-1.992641873238150483e-03
3.427866421242550072e-04
9.609234179615534169e-04
-1.982413233875743568e-03
5.460787752199451747e-04
3.081053034182810058e-03
-2.087547204847940187e-03
4.291870060920312127e-04
8.563889526372426425e-03
-1.991836523328219168e-03
1.682255547175319716e-03
9.959845826470090872e-04
-1.681839241603716277e-03
1.929392944447473396e-03
5.428364452668398184e-03
-1.989086271490290905e-03
1.783987932095862415e-03
6.409844277698686574e-03
-2.107569467710792947e-03
1.895790751183443201e-03
8.595184057760892060e-03
-1.766975893134467481e-03
2.878383466024887500e-03
8.231673911918775850e-04
-2.046675998888549536e-03
3.103826671523794538e-03
1.804324187271275689e-03
-1.789863086501196658e-03
2.915841751016806649e-03
2.980007291107770063e-03
-1.762297097633769034e-03
2.980976975654504001e-03
5.492666484524694019e-03
-1.899901355175261661e-03
2.861950504122615438e-03
6.269505163293064703e-03
-2.053775373666032016e-03
3.246505407107697604e-03
8.654001910452097102e-03
-1.869550351053506131e-03
4.048539411677754690e-03
7.983495136170433827e-04
-1.784803025850654470e-03
4.030251956017946550e-03
3.029573812683082103e-03
2.668461115005439210e-03
7.013371142682806123e-04
5.650739232689314107e-03
-7.792756142759766106e-04
-4.260217393958905599e-03
8.752069854147970793e-04
-9.545979093941889216e-04
-4.293883355795363732e-03
4.161062375538817151e-03
-3.775990260146663336e-04
-4.529366738067793462e-03
6.680455134268762848e-03
-3.747442510771200751e-04
-4.295572906158596181e-03
8.704992337180557718e-03
-6.503249054609197598e-04
-2.957936633926451682e-03
9.368652110959979368e-04
-7.399475082086762277e-04
-2.684168017198082599e-03
5.487112963955619038e-03
-5.684704104062020345e-04
-3.215769106025673750e-03
8.877794605726846769e-03
-5.681102793044831133e-04
-2.094260557083279378e-03
1.990394996823192930e-03
-5.498386499809034943e-04
-2.165567681299732962e-03
3.168358267882639707e-03
-5.072305342450914240e-04
-1.719995468954866463e-03
4.049086004174721684e-03
-4.499873371742563969e-04
-3.468449080787301729e-04
7.397048550675405267e-04
-7.324022571745118825e-04
-6.284846890412329337e-04
2.775040908615426707e-03
-4.772357750060539144e-04
-5.355872621858491153e-04
4.320258566314153122e-03
-4.384368095865427174e-04
-3.358220776354681474e-04
5.710060126711816696e-03
-3.754245530992265912e-04
-7.746682776355926338e-04
7.887116950904174417e-03
-4.766009119193589656e-04
5.115752172328300387e-04
1.856158606912044389e-03
-5.715814080366552873e-04
7.139788408175775508e-04
4.223708646863457393e-03
-7.257809239937525842e-04
7.800681382851517480e-04
7.928070404314003020e-03
-8.320451479458143519e-04
2.172961975139625027e-03
1.560974210600786722e-03
-7.881666352986087254e-04
1.983085140228471079e-03
3.760750800766936904e-03
-6.879221995167036051e-04
2.005401958795760640e-03
8.181105723816181619e-03
-5.895805241320386907e-04
3.129459821967968316e-03
3.610378128728296710e-03
-6.442831321823411879e-04
3.615928870423178870e-03
8.107634256235327075e-03
-5.944286258160124368e-04
4.273021334558431417e-03
7.911468467419911429e-04
-4.460629547381880842e-04
4.257626195546241124e-03
3.049011806870187760e-03
-4.601698770304770152e-04
4.187081987360594809e-03
4.089175845010056300e-03
3.225054485109530005e-03
3.898991350007834870e-03
6.514531746406388574e-03
-7.110020957887128656e-04
4.423349023765349962e-03
6.934533347895518486e-03
5.053871898414004577e-04
-4.101876522133007796e-03
7.752679249992946650e-04
6.158305502521832725e-04
-4.250222250337548115e-03
1.807478456621242069e-03
9.232293849937497909e-04
-4.279668088515436661e-03
3.264876737671645879e-03
7.823746501268273330e-04
-4.397660959880248487e-03
7.669348109686550952e-03
4.956713429022687996e-04
-3.041953319800793070e-03
1.794909393854275930e-03
3.596262119398966652e-04
-3.207093413556677021e-03
3.035415741433717448e-03
5.870882741023883975e-04
-1.725647573491205337e-03
2.645585672445216040e-03
9.229953680822607651e-04
-2.045607027808682508e-03
5.504985664424867989e-03
6.685605786778524989e-04
-5.517940514950421538e-04
8.585364413724836134e-04
5.611777874538414427e-04
-7.399552008052986442e-04
1.818242254587991392e-03
5.673168256136128500e-04
-4.625633979590195073e-04
5.535028968526535011e-03
6.507294344025273602e-04
7.627015139467640138e-04
9.404614208737096560e-04
6.693911045601571652e-04
8.622425350400621030e-04
3.108410962208582162e-03
2.222521628489936615e-04
5.149835887865889276e-04
5.558711250390087170e-03
9.371686894630345665e-04
2.660170371385387291e-04
4.408113601746425220e-03
4.382957358888109377e-04
1.894349271533494290e-03
1.766354566625396921e-03
6.089244577620611665e-04
1.979382712717467092e-03
8.847930395565525158e-03
6.593466794058644659e-04
2.965971985015210428e-03
3.094410756686837884e-03
7.989470363665995573e-04
3.262484354228696679e-03
8.338243648956461876e-03
5.224787755929872352e-04
4.127933053091947802e-03
8.503986301260475170e-04
2.968658613796322249e-04
4.223696453252737300e-03
7.878415173394503340e-03
-2.414074903094400905e-03
-1.537457655912842589e-03
9.685712622693886872e-03
-7.539021440267415757e-05
-3.966386500488277254e-03
3.761177934249404064e-03
1.817594646003123241e-03
-4.147581036134782677e-03
8.780977274477832096e-04
1.796769341651790119e-03
-4.251849031389193581e-03
1.988794943642564587e-03
2.193104458919039029e-03
-4.300571811569834334e-03
6.683671674118491467e-03
1.681538259578713342e-03
-2.995347380906834053e-03
8.386224910538847511e-04
1.819053544686839198e-03
-3.151717900938480563e-03
1.956149217258086864e-03
1.771737107152262115e-03
-3.585334287260444949e-03
3.100022640772010559e-03
1.743556394694786892e-03
-2.706962166930641008e-03
5.954159220212844154e-03
1.963175838782598229e-03
-1.693403302469705758e-03
8.949367185076223617e-04
1.562012265288230395e-03
-1.816143867282657681e-03
1.964338431299629626e-03
1.846040674607959736e-03
-1.881958006143472648e-03
3.284139966902298400e-03
1.878034133875231644e-03
-2.027286320299664501e-03
8.410987847392439182e-03
1.837872787115641489e-03
-5.805117484665428930e-04
8.120817278852379565e-04
2.244247056410004701e-03
-6.607105105161259094e-04
1.892609386368701314e-03
1.573403195428023068e-03
-4.997233718412222954e-04
8.423953073308914144e-03
1.967658020397665061e-03
6.874327772345905719e-04
7.705922783197659536e-04
1.865799757740494499e-03
5.543976472196684687e-04
2.017201659848727024e-03
1.959627411742777270e-03
7.937515061354398580e-04
8.446161026641436226e-03
1.768914996058435505e-03
1.786382961988331429e-03
8.127359183553634113e-04
1.773791410970671379e-03
1.897058987774420061e-03
3.121020740601029679e-03
2.065074865552098387e-03
1.947348455849688296e-03
5.626756367425740125e-03
1.883431698889575416e-03
2.028645796263824335e-03
7.962114521928298494e-03
1.929981667865996115e-03
1.910726552975966627e-03
8.885245551750197562e-03
2.175163937697699792e-03
3.210137776876426530e-03
9.385413086718581320e-04
1.621850166064308339e-03
3.269021553917027690e-03
1.982043086368528387e-03
1.708993187575887779e-03
2.624269121667044315e-03
6.397500521921136926e-03
1.931354690042838985e-03
3.267213323963434786e-03
8.760470178460941573e-03
1.912077607947731527e-03
4.265809135110326319e-03
8.507507032491791032e-04
1.724464176984383517e-03
4.256758933792081229e-03
3.016489903792109531e-03
1.976663337441369149e-03
3.956414895523918153e-03
4.049988960579209950e-03
-1.862223736033358050e-03
5.071211302137732316e-03
4.012971120461778299e-03
3.302705572506100216e-03
-4.271095450941203575e-03
7.788573022361582878e-04
3.366048373586421304e-03
-4.174181803833459763e-03
1.941463829838414607e-03
2.827142486639595310e-03
-3.922688448817673694e-03
4.085238641404393724e-03
3.380917901078695376e-03
-4.068948213891517528e-03
5.212618939906406637e-03
3.172083652130297266e-03
-3.884296975227275427e-03
7.860431884758187909e-03
2.912557943158346641e-03
-2.990938473520622295e-03
7.591105230845131106e-04
3.065357225001843437e-03
-3.233646514841778761e-03
1.737274129947265645e-03
3.043319702409766694e-03
-2.809030063430664921e-03
3.019966249337864821e-03
3.046868976772555086e-03
-3.047570987263748931e-03
8.814780985806616384e-03
3.005622673404045094e-03
-1.890610861812314254e-03
1.673972210976871306e-03
2.677049116393274714e-03
-1.755854083748657583e-03
5.711310179278936139e-03
3.007312862461053362e-03
-7.897238129524024319e-04
9.724133216468921603e-04
2.939919973287533506e-03
-5.915809263269917540e-04
2.945322192004638535e-03
2.822596997590633497e-03
-5.405555825758872343e-04
5.630695974764851966e-03
3.186194786196131033e-03
-6.327924215139417745e-04
8.260951038289915394e-03
3.293696973143208414e-03
5.510556300131299375e-04
8.737433998866883916e-04
3.189998183137829867e-03
4.426135672451366170e-04
2.033231833951169767e-03
3.051286053285627489e-03
8.157325170753048846e-04
8.158395119393571995e-03
3.012939752676220030e-03
2.091776235177093997e-03
8.627172709368626131e-04
2.816659307647581892e-03
1.927421824119194670e-03
1.920458848270800061e-03
3.090653235527730629e-03
1.758853657147767735e-03
3.181478495728649273e-03
3.267109363041203248e-03
3.929811353252942591e-03
8.923874356885394543e-03
3.230265422371197005e-03
1.882136520139604096e-03
8.713889482815128859e-03
3.350985200865991710e-03
3.350729754378385921e-03
1.066208145827221305e-03
3.286379942053569564e-03
3.323848563932466603e-03
2.065326326591851794e-03
2.751121017380991213e-03
3.008130682217797797e-03
3.310039689864526045e-03
3.124522681520363384e-03
3.266735687901816017e-03
7.932981114116277599e-03
3.052729898840274899e-03
4.247379723446126701e-03
7.299677798916295608e-04
3.036585927839802451e-03
4.196205507160174694e-03
1.889311138961033724e-03
3.033739783186351850e-03
4.174077297478509703e-03
2.978440490043041469e-03
3.308863017931441049e-03
4.100084810505216261e-03
4.283741649805437521e-03
4.280622261536149060e-03
-4.352933927825233112e-03
4.102831071913225734e-03
4.376050915035038444e-03
-4.213403797415324857e-03
8.827095599722972752e-03
4.116562617160927223e-03
-3.277069038181903895e-03
9.744525088513704371e-04
4.164711861242624720e-03
-3.450041531911455465e-03
2.923315985760047489e-03
4.234728707398524410e-03
-3.367774919955638172e-03
7.742974657800143039e-03
4.223524693281221695e-03
-3.056525053035547782e-03
8.741102197150832712e-03
4.266146553154513688e-03
-2.004523337177721749e-03
7.290142166150190501e-04
4.283971433987615075e-03
-1.911144501000523006e-03
4.219617947675906658e-03
4.135395219018136136e-03
-1.902162056186123456e-03
7.804964365618166124e-03
4.245009156599332568e-03
-1.728788917539861346e-03
8.733125920886606122e-03
4.149366361752312819e-03
-8.874049337133892157e-04
8.518335624157374365e-04
3.835783741170304545e-03
-7.486017380659136132e-04
1.904804359628823858e-03
4.176698399398470415e-03
-6.231202142739446269e-04
3.094029419370914608e-03
4.207354243411675319e-03
-5.065203911156112475e-04
4.078124323098301397e-03
4.232301108206012671e-03
-5.380805873548277773e-04
7.855282076464194241e-03
4.223324175010596815e-03
-6.644771655085576116e-04
8.961253085756088615e-03
4.315750408574549335e-03
5.259041824923646425e-04
1.716576229628890161e-03
4.301540227844027030e-03
5.452727183367003100e-04
8.025243004945404809e-03
3.988320791569025664e-03
1.713509760874402108e-03
1.950677412166091458e-03
4.081216913427689746e-03
1.966271468073945393e-03
4.167818546919469999e-03
4.091050237695567811e-03
1.948690687322198389e-03
7.840655195634885222e-03
4.237161477299064560e-03
3.236352097811307730e-03
8.324764526195340460e-04
4.317030646821608773e-03
2.990130020056976611e-03
1.763899370216178873e-03
3.988686534266655190e-03
2.842161910827020310e-03
2.968928370068008374e-03
4.104994949135201687e-03
3.472429343016720897e-03
5.265088372831266961e-03
4.226293925546921113e-03
2.990013830078071949e-03
6.606388091695625416e-03
4.193965217725848654e-03
2.924563476205005366e-03
8.776722263192367895e-03
4.233474068479771424e-03
4.282061622236709407e-03
7.129532926315328319e-04
4.118733075723158069e-03
4.183453763317333124e-03
1.734007240876176510e-03
4.211949371218444427e-03
4.227328714561862620e-03
2.963201446351886818e-03
1.075168005266329517e-03
5.032131215610652179e-03
6.411834355377924941e-03
-3.874158659482971213e-03
5.082684337998071011e-03
7.924355560784378250e-03
-3.677892202012900211e-03
5.129938505252094189e-03
9.592565336169860124e-03
-3.033076592089415258e-03
5.052129674755242821e-03
6.918863710778695372e-03
1.865330810096709445e-03
-5.096739765269831315e-03
7.768820118399217579e-03
-2.399385072472923468e-03
5.100039722892108808e-03
8.462130817355684870e-03
-2.324194601412078471e-03
5.131423495871987976e-03
9.613156936369809252e-03
-1.535527002788392419e-03
5.018022274096637335e-03
5.998298772995838343e-03
-1.240832366302105491e-03
5.066120232211755378e-03
7.499042797076221900e-03
-1.052276474654546346e-03
5.103025758456185626e-03
8.561083990418031156e-03
-1.150039597458886887e-03
5.124856649634802232e-03
9.632549335623248610e-03
-7.924625853921688379e-04
5.067345549826178519e-03
4.304683311522886600e-03
1.033039194799536257e-04
5.056387267495798810e-03
7.309175334547480217e-03
2.464860515648097523e-05
5.102041989027151711e-03
8.559139559477905307e-03
1.057584942986981500e-04
5.127773320291792621e-03
9.636178031494120264e-03
6.188932993398962119e-04
5.097542950114837546e-03
3.067376001814126237e-03
1.439053819684811162e-03
5.083443524006251574e-03
3.945463164742655029e-03
3.307063205364649933e-04
5.078634624215291708e-03
3.932081266662910100e-03
1.374196132407154739e-03
5.076704384234746910e-03
7.480324747004635233e-03
1.356083991500562757e-03
5.108077836373930113e-03
8.472656033789128030e-03
1.249388483597774603e-03
5.138927541132422457e-03
9.628569464373831072e-03
1.119558919556938289e-03
5.021579699757938199e-03
5.428441264829599218e-03
1.863865472819456904e-03
5.105225911037089212e-03
2.580761917531955787e-03
6.753672035490727388e-04
4.158651549740823364e-03
3.300299182425939833e-03
2.612459395789715807e-03
5.081596215514348411e-03
3.886346215255301155e-03
2.566619865776019471e-03
5.046460108801001203e-03
5.034170650251799592e-03
2.430005201512314920e-03
5.038789425438195205e-03
6.217146750228173639e-03
2.585915650048224712e-03
5.076652445258733604e-03
7.288002325737958330e-03
2.678351408213388261e-03
5.114914120395859000e-03
8.517041402637365657e-03
2.627010302840937159e-03
5.137371522538722313e-03
9.611284704874758708e-03
3.872491607710365144e-03
5.077025553476898628e-03
1.394779511064701697e-03
2.643947424597958579e-03
5.082546254462756707e-03
1.498240193850192267e-03
3.840139631235199753e-03
5.090385896130461725e-03
2.583828155016920560e-03
3.862887673946437464e-03
5.077635275056184908e-03
3.764164130547516338e-03
3.810324050119091085e-03
5.064419077348258566e-03
4.933631890677972302e-03
3.808377790330308953e-03
5.052072403748132483e-03
6.099080897656207825e-03
3.832824594840934622e-03
5.077332762946001020e-03
7.262835555163443466e-03
3.950858275817895233e-03
5.119365978665857408e-03
8.548271754211429069e-03
3.886234830851049548e-03
5.139503786564313809e-03
9.584934182010649423e-03
5.055129028209225106e-03
5.067522585892311748e-03
1.386365751967217740e-03
5.083554223618723909e-03
5.083154207038319099e-03
2.580806466815666576e-03
5.078137809347873372e-03
5.074868181176707058e-03
3.767455439937361563e-03
5.091079885796949769e-03
5.073681294632830310e-03
7.237470889765768196e-03
-4.238609001442962890e-03
2.731199495411351826e-03
5.029828518118523856e-03
-1.911789876747415880e-03
-5.056191331274246560e-03
6.657024238816738188e-03
2.919816257375323736e-03
4.079872922291108081e-03
5.308233177230405574e-03
-2.937380842249671768e-03
5.039334989588222478e-03
5.280515702860353634e-03
-4.314667235196086026e-03
5.040258649593518450e-03
6.983834389112569601e-04
-2.423212969422205380e-03
5.077151003030197854e-03
1.452780867712240688e-03
-2.461572377634500472e-03
5.087935264548662517e-03
2.595918703303635826e-03
-3.105157719420661815e-03
5.073876452904999695e-03
3.770522479513781222e-03
-1.177495922643136345e-03
5.080990615419156246e-03
1.253892444993499021e-03
-1.140198361270683761e-03
5.090694072213598591e-03
2.575844930778243419e-03
2.460436735964176736e-04
5.104596158563322501e-03
1.737909286651597362e-03
1.338647273521323096e-03
5.097961682360786610e-03
1.399529763704199757e-03
5.069397899675189174e-03
1.799000453152879893e-04
7.481742680484609193e-03
5.055845497438458264e-03
-3.665087574545802893e-03
4.835422650297396471e-03
5.074359716815954324e-03
-3.743498687629818154e-03
5.963562928683397921e-03
5.075742503398209676e-03
-3.718081088949225406e-03
7.128566673504482462e-03
5.110488609341825098e-03
-3.707423979937704388e-03
8.378082945226612496e-03
5.144849040123717666e-03
-3.682057215224455744e-03
9.584792041270523422e-03
5.095623571589886179e-03
-3.168258125739885269e-03
1.914299934256857806e-03
5.081321651659573280e-03
-3.445514926767759972e-03
3.551544537952160043e-03
5.082692155747874432e-03
-2.324404475208753824e-03
3.868298616367557303e-03
5.045623277950633812e-03
-2.324204307292707192e-03
5.325124308471315855e-03
5.062721104454143313e-03
-2.375758887558649789e-03
7.288844361196433926e-03
5.106942703102609719e-03
-2.400044187663495469e-03
8.428607929329853810e-03
5.142683874515325930e-03
-2.420665219048750722e-03
9.621529150878001257e-03
5.090755994253313987e-03
-1.611584535553099370e-03
3.120744681512057240e-03
5.062665973215548128e-03
-1.139431409665366511e-03
7.311961010422649357e-03
5.104532037710423492e-03
-1.144984853419526603e-03
8.488037589570606237e-03
5.137832392504453581e-03
-1.159934971814746999e-03
9.646512988345979159e-03
5.068782890375568388e-03
-6.194094829792198961e-04
4.247503924139175470e-03
5.034303383839891684e-03
-6.209786868583672776e-04
4.935084181486100625e-03
5.027575927310919297e-03
-6.242090134571969722e-04
6.130962910196095794e-03
5.106862179949421023e-03
1.690616583711032942e-04
8.604458138310708964e-03
5.133244305425848156e-03
9.894645773353232237e-05
9.650658229862321344e-03
5.066735107813872575e-03
6.518631236637736958e-04
4.273660609666584016e-03
5.033965659188116906e-03
5.330048308371224163e-04
5.329715057347250706e-03
5.022748892828186006e-03
1.321863823969670650e-03
6.124405621476008976e-03
5.029764170783132364e-03
5.467142676639687995e-04
6.569785914870507337e-03
5.074439137061250403e-03
1.309866682316080180e-03
7.489955896181089805e-03
5.112934721787192049e-03
1.452925579772791284e-03
8.581027567456883318e-03
5.144440087297502684e-03
1.359011098285108597e-03
9.632132286558072257e-03
5.045261612762245995e-03
1.844948778701262877e-03
6.609947466381673430e-03
5.151796032518131570e-03
2.622034649462286551e-03
9.604126375609553165e-03
5.092731845239365993e-03
3.109708016775224963e-03
7.756315236599316265e-03
5.114865199896304927e-03
4.010851758148616976e-03
8.467605231040575137e-03
5.151136849962672029e-03
3.744403112020738920e-03
9.579161416764245610e-03
3.717081002707580371e-03
1.249006964616339701e-03
6.769791403566175099e-03
3.926295247436469536e-03
1.623091914957564691e-03
5.814039486896877863e-03
3.850643443055907882e-03
-1.850656690066185620e-03
5.809011429346738926e-03
1.842792900926423522e-03
3.457099578730116283e-03
4.861291347804467741e-03
-6.465938404671792454e-04
3.014920500479793385e-03
7.282584637120444009e-03
-2.961280985058481127e-03
-2.581975163267931968e-03
4.860307421754379159e-03
-3.923366677648904184e-03
-7.253075534046523037e-04
6.770753091627226654e-03
-3.920858721462036969e-03
7.086014582037829680e-04
6.773181925329764715e-03
-2.972306255572521559e-03
2.559590019342878036e-03
4.866044906337312417e-03
-5.051742514238109251e-03
-5.060384791021308587e-03
9.495640334530326254e-04
-5.004171008702096302e-03
-3.875626276434125661e-03
-3.478334658288977944e-06
-5.043636009895297034e-03
-4.212730187298375194e-03
6.906520968401958427e-04
-5.002896522634717354e-03
-3.061244376051070349e-03
-5.106867060081244559e-06
-5.068490944663027638e-03
-2.879901590061705909e-03
8.587627415882180277e-04
-5.007529275238294109e-03
-1.837184810017642974e-03
-3.693120736648583816e-06
-5.065527511575080265e-03
-1.290948059333288595e-03
4.129383164950328929e-03
-5.007327470202944941e-03
-6.127355031496338218e-04
-6.850650370841713232e-06
-5.106943897225600312e-03
-8.355693701232975524e-04
1.661529201035711212e-03
-5.091630604077522146e-03
-6.830258382428071708e-04
3.163476317702701955e-03
-5.006389104973349435e-03
6.138313083433238676e-04
-5.810032956216712502e-06
-5.108155186214948483e-03
5.251816464862701147e-04
1.889692498101443446e-03
-5.084316080770948272e-03
1.089139578499478825e-03
3.377296344652554877e-03
-5.058586555795097778e-03
4.389614553294234989e-04
4.215811545871000175e-03
-5.037269309471361332e-03
1.945205495361722447e-05
6.783101387677011734e-03
-5.007248061667366260e-03
1.835567140334779792e-03
-4.920428530571596768e-06
-5.095945624936711917e-03
1.782324529624981736e-03
1.638832877256530879e-03
-5.086972917207954054e-03
2.289807432652100384e-03
3.045500038700254836e-03
-5.054417460285533931e-03
2.187084113469726400e-03
4.519980545196638534e-03
-5.057302497214907766e-03
2.232369504633796228e-03
5.922294407050326427e-03
-5.064571582756116283e-03
2.356959956517090844e-03
7.092905181973693102e-03
-5.007795618267004215e-03
3.060798829021695033e-03
-5.985405404603440695e-06
-5.086569163575674693e-03
2.988169047595001446e-03
1.729195604370795591e-03
-5.061457074427296900e-03
3.258252435914326881e-03
4.134375644658752624e-03
-5.059393991814173895e-03
3.586165374214901353e-03
5.905352744371138510e-03
-5.099253319626007724e-03
3.595683524327768828e-03
8.035095659300842130e-03
-5.128534842115502028e-03
3.635739353011961054e-03
8.913316299118158315e-03
-5.040373797485531507e-03
4.316294958668737310e-03
6.964322521685696382e-04
-5.079946048253600015e-03
4.227392757223274490e-03
1.857437801851205637e-03
-5.084687255126857201e-03
3.906194720199093490e-03
3.204722191095554871e-03
-5.067223435790742074e-03
4.325357773208794027e-03
4.736580824359538748e-03
-5.126026878582066147e-03
4.312626063743605839e-03
8.772558283428776721e-03
-5.092641867189091551e-03
5.056896210219131993e-03
7.047699005609564180e-03
-5.121582504330322687e-03
5.090818453988936280e-03
8.306992674052356487e-03
-5.062752108776893099e-03
5.057606505471636850e-03
1.357548173902213898e-03
-5.089248487771026036e-03
5.081298347772107704e-03
2.377043154112570486e-03
-5.082913970166694044e-03
5.070942345680461844e-03
3.558396609549921950e-03
-5.070103960718917030e-03
5.054464141157432797e-03
4.732417485558556951e-03
-5.066192414321431074e-03
5.049395364393128444e-03
5.899490611793460799e-03
2.232867357690401528e-03
3.612500529266306822e-03
5.815226550061828280e-03
-3.040335943197585919e-03
-2.993791951673656099e-03
5.813263951293452803e-03
-3.719179181202934142e-03
-2.187233381500022344e-03
5.811802388371902807e-03
-4.561896934591681135e-03
3.760744973972379637e-03
9.606329509629800423e-03
-3.660148217272725640e-03
-1.853679552543942462e-03
9.660357255492078507e-03
-3.457062821720528756e-03
1.153970125399917919e-03
9.693828493876652935e-03
-3.515963398111611373e-03
2.561948676240630857e-03
9.671499744549585248e-03
-3.777174999753935350e-03
-3.510766891098382816e-03
9.612854408811674287e-03
-2.235148780249937746e-03
-2.462139630279950534e-03
9.673221202896707324e-03
-2.409102227156541612e-03
9.263849951130032697e-05
9.696194943723210682e-03
-2.486129778213246131e-03
3.860984160285900468e-03
9.651334316709954397e-03
-1.146450722775268702e-03
-1.156302683306247199e-03
9.708504046247408426e-03
-9.893721137678480881e-04
1.797596126344094413e-04
9.711406873303827375e-03
-1.143202964024707781e-03
1.340167884708975965e-03
9.708563396699952316e-03
-1.191728206653660518e-03
2.782505438664630449e-03
9.699991122933090612e-03
-1.127028588720497236e-03
4.220170960124345130e-03
9.663180594010164354e-03
2.037465506828837981e-04
-9.359630985298660120e-05
9.719043322839203414e-03
6.040171458792891585e-05
1.289425970476514331e-03
9.720334844848100078e-03
-6.463253208470568249e-05
2.688066838383539481e-03
9.704192433446017299e-03
1.094915328756867448e-04
4.392344261917684872e-03
9.662127026171257391e-03
1.411788837386541160e-03
1.319694013649591385e-03
9.704658812921006239e-03
1.366056534561717415e-03
3.137761534940501380e-03
9.675461255400374244e-03
2.585197861860172221e-03
4.138578276685824821e-03
9.633969759205674929e-03
3.152259038786218298e-03
2.624505783897033290e-03
9.663800054336162473e-03
4.033078990557288808e-03
3.973651412459831833e-03
9.609831076432619884e-03
-3.363816049106817512e-03
2.595708497451594630e-03
5.820402813847777058e-03
1.345110812738247201e-03
2.781198962189415300e-03
7.283699081643603586e-03
2.040746594043249020e-03
3.345057459101832744e-03
6.771933000058687376e-03
3.021306326816836692e-03
-7.181828336114691761e-04
4.355230270575659833e-03
1.848231075547467246e-03
-3.470308885418642124e-03
6.764770592556874906e-03
6.994623770022989325e-04
-5.038979510309024926e-03
5.609419315322806965e-03
-4.284681656794269398e-03
-5.003567328088032867e-03
-2.098889310266356189e-06
-4.339561329680969616e-03
-5.073730930209817414e-03
1.178807667623337722e-03
-3.061766654318513053e-03
-5.005208512156628445e-03
-4.218366062483862544e-06
-1.836188888016788458e-03
-5.006885331559907115e-03
-3.832826056543127303e-06
-1.771674708952544015e-03
-5.065576542678950842e-03
8.376298363406212144e-04
-2.057799985826595617e-03
-5.101226792194988799e-03
1.828335385927011428e-03
-1.856484636147527926e-03
-5.083067043355618715e-03
3.545993852328781226e-03
-6.118573567444717930e-04
-5.005605665015673382e-03
-3.511614515942938468e-06
-3.591170153410761174e-04
-5.078066205111515449e-03
9.519367817060186152e-04
-6.231010272624976348e-04
-5.098807842163312516e-03
1.875402104040637188e-03
-6.179803749870412715e-04
-5.092250773982570297e-03
3.058862869803170761e-03
7.756962715701442830e-04
-5.005748341067401720e-03
-3.892127098191265347e-06
6.098122313040023681e-04
-5.066066441120885624e-03
6.824247871135290288e-04
5.569644425091822533e-04
-5.103668895856639312e-03
2.172120874191524331e-03
2.009119564118470869e-03
-5.004899933172255767e-03
-4.206964462957534919e-06
2.100831716043121983e-03
-5.077806874063968585e-03
1.039762202064654787e-03
1.862703563535907016e-03
-5.100467285226094501e-03
1.870559989519476928e-03
1.792138017020847600e-03
-5.101427351324414397e-03
3.086992001561224015e-03
1.837933448428678666e-03
-5.054387453935589233e-03
4.720460439648892052e-03
1.854944020341679593e-03
-5.057089909383710551e-03
6.602864018817246328e-03
3.568226485123107781e-03
-5.006485635660535248e-03
-7.037478502410440093e-06
3.048465458230411717e-03
-5.093342639917875468e-03
1.761994948880906808e-03
3.107487321196068363e-03
-5.094109280791164936e-03
3.067541707838080268e-03
3.093693994028832994e-03
-5.062383957436210336e-03
4.735407569834152591e-03
3.097530217501077293e-03
-5.051618972240158947e-03
6.587433978784994204e-03
4.241259100749196140e-03
-5.091327628187147791e-03
1.698642604833592706e-03
4.082511796788674575e-03
-5.091343842274064641e-03
2.835647630397706426e-03
4.118198773240103888e-03
-5.077809113633418615e-03
3.932515713706430036e-03
4.060427899892036889e-03
-5.062435368652948992e-03
5.104604553109062456e-03
4.202568078945550026e-03
-5.098282911934271140e-03
7.608700249991596359e-03
3.870063993915981611e-03
-5.127508312972877888e-03
8.537068317034822093e-03
5.068828191496971974e-03
-5.081554620366334103e-03
1.374767639680293590e-03
5.079523580553658817e-03
-5.089358247021150486e-03
2.364675413552562097e-03
5.078582644703431154e-03
-5.075003483258686346e-03
3.757281095884306907e-03
5.070233224669774483e-03
-5.066425568530146840e-03
4.729793220058735488e-03
5.068456921750083208e-03
-5.076655842347534836e-03
5.893764047638691723e-03
5.100200563457979973e-03
-5.077812120344087250e-03
7.182479926225016249e-03
5.114113687846978153e-03
-5.117772441992980009e-03
8.188135824453242687e-03
3.730133615699445047e-03
1.216363075007966888e-03
4.860881334989783364e-03
-6.176210810362357199e-04
3.868550968049210351e-03
6.773286198545593918e-03
-2.056366046567368894e-03
-5.042676578034627384e-03
5.274558591418417215e-03
-5.081406754169548977e-03
-5.095630462456008682e-03
2.375492480166144140e-03
-5.074593167487522621e-03
-5.078440495444244696e-03
3.625516555583881053e-03
-5.055031131115144544e-03
-5.077237787600502247e-03
4.733563601311572243e-03
-5.066179429798670260e-03
-5.080560337763244047e-03
5.885354935517401152e-03
-5.084621440138993066e-03
-5.100840580029968215e-03
7.034213240245563992e-03
-5.120948640845095906e-03
-5.131092191473204771e-03
8.186493702048115370e-03
-3.155089217042954600e-03
-5.098839110775679404e-03
2.176436669268562354e-03
-4.354754796951829793e-03
-5.092805999783731226e-03
3.068255065416477557e-03
-4.143889179072495973e-03
-5.065684715221441953e-03
5.395434301794259889e-03
-4.370333552866513538e-03
-5.119201128227049077e-03
7.723989844179266102e-03
-3.094047616956906513e-03
-5.068238992931947684e-03
4.239076325283653787e-03
-3.155940904081189127e-03
-5.066069242638445227e-03
6.397188199061199648e-03
-3.064458506776639255e-03
-5.147702321282986854e-03
8.767896292305614458e-03
-1.888112899820958363e-03
-5.118951856665283906e-03
8.096124725224794830e-03
-6.074308117842223661e-04
-5.035074111106108315e-03
5.430573320880792594e-03
-1.046202321175523768e-04
-5.064910379770163826e-03
7.101915790451615064e-03
-7.677510019346351798e-04
-5.105499952355937489e-03
7.972336448864351943e-03
6.719228621544937746e-04
-5.106781920450778438e-03
8.180350648931524263e-03
1.622233106420230752e-03
-5.133257045590891750e-03
8.841558911538090898e-03
-6.179141518211116787e-04
3.867305824264874372e-03
4.861878120077554703e-03
-1.360690763169496902e-03
4.068209653412255440e-03
5.818773149130040956e-03
-6.148604369856521500e-04
-3.885179500335687267e-03
4.859506909892697193e-03
-7.798319098994251552e-04
-4.183103390497250502e-03
5.812991284346383236e-03
-4.047575862561369857e-03
-3.736957985271047861e-03
-7.009626007852264841e-06
-4.286284357781068241e-03
-1.838407908814145269e-03
-5.496047322606064684e-06
-3.778692721805518729e-03
6.113947781266075489e-04
-1.010214509895604453e-05
-4.048364248060353117e-03
1.610198857438676669e-03
-7.414852144659772579e-06
-3.884278893651454175e-03
3.128966489569645626e-03
-7.997441353381525082e-06
-2.950800799452926119e-03
-2.188648825007674225e-03
-1.273259088882949667e-05
-3.063011070282902794e-03
-6.129528548830291083e-04
-1.244547191921363949e-05
-2.470812228739459413e-03
3.843579134170971062e-04
-1.131234071602694834e-05
-2.494703578697513545e-03
1.859777512612489740e-03
-1.544020497337467331e-05
-2.553815377067190917e-03
3.063554786220436862e-03
-6.093989465004139259e-06
-3.221129462523889073e-03
3.943206819066972547e-03
-4.184185269967848147e-06
-1.763837484756478318e-03
-8.825101438535480841e-04
-1.316479130413721039e-05
-1.025765693391416863e-03
5.744871113590082137e-04
-9.080792914816061899e-06
-1.782142754386274817e-03
3.988486239103751843e-03
-6.066061302864087799e-06
4.734549611853895246e-04
-6.494598662433084379e-04
-9.081525660778119735e-06
-1.697421958853791407e-04
2.182225650775169361e-04
-8.924893694494657163e-06
-6.157948409549407953e-04
1.838456263696317417e-03
-1.475950750837995316e-05
-7.915336129239954922e-04
3.254806155836932179e-03
-1.139172966738928434e-05
1.255184842275509222e-03
8.640111726018559089e-04
-9.630403146286320350e-06
4.661226064507498277e-04
1.575209370474159754e-03
-1.478948674744888079e-05
6.144790035515026484e-04
3.067824303646886960e-03
-9.580568509597652284e-06
2.154274266182292213e-03
3.100116001304480812e-03
-6.943831757712775911e-06
2.574732486058114913e-03
4.207705761357553344e-03
-4.287503957180888848e-06
3.732777655124958245e-03
4.108221491315968386e-03
-6.404084401154017562e-06
2.344405546810282744e-03
5.005469307160525551e-03
-3.713585983730174147e-06
3.480152118457298903e-03
5.003397359056256655e-03
-5.572032200280535717e-06
-3.569704372848180648e-03
5.007719273023235849e-03
-3.984393014170404169e-06
-2.551120710273585643e-03
5.005625793190009859e-03
-6.749796986447372332e-06
-1.329634662344429197e-03
5.005098659618194626e-03
-5.150788141946314480e-06
-1.032740120550142821e-04
5.006097673826083623e-03
-9.560546835961410291e-06
1.476625459420458347e-03
5.005357346708472037e-03
-9.034077390795515526e-06
-4.250775517933324740e-03
-4.216583547922381171e-04
5.816616309729667408e-03
-2.475567621145855369e-03
-1.859564667945706089e-03
7.279796781472430006e-03
-2.394442517305279006e-03
-3.958482416217480766e-03
9.633043912482425544e-03
-9.904948656197423013e-04
-3.695207229516723601e-03
9.664468609107079722e-03
-1.114651443519426620e-03
-2.448253115948009068e-03
9.687669735101267499e-03
1.065260811872526431e-04
-2.163894956327689755e-03
9.700456542677112978e-03
8.949054737750216943e-04
-3.971060102764807295e-03
9.659290973325448948e-03
1.362011950401600729e-03
-2.421685891788059441e-03
9.693118381336688488e-03
1.364040874062902959e-03
-1.159737779529147273e-03
9.705388772286280621e-03
1.380026191353290761e-03
1.922308222767194462e-04
9.707714061133108224e-03
2.631001242841532039e-03
-3.678280144578680542e-03
9.644063299344116796e-03
2.672905559504721792e-03
-2.440492941242213346e-03
9.679385183734257395e-03
2.764978028906021641e-03
-1.085150755925167517e-03
9.703833471965826046e-03
2.540617849441915901e-03
1.459298982645151703e-04
9.706664442917324609e-03
2.903315969062795349e-03
1.396099532380833900e-03
9.685838970585454455e-03
3.939364028820380864e-03
-3.793137453204763893e-03
9.610879950086945872e-03
4.014578578651958364e-03
1.346203881248658329e-04
9.678847991062698025e-03
3.935424812867143254e-03
-2.587977164916149733e-03
9.646882417209767455e-03
4.107075490733224851e-03
-1.236037157878813698e-03
9.667826569533457745e-03
4.121818830242694222e-03
1.375492711345754297e-03
9.665484096733964817e-03
-4.187534214581188456e-03
-5.171028193615086026e-03
9.559472518338430619e-03
-2.850935750496531862e-03
-5.166058875264663112e-03
9.586875586586676712e-03
-1.890666968603705970e-03
-5.162630784284987298e-03
9.606825240259679599e-03
-6.279106459852380360e-04
-5.156988221050111745e-03
9.627169312300903545e-03
1.001334767237047757e-03
-5.152903901084427037e-03
9.614993127898431927e-03
1.893844691036139765e-03
-5.157262713368080016e-03
9.603024363759798260e-03
3.152858214754799583e-03
-5.160954124659978236e-03
9.588950551738665770e-03
3.054500363695598734e-03
6.291725826562707784e-04
7.278782025429320242e-03
-2.972517502185228339e-03
2.560987766201406387e-03
6.772699989872499153e-03
1.801218680050131271e-03
-3.875708268340943060e-03
5.808086092019726539e-03
-5.032582150633326847e-03
-9.945682178370931267e-04
6.301385807625501691e-03
-5.076554465743112962e-03
-4.418081496947021646e-03
1.534105625298523047e-03
-5.093079999460696852e-03
-3.499664585732810331e-03
2.095751744829623189e-03
-5.047051119216286463e-03
-4.342543030287842470e-03
5.417634437633314301e-03
-5.065806746230119319e-03
-4.350885698111320136e-03
6.573148287662060850e-03
-5.111781797800186294e-03
-4.035292721766376052e-03
7.804195986909448143e-03
-5.133854688770594574e-03
-3.716359135699268904e-03
8.710452718287140308e-03
-5.090767392857450946e-03
-2.249433897456596353e-03
3.277719021942665251e-03
-5.065877371235447645e-03
-3.524244149548398999e-03
4.290479951830379092e-03
-5.053912008445763000e-03
-3.101778874692415200e-03
5.432173873252732488e-03
-5.060698941514089541e-03
-3.125241498727359714e-03
6.647728177723992958e-03
-5.114787011245492364e-03
-2.763797658986649666e-03
8.029412486437880955e-03
-5.032645294792483480e-03
-1.837309017262881089e-03
5.581092592517107598e-03
-5.071926826758075234e-03
-1.688585984337734845e-03
7.085162094770568013e-03
-5.027284427047450273e-03
2.380568553079230642e-04
5.475574005556049957e-03
-5.126221169743812138e-03
-1.228903732788632611e-04
8.965730306224967139e-03
-5.054864908616478122e-03
1.125673018767932082e-03
6.846771938243140926e-03
-5.088162175673972137e-03
3.594972554521971191e-04
7.864128258642653913e-03
-5.104307827506529213e-03
1.711389908351870293e-03
8.395952636242961023e-03
-5.149377872139947188e-03
-2.434843377534629330e-03
9.603287837903757077e-03
-5.145726210452931763e-03
-1.389886080455222895e-03
9.628839141457123940e-03
-5.149698054590500819e-03
1.143922345138394117e-03
9.636779062379745298e-03
-5.145897643611385512e-03
2.401225300156805114e-03
9.619654339679957825e-03
-5.148926030259140529e-03
3.654766730184868563e-03
9.589047250230539263e-03
-5.148412833881707389e-03
4.255749164963852985e-03
9.577003595275015643e-03
3.053343300263776979e-03
-6.406316501399551225e-04
7.277711488752401474e-03
-2.445988950486329035e-03
1.886233482812494809e-03
7.282218924309656616e-03
3.061890038700255945e-03
5.997777286443700066e-04
4.356320442364511672e-03
-6.167291291608951922e-04
-2.062474601898716970e-03
4.533070185557789775e-03
3.729452475711878164e-03
-1.223288699894544340e-03
4.857289310104226897e-03
-3.078546627780892955e-03
-2.441663308219244564e-03
6.769027304696643293e-03
-3.061005663992022278e-03
-4.286408771180870263e-03
-6.723067662925773829e-06
-2.840934151703045779e-03
-3.438534447876425652e-03
-8.038963580209753361e-06
-1.837176795161359760e-03
-4.286131120999603014e-03
-4.598465948418725478e-06
-6.134067065960616518e-04
-4.286826156016843199e-03
-4.694641897204722525e-06
-6.132980871042948822e-04
-3.062970714480579663e-03
-2.015851878184794736e-05
-3.917824902018353654e-04
-9.902170137659996752e-04
-1.106226394427196324e-05
6.128059998512238541e-04
-4.286528713293504510e-03
-7.003993509080317619e-06
3.407715984792525051e-04
-3.249410075843880107e-03
-6.471509899094458800e-06
6.146920742027475867e-04
-1.838960132302484883e-03
-8.418780169290568017e-06
1.314796492936571573e-03
-3.564203974766866616e-05
-6.169462320485002253e-06
1.837359903054951345e-03
-4.285648220296783828e-03
-4.858587166577717745e-06
1.838294037487697707e-03
-3.064044309443447137e-03
-1.514764484979061122e-05
1.920621796311448382e-03
-1.104855648581693417e-03
-1.599466149652248171e-05
2.510735906654427366e-03
2.881360525724778183e-04
-9.054485439767768129e-06
2.126553121724970158e-03
1.769424023543719618e-03
-1.146455571852030945e-05
3.060863699221150203e-03
-4.286594036351131648e-03
-6.259720013633792442e-06
3.571316442120323151e-03
-3.061608339651466625e-03
-9.149952594809292804e-06
3.187071615793152235e-03
-1.752634836727535225e-03
-8.673753837018549187e-06
3.571902626006704436e-03
6.120738940280915545e-04
-8.189190755908379212e-06
3.215940642181636024e-03
1.536595476001415342e-03
-5.653936749811295346e-06
3.285803829192121550e-03
2.686727938992491266e-03
-8.010937671509654425e-06
4.379621547932388038e-03
-3.943350228822582390e-03
-3.098326514803659234e-06
3.850649957258124156e-03
-4.342069032567272497e-04
-7.044991370465870796e-06
4.166988818603222476e-03
1.902943759430066181e-03
-3.190510204901727081e-06
-8.186520969093745220e-04
-3.846086636378056884e-03
6.767062875439310357e-03
3.589367491966446739e-03
-1.618303606296589295e-03
6.765973442790003227e-03
5.094991393023923405e-03
-1.136688998000410025e-03
1.389594390786008660e-03
5.108463258751177322e-03
1.132379937236656104e-04
2.575375783595015237e-03
5.069608946370326476e-03
6.529796484103867274e-04
8.583810935855789226e-04
5.069941114916654869e-03
1.742722581348452385e-03
1.518963928584459886e-03
5.096058916485416736e-03
1.378570849831947838e-03
2.806152897377544361e-03
5.094129336753381448e-03
2.609873364043097284e-03
2.559982444370239967e-03
5.070129285087256361e-03
2.193764486264067164e-03
3.719463223426422438e-03
5.039656793664665235e-03
2.228257277577925903e-03
5.254467507969493370e-03
5.060228259017305816e-03
3.071983004044791764e-03
1.025098459055266351e-03
5.087123518566946147e-03
3.901966586066612543e-03
2.604168211834766329e-03
5.067600341057858400e-03
3.710069245553903900e-03
4.308104094277591042e-03
5.066696680040554991e-03
4.346844294669098899e-03
1.395602679160707618e-03
5.053072981414695637e-03
4.066932707225578980e-03
5.999484090761598130e-03
5.062133763111976298e-03
5.063080230236098600e-03
5.285458195061997627e-03
5.121844727832605346e-03
5.123032150856592429e-03
8.734083045216329069e-03
5.006752735255561026e-03
-2.701219158313829857e-03
-6.049552091460518709e-06
5.005397618457082393e-03
-1.837968735437153604e-03
-9.673638377534145535e-06
5.006530368045579611e-03
-5.304442131593633484e-04
-5.621057291563214689e-06
5.005190736851542962e-03
9.737743704471373257e-04
-9.251070026625850346e-06
5.008403193005784779e-03
2.093210639254489917e-03
-5.602606544526996335e-06
5.005122422643215434e-03
3.422912353051021320e-03
-8.131845164522609741e-06
-6.959234840258853288e-04
-3.016844063578753236e-03
4.355938207955734401e-03
1.292000320768300339e-03
-2.821920984898135601e-03
4.352531635399305848e-03
