-5.005255841633180804e-03
-5.003815730805425722e-03
-8.166392701053796713e-06
-5.241971045443494237e-03
-5.260497288434275859e-03
9.307839389474744166e-03
-5.006971104241365357e-03
5.006114424871415704e-03
-1.234571766386759428e-05
-5.224331942279243808e-03
5.184161105352720969e-03
9.333605815813853998e-03
-4.265288150707484578e-03
-1.562917874473321485e-03
5.728362509784438485e-03
-4.264462889990156338e-03
1.538767908388132856e-03
5.735381456917820753e-03
-3.938112310120664948e-03
-1.440062427941425117e-03
4.782350008310232159e-03
-3.933705301881281272e-03
-1.445337862519142360e-03
6.675866341008533829e-03
-3.936725336220781545e-03
1.423098670720314603e-03
4.784377779784194061e-03
-3.940512443583401962e-03
1.417591804080391626e-03
6.683428552049053110e-03
-3.101882024647027291e-03
-1.136520066597573831e-03
4.281876319385287746e-03
-3.097364904492876450e-03
-1.143441045465554530e-03
7.186601849428510963e-03
-3.099690740548447648e-03
1.118400280349177546e-03
4.281087786765959066e-03
-3.102802491752613013e-03
1.117202439030330618e-03
7.190625894667041808e-03
-2.267212353168869370e-03
-3.936923656410568420e-03
5.719969978444677805e-03
-2.268757642046643867e-03
3.915900587144097167e-03
5.732601814167600021e-03
-2.143494885108991870e-03
-7.885472029302753507e-04
4.459417243893155046e-03
-2.140986099237367126e-03
-7.942027147230764413e-04
7.012113802131481402e-03
-2.142495961710577396e-03
7.703267084257238960e-04
4.458958354567926080e-03
-2.139605029130341521e-03
7.685718575775350378e-04
7.021912289233536372e-03
-2.090249299800939903e-03
-3.636174329596026517e-03
4.773243780257364725e-03
-2.092288242921178706e-03
-3.638960478852989056e-03
6.672191545672160294e-03
-2.095731272915498777e-03
3.615007737354500750e-03
4.788386038162571572e-03
-2.100607621520194680e-03
3.615444129796392594e-03
6.680450716837343060e-03
-1.649464946954932228e-03
-2.863184484405513919e-03
4.272710211763824234e-03
-1.644986057066226285e-03
-2.869746087009105058e-03
7.182919295320491435e-03
-1.649662182239017586e-03
2.842784461769113941e-03
4.285591675002248593e-03
-1.649797610386964652e-03
2.846086454863444928e-03
7.195150067711517800e-03
-1.516851087862773530e-03
-5.612550664723721817e-04
5.232569532408882888e-03
-1.517825266820361152e-03
-5.645080086108909953e-04
6.241584773713439345e-03
-1.514886998973027791e-03
5.424516298413402165e-04
5.234560874292843932e-03
-1.515917210263283870e-03
5.424650648132857108e-04
6.247011194723245571e-03
-1.138598604972894477e-03
-1.982082814842803936e-03
4.453950367886648151e-03
-1.137205203019123938e-03
-1.988290523974695426e-03
7.013670545886297597e-03
-1.140374152138154060e-03
1.963112726604434536e-03
4.461679440386228865e-03
-1.141824162180723979e-03
1.964413713127153606e-03
7.020761621033502764e-03
-8.041986104900933742e-04
-1.404541947946649381e-03
5.227958507723367253e-03
-8.015742089049654765e-04
-1.410615872656145959e-03
6.240876272278637373e-03
-8.064388539349326727e-04
1.386080853019709376e-03
5.237451602999256169e-03
-8.108425888584946126e-04
1.385395023611003763e-03
6.247631657036530235e-03
2.805108920612956911e-04
-1.594727034183505846e-03
5.230472386995958615e-03
2.819397272559056016e-04
-1.600725307082036123e-03
6.241813217574380956e-03
2.759674565820825895e-04
1.575850805604536590e-03
5.237587141858746249e-03
2.764774579482513306e-04
1.575201513695953645e-03
6.252294229017290629e-03
3.971544487328345675e-04
-2.249575647213059373e-03
4.449930726081218098e-03
3.970820080890024944e-04
-2.256325233541470882e-03
7.015558833087538054e-03
3.889052061799481595e-04
2.231789602171370575e-03
4.458240970829753860e-03
3.959463413548548576e-04
2.232955301220430552e-03
7.025049918717832936e-03
5.736871789082930448e-04
-3.252784788464849718e-03
4.274558617016155533e-03
5.747595194745931061e-04
-3.260309882588322168e-03
7.184098767363214511e-03
5.654368516283132242e-04
3.233998857432843124e-03
4.280670946899536519e-03
5.716368301963653618e-04
3.241482449904559745e-03
7.193221238307912109e-03
7.273304557908249948e-04
-4.130303484096936248e-03
4.773722609535588010e-03
7.291888441320587121e-04
-4.138181733309376220e-03
6.672262432552152067e-03
7.211675572044116142e-04
4.112033369125907972e-03
4.781015100740396498e-03
7.236352778371122913e-04
4.111066154355533589e-03
6.684381760266753722e-03
7.910585574716149596e-04
-4.473668049641826329e-03
5.720026695604753936e-03
7.830873915992106514e-04
4.454915291131818569e-03
5.731549066881299823e-03
1.234214732611559713e-03
-1.044706644850687668e-03
5.236811481814042726e-03
1.235479899105657812e-03
-1.047109237391449007e-03
6.248881068105087075e-03
1.230593424630443099e-03
1.026942483550425051e-03
5.238220511743437585e-03
1.233618385247257183e-03
1.027386564001087728e-03
6.250244803619542724e-03
1.606768579320911076e-03
-9.392007062407327583e-06
5.236001802213236488e-03
1.615414669748474258e-03
-1.003881608412197765e-05
6.247758557839222689e-03
1.744436152371127901e-03
-1.468657853054711020e-03
4.456540242814967939e-03
1.746680503486976524e-03
-1.475330147219681065e-03
7.018381224123186775e-03
1.740027550531355206e-03
1.455496732055829717e-03
4.458986528063186780e-03
1.748481746932464310e-03
1.457417984521362135e-03
7.016226921654309702e-03
2.272669616352574612e-03
-7.297700665702912624e-06
4.458818497581421188e-03
2.282171892552190516e-03
-8.320004023236191588e-06
7.018552091703139824e-03
2.523830372248259905e-03
-2.123228968963344464e-03
4.274230480092556378e-03
2.531114867214879008e-03
-2.131097641297343553e-03
7.182911530675141140e-03
2.520341592862784634e-03
2.110689215707138144e-03
4.280096121019174443e-03
2.527211905165578469e-03
2.111331667170973127e-03
7.187985939174619185e-03
3.205087892969627188e-03
-2.696433758055359620e-03
4.776136054133381208e-03
3.213157790437469290e-03
-2.704367730099076737e-03
6.667262992769851758e-03
3.204046856813158508e-03
2.683775188603816381e-03
4.779588553973920968e-03
3.207327232219615767e-03
2.682404435717625386e-03
6.675447291541888005e-03
3.290824689191320686e-03
-7.070668620540474791e-06
4.279220010091450491e-03
3.298863309312260236e-03
-8.997918387694137319e-06
7.186223103106315416e-03
3.478060093211928026e-03
-2.927593568799069079e-03
5.718796069850805644e-03
3.469753346877219556e-03
2.909403122719053745e-03
5.724984548922782031e-03
4.182141390047870201e-03
-7.188390077336117044e-06
4.777797466747668587e-03
4.187583535785616325e-03
-1.082221957016792424e-05
6.675280236525832356e-03
4.535549954254905827e-03
-1.003645440504823689e-05
5.723768783221097958e-03
5.007764847650886600e-03
-5.004107282306520868e-03
-8.372735512357079837e-06
5.226378424807615573e-03
-5.238194714327367926e-03
9.315429174890385230e-03
5.004528688111838618e-03
5.005580310813479046e-03
-7.635999718377998896e-06
5.218318975908438698e-03
5.209321464154963860e-03
9.336006083589818219e-03
-8.263334201630631462e-04
-3.616567706072174038e-03
2.409585761705820926e-03
6.134572559879876213e-04
-1.167444330195527074e-03
4.007336483573739443e-03
-3.795810621785846058e-03
-3.897646587317565511e-03
5.163459365770247007e-03
4.267532575118373160e-03
4.615522627101805971e-04
3.374977161077348867e-03
1.355336592958988071e-03
-5.099269247486160712e-04
3.062904673074553098e-03
-3.984548899051546834e-04
5.025096478148342698e-03
5.589648693454307878e-03
-4.122726961687301142e-03
-2.483194554488856289e-04
9.510784598734318626e-03
5.599495114714973321e-04
-5.122028684191144536e-03
3.802479246435579510e-03
-1.249774233453195948e-03
-4.557991527813450342e-04
1.223141545655716212e-03
-3.873956005201259359e-04
-1.386950806072520656e-03
1.081408739433658466e-03
1.923623626189519464e-03
-3.756076699044596200e-03
8.222487356641938749e-03
3.609481425423890447e-03
-2.834320775651325702e-03
7.990808611780678486e-03
3.599821920347553387e-03
-1.472483058358587836e-03
3.629277946893098416e-03
-1.563272352405303605e-03
-1.458829504153774529e-03
1.860085999954132988e-03
-1.149130956353048997e-03
3.861560752626968119e-03
1.619220663268384434e-03
-1.759055609018530088e-03
1.012036507127679055e-03
1.897401028052080139e-03
5.406607569174617500e-04
-1.493298281294062153e-03
8.478560738585870851e-03
-3.243397175543730020e-05
3.776282928997209184e-03
1.728238338219947054e-03
3.635447459098664126e-04
-2.120196981012164271e-03
1.384685467588601601e-03
2.722004021181925661e-03
3.651312822309303965e-04
2.976971069997945939e-03
4.096880467306046950e-03
1.481656244255373338e-03
2.916968819472289323e-03
6.941995910992863244e-04
-3.375171564486685854e-03
5.539982137915164251e-03
-4.247564393444550057e-03
-4.207579534809591931e-03
1.623887519366860139e-03
-6.620080621119490017e-04
2.810041950927985761e-03
6.151965316760200225e-03
-3.832001225567665918e-03
-4.205158592855847387e-03
6.482450402756087006e-03
-4.422285463764467559e-03
-4.391039904507889821e-03
7.528453053574291759e-03
-4.473158303322014723e-03
-4.381934284584206550e-03
8.444393005832766252e-03
-4.036871464729665376e-03
-3.191563236472257266e-03
8.079050533369482858e-04
-4.365290784620028640e-03
-2.972234240624497571e-03
1.674616460105221366e-03
-3.769417074760472719e-03
-2.855651048238455614e-03
3.161304775213227575e-03
1.964423927953986085e-03
3.989107062766733200e-03
7.789814535270390451e-03
-4.081795933899218416e-03
-3.058029986766943199e-03
6.357436645002228874e-03
-4.275492299992612009e-03
-3.432873532548231556e-03
7.779342595710374113e-03
-2.839770092820701353e-03
9.272911088445320296e-04
5.814786025138713767e-03
-4.263467137426718394e-03
-1.745111889652323309e-03
1.079936839930592833e-03
1.889391205432522369e-03
-2.121096867054824472e-03
5.097291599980780658e-03
-4.059485341385279250e-03
-1.929600677928068999e-03
7.709415614227802145e-03
-4.231056740547899445e-03
-5.322216075040665144e-04
1.000626503726068355e-03
1.967444141555089749e-03
-3.413459315507645381e-03
4.774797281288676275e-03
-3.197272820960471613e-03
4.115963637007244956e-03
8.443636559223846941e-03
-4.288916180990927363e-03
-7.515928406686762020e-04
7.475453005353502323e-03
1.033239790621730443e-03
2.966852692559471000e-03
5.584382309357070924e-03
-4.176509000399803578e-03
7.886713982769393266e-04
8.903914502731078958e-04
-3.912081871046096775e-03
4.319040596146902903e-04
2.798749773241675665e-03
-4.119097102045609325e-03
5.882615866299252712e-04
7.615406180950884396e-03
-4.344007326886266743e-03
2.046369417595774939e-03
8.730845035996153422e-04
4.323789953367894153e-04
-1.896387476910004315e-05
6.748897416918303929e-03
5.085057179877562096e-03
-4.041183316782446903e-03
8.796801942921484308e-04
-3.649287236729268323e-03
5.126361925107065891e-03
2.185931665342895694e-03
-4.082935431099876493e-03
2.949672318098265147e-03
1.529826278276404062e-03
-4.240747496634848270e-03
3.009486189385461325e-03
2.856860544476470982e-03
-4.304834348285505909e-03
3.187180719414348367e-03
8.696613115283004236e-03
-4.137418240573855453e-03
4.166456684714778605e-03
2.595564452311501479e-03
-4.018478177320000504e-03
4.150167160221727124e-03
4.029810516116224400e-03
-3.865943029735961680e-03
3.987440377831713914e-03
5.322725557812021772e-03
-4.145499716170093253e-03
3.957150021321491871e-03
6.910367563981497513e-03
-3.065207465521162765e-03
-4.149049068369780463e-03
9.636857274661166832e-04
-2.779551575557215066e-03
-4.187553209272720789e-03
2.065214946103064060e-03
-3.105212625660048065e-03
-4.079630783134705410e-03
3.035158141607732091e-03
-3.051212313311243464e-03
-4.270697480561025383e-03
7.436182329510717705e-03
-1.063936063786317943e-03
-2.054550746119830022e-03
8.327182132432308856e-03
-3.150913552007654841e-03
-3.210464987193267783e-03
1.830052913461881637e-03
-3.108039367992663192e-03
-2.998391635736786121e-03
7.808052689462412731e-03
-8.333665873620788858e-04
3.095443664772606560e-03
2.594795157826407326e-03
-3.084340911600760241e-03
-2.164730925976353880e-03
9.109307020100642369e-04
-3.131758711914023503e-03
-1.969014003610479371e-03
1.964239918497091755e-03
-2.937473555887305712e-03
-7.446927809424593861e-04
8.299805232249910219e-04
-3.472793451459928096e-03
-7.875499129073606185e-04
1.804699537450144605e-03
-3.136615100638786516e-03
-8.625059001537838240e-04
3.018247111992731005e-03
-3.189880227697504921e-03
-9.027997006838324890e-04
8.608645886565929883e-03
-3.147378774156853794e-03
6.104581892767207366e-04
7.432174885423900373e-04
-3.046972898174437391e-03
5.118376652803340900e-04
1.718344799812009495e-03
-3.319853736920103278e-03
2.636568949671972187e-04
8.415605492799647924e-03
-3.159924114900469934e-03
2.141316171714131942e-03
8.911429137694813459e-04
-3.145844483158776513e-03
1.925594869746127856e-03
1.937119061903250922e-03
-3.597573304518994833e-03
1.809489674338013443e-03
3.108178485254351527e-03
-2.778893504296251621e-03
1.940181718651111517e-03
5.614369524424814469e-03
-3.043735598009074655e-03
1.506178380197118957e-03
6.364614704923099268e-03
-3.291682795474843316e-03
1.705365555155281907e-03
8.139581794721193267e-03
-2.910956364741398242e-03
3.367196695764017398e-03
8.807381009649678820e-04
-3.071875356202460276e-03
3.303717404873243724e-03
2.142200564562247566e-03
-2.941307670038291987e-03
3.323379500070855821e-03
3.183354528357466937e-03
-3.581822967134170189e-03
2.823041243727833147e-03
4.122326505935893816e-03
-3.394467292399905474e-03
3.098325211950970094e-03
7.589700501291110624e-03
-3.303435866436258642e-03
4.180378155597234968e-03
1.560037259160402135e-03
-3.071081831114373314e-03
4.300177664766107258e-03
2.978958044182351654e-03
-1.796356039883537483e-03
1.900941256544319818e-03
2.749394668089480062e-03
3.986526249861134172e-03
-3.060782079517858183e-03
4.090812865552081491e-03
-7.956109070836356149e-04
-3.980224527120798488e-03
7.634510007051712246e-03
-1.699278247352748556e-03
-4.221808607774685251e-03
9.847537656710479356e-04
-2.390388903791821132e-03
2.063749891645762571e-03
9.550832151935846268e-03
-1.602686394688365192e-03
-4.292231539716357194e-03
8.810816770539306800e-03
-2.109800815784266745e-03
-3.106901157380025699e-03
6.641642400245002407e-04
-1.859020250683531732e-03
-2.936425778957223263e-03
1.768901721198162845e-03
-1.860573410091104869e-03
-3.245257130441791139e-03
2.854822878922125100e-03
-1.968918864187989889e-03
-3.374713150694253622e-03
8.407349560011368600e-03
-1.757101272349458152e-03
-1.654132002609438271e-03
9.207536173926941098e-04
-1.929342364742813115e-03
-1.825516571255322244e-03
3.083174761290280539e-03
2.008738465135950519e-03
8.424782414780248793e-04
3.449413572632631982e-03
-1.993102424920221907e-03
-4.300583052284079593e-04
1.955806736162824747e-03
-2.650472359895929102e-03
-8.797542509429596156e-04
5.714861486928377726e-03
-1.851866944504460075e-03
-8.282393542358853448e-04
8.546196059866209907e-03
-2.002220999107850140e-03
3.474755095387259125e-04
9.473805337017387812e-04
-1.997311791968742634e-03
5.466526187498803356e-04
3.025836507154648202e-03
-2.105387515376607073e-03
4.260841573460112425e-04
8.453171908390767764e-03
-2.003914008485742793e-03
1.694003677388837862e-03
9.833526885471600976e-04
-1.687968843495363160e-03
1.930951329104674697e-03
5.347486719106816014e-03
-1.996869552502564173e-03
1.785692672211122885e-03
6.325342695779779568e-03
-2.126591588009229573e-03
1.905822434427918493e-03
8.485244279417466021e-03
-1.774736932608418508e-03
2.892082496993586722e-03
8.132979674632597215e-04
-2.061094179106607877e-03
3.129533668834086520e-03
1.782224609194062387e-03
-1.802297249874453390e-03
2.936768835820683689e-03
2.932004914540641775e-03
-1.767754354210712047e-03
2.984714692019014431e-03
5.411938359221400707e-03
-1.905230243725334780e-03
2.865557246926388104e-03
6.185317863596705504e-03
-2.076612095939510492e-03
3.272092991312722330e-03
8.532993019865894521e-03
-1.875736577248759886e-03
4.067116214191301808e-03
7.932045866816692190e-04
-1.798150120563192988e-03
4.064419311448566260e-03
2.985139566401273908e-03
2.674750403948397779e-03
7.000502686744636662e-04
5.566788475376463485e-03
-7.831837325475921518e-04
-4.285727558476045383e-03
8.648515947438297369e-04
-9.560717797104782180e-04
-4.318555843727026576e-03
4.087878299733388801e-03
-3.763530641582866001e-04
-4.549645076725058329e-03
6.581140581370146549e-03
-3.789880363053802219e-04
-4.348873758313776851e-03
8.567262038741979210e-03
-6.553942048404632834e-04
-2.973773902009223691e-03
9.203997458605742794e-04
-7.418312180884449603e-04
-2.695758784302703000e-03
5.402329905049555250e-03
-5.738065104659245772e-04
-3.258733541982108701e-03
8.749401911854000694e-03
-5.728719577169358920e-04
-2.111754254910416968e-03
1.955208786739343757e-03
-5.534914226228815999e-04
-2.182920062938800958e-03
3.109075835310354512e-03
-5.096883295303085339e-04
-1.729613491820753898e-03
3.979228458737587432e-03
-4.505351612946982011e-04
-3.501208486928017341e-04
7.285626278378995978e-04
-7.387758160976060518e-04
-6.347091091668218606e-04
2.731800593938391031e-03
-4.781911469023160930e-04
-5.387859502442555277e-04
4.254242981483874302e-03
-4.424478542422425362e-04
-3.420213165993563477e-04
5.629607873723089552e-03
-3.783466498513743176e-04
-7.862437273700318818e-04
7.782253847759648333e-03
-4.794346575258186141e-04
5.151072990542021916e-04
1.824856111669757560e-03
-5.741545109035206670e-04
7.156277072823369030e-04
4.157896579189241174e-03
-7.283197390995597162e-04
7.785243469339563375e-04
7.825846517275828959e-03
-8.357082028341980074e-04
2.190613122412512527e-03
1.536278982493340887e-03
-7.930430087211174728e-04
1.989916990124881817e-03
3.694024748523100886e-03
-6.909886612462294488e-04
2.011832333609342698e-03
8.081352616271500824e-03
-5.943003505057625150e-04
3.149523450119256097e-03
3.544938433495170398e-03
-6.507703288020820834e-04
3.637240546996499662e-03
8.005094433837060819e-03
-5.971787464813789557e-04
4.294613650558068429e-03
7.825685281865943756e-04
-4.491549661575378201e-04
4.293862312242414936e-03
3.001000220427978583e-03
-4.632821640792631162e-04
4.211139381320587113e-03
4.022614438686256469e-03
3.233466011634442052e-03
3.910554559974619739e-03
6.412166526934630004e-03
-7.130761812119678364e-04
4.433388490107394685e-03
6.842909956842248113e-03
5.075179755924976019e-04
-4.123425619666993940e-03
7.647446796288680845e-04
6.202111167475418251e-04
-4.292002491900137433e-03
1.775778065155269409e-03
9.310946617124242616e-04
-4.320156498990466477e-03
3.206127087453777749e-03
7.878600445947532734e-04
-4.433303589862830872e-03
7.553017765445970907e-03
4.988761618245590550e-04
-3.069081649038214645e-03
1.761648840925576125e-03
3.623618132477368485e-04
-3.236915640559859860e-03
2.976767609861562681e-03
5.914462707608780486e-04
-1.741409384437142462e-03
2.600938335139003476e-03
9.258437315793201054e-04
-2.055924905179458070e-03
5.421358945126099164e-03
6.726149388445479835e-04
-5.536449783421464998e-04
8.464088640911926866e-04
5.658792019085152241e-04
-7.477352165302794066e-04
1.791489535834113467e-03
5.698648269267060423e-04
-4.685408474209367909e-04
5.458791531063328026e-03
6.547590778081994285e-04
7.678559757675222424e-04
9.276319004580444415e-04
6.736957014712444602e-04
8.657145541367428521e-04
3.054099739760141388e-03
2.233227448313730116e-04
5.144966957684587181e-04
5.483877426443328415e-03
9.389299973423658342e-04
2.649328233304365466e-04
4.342463514013250765e-03
4.419176335465551742e-04
1.911665459087721290e-03
1.738064567812459479e-03
6.143620565357153698e-04
1.987271335991334670e-03
8.735797001027171410e-03
6.644626617469397926e-04
2.990657723720522611e-03
3.039978205917153158e-03
8.073424147795264360e-04
3.282168262184773696e-03
8.226831578117323532e-03
5.257677434407819275e-04
4.152900635391760208e-03
8.422574640449965577e-04
2.995764659392385464e-04
4.249685296415796863e-03
7.768397150853773719e-03
-2.450242470366664933e-03
-1.570720484508985942e-03
9.536750407446663302e-03
-7.198365739951605494e-05
-3.996067137733915267e-03
3.692436912434446904e-03
1.826555353559166641e-03
-4.172142990773687263e-03
8.675596004734736303e-04
1.809648069962034285e-03
-4.296307161946064275e-03
1.955207471985147185e-03
2.200529810856612437e-03
-4.319505516814821366e-03
6.580304162917240823e-03
1.694420527654383812e-03
-3.010504858533158846e-03
8.276370815837337915e-04
1.833560159589596233e-03
-3.182511326855483498e-03
1.923937090781431764e-03
1.784020849382693397e-03
-3.620602671457082318e-03
3.043336073251294571e-03
1.748636599343356872e-03
-2.717539648435641705e-03
5.867869199916300044e-03
1.974784259886597313e-03
-1.701741773349830893e-03
8.808303259514967858e-04
1.576824601575817697e-03
-1.831589233730915919e-03
1.929980267437315976e-03
1.859345928700125144e-03
-1.898535360424082746e-03
3.219251683020331930e-03
1.896663457378363737e-03
-2.049000574236590176e-03
8.301913579937616333e-03
1.848833355649803474e-03
-5.841725072720702593e-04
7.995181233640618430e-04
2.262901805420314532e-03
-6.663706112752925412e-04
1.862221117752009807e-03
1.583807810841639935e-03
-5.078930105951374356e-04
8.314678025173020612e-03
1.978353155972011751e-03
6.905287129642187363e-04
7.570177115910959632e-04
1.881837809494503900e-03
5.572370628959370797e-04
1.982914769179815011e-03
1.973316020443344199e-03
7.946554022964190649e-04
8.339209794253087116e-03
1.778360856913407733e-03
1.795263326376795665e-03
8.029913535730105745e-04
1.784826116571297094e-03
1.911361835816161600e-03
3.063836493604783686e-03
2.068767290106732909e-03
1.949843405673636542e-03
5.543504862299073604e-03
1.896062780622147876e-03
2.035420469422191247e-03
7.863333346082711228e-03
1.952329595206959284e-03
1.925628777594196256e-03
8.765207007660790958e-03
2.186038077347504226e-03
3.230601439322780457e-03
9.246947257296196220e-04
1.633411170021185042e-03
3.301377219280583145e-03
1.950928765196460876e-03
1.713261171068281062e-03
2.628581747871050305e-03
6.311286923636538065e-03
1.954751000288027212e-03
3.297343447315537364e-03
8.628762708025107184e-03
1.919619893246689085e-03
4.293572537278790742e-03
8.438237319463439768e-04
1.736359053546990229e-03
4.296434268329708296e-03
2.969256069955256844e-03
1.985720343774853049e-03
3.983185148921013739e-03
3.983427947574737747e-03
-1.874440994225080523e-03
5.104806686811100107e-03
3.956388667660537019e-03
3.315778281041707829e-03
-4.288794767628698740e-03
7.714030058235861204e-04
3.393265192733977559e-03
-4.213926295154729433e-03
1.915836830226536796e-03
2.840394074213681633e-03
-3.948167827909357212e-03
4.015840715743983734e-03
3.395129740084183376e-03
-4.086955256869194072e-03
5.124958802179427689e-03
3.201059440730982981e-03
-3.921922003938374361e-03
7.731395201848341274e-03
2.926477568531041934e-03
-3.003516889680246920e-03
7.490085622737477529e-04
3.091205199618566549e-03
-3.262112822281869502e-03
1.715844859272235619e-03
3.067448414782788808e-03
-2.833349490848866524e-03
2.969290829507474725e-03
3.082110323555364677e-03
-3.085294079948999822e-03
8.672892699233733169e-03
3.034430243814152314e-03
-1.906668482056331953e-03
1.650578020265810715e-03
2.684220321335065943e-03
-1.764403905759073972e-03
5.625696288895411408e-03
3.026826461446586493e-03
-7.953464479949424104e-04
9.624024630329277609e-04
2.967603963541336209e-03
-5.949044979427957694e-04
2.892146981624701182e-03
2.829930051600191166e-03
-5.456021094681884863e-04
5.547091418023434098e-03
3.210816974467316752e-03
-6.423290021923399196e-04
8.153820458220118958e-03
3.314174466680537556e-03
5.506217133362871193e-04
8.612819802108118063e-04
3.217815857230204094e-03
4.471704855397358480e-04
2.000949450114000022e-03
3.073917048692160776e-03
8.177220596083125369e-04
8.053605494516504273e-03
3.027231231665875304e-03
2.102267148318967029e-03
8.530132710317906656e-04
2.839421664638715984e-03
1.943783988140143854e-03
1.891161227349880819e-03
3.112730202738076945e-03
1.771687822161696233e-03
3.125378327034623611e-03
3.308761576061635800e-03
3.974695184236340904e-03
8.766820387776350781e-03
3.266495964587717328e-03
1.899748361314641766e-03
8.588290895709383560e-03
3.370135814916949690e-03
3.368252518421558685e-03
1.055770024423488768e-03
3.311360781341283512e-03
3.351927764268897939e-03
2.038685336829769087e-03
2.769537722920094747e-03
3.032557428756817337e-03
3.256022571219122259e-03
3.152341077348100058e-03
3.292175295781552078e-03
7.812090251752569145e-03
3.064080437639650056e-03
4.265454022053912636e-03
7.250994696671018589e-04
3.059268072711613610e-03
4.231207766826394767e-03
1.866670114121450966e-03
3.056294825702811011e-03
4.211208393983384250e-03
2.935429502780283802e-03
3.326606032592826188e-03
4.124950394965817488e-03
4.216792311332326695e-03
4.307306479780771864e-03
-4.382887171103804977e-03
4.034306962532052850e-03
4.431161979827478135e-03
-4.272078280948783668e-03
8.649170109340470133e-03
4.137327431790591668e-03
-3.294884671632869206e-03
9.644549094379783810e-04
4.199919816302691983e-03
-3.480585728920108750e-03
2.875979249017442813e-03
4.269824597585099649e-03
-3.397792558469576746e-03
7.610005055164210420e-03
4.272780324921844966e-03
-3.096679095071417937e-03
8.588377402138726302e-03
4.286257845489118735e-03
-2.011458914647578419e-03
7.200475841747561211e-04
4.311275807175166813e-03
-1.924588300560546800e-03
4.147445013542106276e-03
4.166207181988780713e-03
-1.917943577088131266e-03
7.688134988614063990e-03
4.290372254181776084e-03
-1.752855776071742238e-03
8.597123300416823280e-03
4.173870630319537547e-03
-8.913040939256565215e-04
8.429874563559830707e-04
3.872940892296702735e-03
-7.541288952991909720e-04
1.875912385798816267e-03
4.218022341799973832e-03
-6.271879304233583374e-04
3.041478892025216083e-03
4.233441266202834195e-03
-5.101983049113262324e-04
4.007461235619074955e-03
4.260917753367782571e-03
-5.459333111664774240e-04
7.743106256723883071e-03
4.268618368213146670e-03
-6.767965751505210844e-04
8.824482685918573488e-03
4.354771691735427955e-03
5.307513380235939120e-04
1.694072245297604520e-03
4.336753940304924684e-03
5.459780595803876303e-04
7.909063468139321609e-03
4.023658765675981221e-03
1.727543524990978428e-03
1.924590179022340900e-03
4.098133307367119067e-03
1.972790144506945346e-03
4.098503607652520184e-03
4.123711102238125474e-03
1.960045031025291380e-03
7.723051628066722636e-03
4.257065393569329885e-03
3.251845143819631721e-03
8.244364638101403650e-04
4.350245156858032619e-03
3.012601676532434408e-03
1.742878602527159464e-03
4.020472414380180104e-03
2.864771020068644126e-03
2.924334409088318563e-03
4.118232315457589186e-03
3.483128651360031715e-03
5.180314491892514667e-03
4.241304104946596112e-03
2.997131121073127319e-03
6.500613508458233554e-03
4.244747804726793985e-03
2.954896588301871452e-03
8.623291446143287187e-03
4.246169704397641936e-03
4.297478075919426536e-03
7.070366118633297217e-04
4.148386098170160803e-03
4.215786764654199346e-03
1.715024886126003409e-03
4.245788133738248246e-03
4.262221665007925528e-03
2.922674045956175602e-03
1.075470894391788090e-03
5.046774548884088753e-03
6.313422309599145757e-03
-3.913893447680443817e-03
5.121604832586096508e-03
7.772459936148919460e-03
-3.734943351678596084e-03
5.194019625905623577e-03
9.395870068689467919e-03
-3.050941551235809759e-03
5.076140913102586416e-03
6.804143387972028979e-03
1.879873862466836885e-03
-5.145949815568265188e-03
7.627545965104278076e-03
-2.426979604602357444e-03
5.147572330481586106e-03
8.312724815712340190e-03
-2.358960508434738545e-03
5.196347244808996457e-03
9.427993488773947495e-03
-1.539131951786619360e-03
5.025970472427988486e-03
5.908044443773413298e-03
-1.249076024774798104e-03
5.096546444583205729e-03
7.380482191483885880e-03
-1.064082164953318848e-03
5.152047524230463603e-03
8.415775473028280079e-03
-1.165474587483321216e-03
5.185869983365329339e-03
9.457550767583916898e-03
-7.973069836344211063e-04
5.098777614587402321e-03
4.243973994498847699e-03
1.029336784725668776e-04
5.082241241504427062e-03
7.194836710334868643e-03
2.530873485927064901e-05
5.150533900631718183e-03
8.416465085876791499e-03
1.064877244101548805e-04
5.190239884718837390e-03
9.462532641127459343e-03
6.219623732088674483e-04
5.143521113844628893e-03
3.022373960071726186e-03
1.444917389439196809e-03
5.122694564683780323e-03
3.887387650393022819e-03
3.317913579658553170e-04
5.115475097223698246e-03
3.875007177770592275e-03
1.384011150962104458e-03
5.112626295262299309e-03
7.360908160182436967e-03
1.370075363524791328e-03
5.159586281727876998e-03
8.328670264515041638e-03
1.266553881243100317e-03
5.207035698034296646e-03
9.451882797368251279e-03
1.118988060633098166e-03
5.031023207283769061e-03
5.342753870976880461e-03
1.876841923063046541e-03
5.155340979419380243e-03
2.545300375844208960e-03
6.795746539387562905e-04
4.195202583080759329e-03
3.247145508325991001e-03
2.627065930070439110e-03
5.120305898480286173e-03
3.829861669182298058e-03
2.575393402066704189e-03
5.068240182929237628e-03
4.957681137369000096e-03
2.435368030579359178e-03
5.056771262879618950e-03
6.113911556109623280e-03
2.602202708561725860e-03
5.112781531301400714e-03
7.162486229705132545e-03
2.708081719386804670e-03
5.169969480296833508e-03
8.360397469472100399e-03
2.665549760535735647e-03
5.204843276660883235e-03
9.425336279427100686e-03
3.893199876026928481e-03
5.114194232434565376e-03
1.377616839215585389e-03
2.658037507613152713e-03
5.122175539407346559e-03
1.481642558761606674e-03
3.870802586722568110e-03
5.133626706626191229e-03
2.548741908544441704e-03
3.888865943128340212e-03
5.114681070143520594e-03
3.708442266963645796e-03
3.828179902417937815e-03
5.095379765787885935e-03
4.852339498133619207e-03
3.823851225641061464e-03
5.076139753651518274e-03
5.989383092631630698e-03
3.860295094124445350e-03
5.113953941923555721e-03
7.124056970190106343e-03
3.995510391735424341e-03
5.177000305233669247e-03
8.375706155893844831e-03
3.942848139204928500e-03
5.208833104850706629e-03
9.384850253075562379e-03
5.081522042993172165e-03
5.099911032997027360e-03
1.363664482594163741e-03
5.123697017269248505e-03
5.122858413117981763e-03
2.543823286148738563e-03
5.115794723705793974e-03
5.110600156786670317e-03
3.712752141252629538e-03
5.135873094645081703e-03
5.109241462105282468e-03
7.085286964753368874e-03
-4.253600373026781949e-03
2.732663550905799904e-03
4.952377292543783463e-03
-1.916813658189271815e-03
-5.084864826299839886e-03
6.541456978263819957e-03
2.926070681622643978e-03
4.087480408872915666e-03
5.223238503026376468e-03
-2.947845482377338313e-03
5.057811469607384827e-03
5.199051423828032238e-03
-4.329386055133088371e-03
5.059797037554732320e-03
6.896356742624207108e-04
-2.440475273637573647e-03
5.114113671107666827e-03
1.434551402600603952e-03
-2.480422812433044372e-03
5.129902680901805845e-03
2.558323336044055363e-03
-3.126440755225687405e-03
5.108954003361955432e-03
3.718845058257211691e-03
-1.186483256245312841e-03
5.119656037067018065e-03
1.237536176777916108e-03
-1.149845867678154837e-03
5.133780319314565355e-03
2.538548338102499403e-03
2.444393881319125101e-04
5.154453704611191255e-03
1.715450321362680698e-03
1.343426031069770016e-03
5.144944886934124488e-03
1.383594406234663890e-03
5.103038671038618614e-03
1.753035109705624911e-04
7.365246606303488090e-03
5.083353745425473608e-03
-3.682687673805261613e-03
4.753515970220858339e-03
5.111720435962583894e-03
-3.765163581007238171e-03
5.854320801683702592e-03
5.112845416375556840e-03
-3.741984385330474842e-03
6.992860561022624238e-03
5.165170710573687742e-03
-3.751166446341170843e-03
8.208454711746313373e-03
5.218729133382697324e-03
-3.743000057325209916e-03
9.381909289648266217e-03
5.142283530271329547e-03
-3.193350961763091658e-03
1.884822239384274963e-03
5.121044599905861042e-03
-3.471801390577911647e-03
3.492714274835953536e-03
5.122890786284928395e-03
-2.341420298228761437e-03
3.805098978708299981e-03
5.068127037661781208e-03
-2.332856481196974533e-03
5.238980645266605625e-03
5.093261329300103647e-03
-2.391881455130535471e-03
7.163151848211942938e-03
5.159315381365035293e-03
-2.427081614101034984e-03
8.277677246260729468e-03
5.215051828887262708e-03
-2.462518423543922502e-03
9.438448313873571555e-03
5.134709648425545350e-03
-1.625426149209197209e-03
3.070648345859126969e-03
5.093045187992680488e-03
-1.149824776506523389e-03
7.197986383320559289e-03
5.155774072796005456e-03
-1.159275534391160855e-03
8.350187411497966145e-03
5.207327216851497138e-03
-1.182888462686486125e-03
9.476598778899576053e-03
5.101770553553567830e-03
-6.237048435062303485e-04
4.181301397053682582e-03
5.050712693651140603e-03
-6.259678173806007637e-04
4.855482538377115832e-03
5.040915454168670533e-03
-6.309479611378711978e-04
6.037813397687516112e-03
5.159381782994629413e-03
1.642827846251904188e-04
8.462981403624801613e-03
5.200199729556781274e-03
9.434568079157965069e-05
9.483138117864388719e-03
5.098663590946884983e-03
6.546232970365750345e-04
4.210797325822790253e-03
5.050338635552652743e-03
5.301259700193556353e-04
5.247900794339600827e-03
5.033683021063144018e-03
1.317522037334135357e-03
6.027848509372287118e-03
5.044340665657033422e-03
5.435857813848326723e-04
6.473058732285481669e-03
5.110608094435715315e-03
1.315758132248391263e-03
7.370308322499849636e-03
5.168882398245638367e-03
1.463279465366878768e-03
8.435234961299274345e-03
5.217410694567378888e-03
1.372975245678756005e-03
9.455189173806119798e-03
5.067315221717744178e-03
1.847907484153148974e-03
6.502495925915660613e-03
5.228876524404016228e-03
2.656076763533504487e-03
9.412866565887457321e-03
5.137989303239466447e-03
3.132575708773662013e-03
7.610265503511771945e-03
5.171749872606792170e-03
4.052419220578912587e-03
8.294502349967435711e-03
5.228229683874219443e-03
3.793936259997061564e-03
9.375287256427319860e-03
3.727843439349648024e-03
1.248877130653236510e-03
6.678783691281347905e-03
3.934050206299654143e-03
1.623613928036156699e-03
5.726907636030935216e-03
3.859646331559394954e-03
-1.858673451015314861e-03
5.718969887179698591e-03
1.845755718422519530e-03
3.463426134640905114e-03
4.780063665155606135e-03
-6.493481484576806148e-04
3.021883879472957515e-03
7.192313848176582446e-03
-2.969943791814434395e-03
-2.593829937828138251e-03
4.777511428010063066e-03
-3.935261045067976055e-03
-7.325656924481992746e-04
6.679818730082814210e-03
-3.931509050940623813e-03
7.051898190860246465e-04
6.683690891992752174e-03
-2.982476440329052698e-03
2.563702812846865072e-03
4.787111151114547235e-03
-5.076972804000777321e-03
-5.089612857445479505e-03
9.287778328311291354e-04
-5.006253345789477352e-03
-3.875422040409162022e-03
-5.365901004599133074e-06
-5.064805745604603580e-03
-4.228538176127945129e-03
6.804225284879003317e-04
-5.004316516197880420e-03
-3.061842545042361453e-03
-7.744744582945712163e-06
-5.101641584069708038e-03
-2.893287636537083922e-03
8.463161207001809218e-04
-5.011214032541129459e-03
-1.837697552482962706e-03
-5.760879908592598375e-06
-5.097115146707130104e-03
-1.301330972182225413e-03
4.063672928057412981e-03
-5.010819467182355859e-03
-6.130701440218441029e-04
-1.035641113604089074e-05
-5.158694012227645238e-03
-8.424274382512539480e-04
1.632622693850529355e-03
-5.135674341324708743e-03
-6.923070378438634298e-04
3.110481868688434997e-03
-5.009421743923304915e-03
6.147181377050203385e-04
-8.831430157018695576e-06
-5.160404058344319339e-03
5.277249472180238835e-04
1.858258031063562965e-03
-5.124800727440613490e-03
1.094090071752015824e-03
3.323908437853050242e-03
-5.086560157181078436e-03
4.364622190969127415e-04
4.148224467164656620e-03
-5.055549675796243078e-03
1.507177671281702052e-05
6.681215397722040095e-03
-5.010670437898558614e-03
1.835333049233489871e-03
-7.502841866547615709e-06
-5.142401932225345966e-03
1.795049966977596036e-03
1.615352408027374278e-03
-5.128757843765027746e-03
2.305663359220390743e-03
3.000583135491083440e-03
-5.080531422634817010e-03
2.191883423465339122e-03
4.451729644394865348e-03
-5.085706123483521753e-03
2.231805705533809660e-03
5.826366870073751252e-03
-5.095858194375246786e-03
2.361527111823255500e-03
6.973592105867482994e-03
-5.011527337885380261e-03
3.061146542818211219e-03
-9.132025853426179181e-06
-5.128398051665062143e-03
3.009769552793169125e-03
1.703133816767370004e-03
-5.090826367317784380e-03
3.272060913981860060e-03
4.073109700686413509e-03
-5.088672408031858982e-03
3.594051747652741817e-03
5.802779780930513061e-03
-5.148681883604015047e-03
3.618225128178120548e-03
7.879935059867802793e-03
-5.193013097403196415e-03
3.667288630840013792e-03
8.733959586448852494e-03
-5.059947621082833136e-03
4.332074188436499038e-03
6.866869465015576230e-04
-5.118441190868305152e-03
4.258024933346505128e-03
1.833252603485879166e-03
-5.125542399010906205e-03
3.932150057091245501e-03
3.158758542496246068e-03
-5.099964047544439973e-03
4.345051255734801339e-03
4.659726999790937858e-03
-5.189196729940477940e-03
4.350401119245586763e-03
8.589470116135370509e-03
-5.138708554077461507e-03
5.082764740464885619e-03
6.903864475330979446e-03
-5.182348425128165126e-03
5.133887379977961594e-03
8.125314343161549324e-03
-5.094850798893213462e-03
5.085469054330871846e-03
1.335448564558858794e-03
-5.132018650193367372e-03
5.120688198512482470e-03
2.342233761473542196e-03
-5.122806962428457823e-03
5.105052713129724223e-03
3.503063083307574651e-03
-5.104002842129335728e-03
5.080696751757913729e-03
4.653154766721782042e-03
-5.098274640414348149e-03
5.072880116552306098e-03
5.793297416422390697e-03
2.236961532397125502e-03
3.618014319509010521e-03
5.729020200139899044e-03
-3.047780243147288695e-03
-3.004859698938440894e-03
5.724981733209839711e-03
-3.728418264830064832e-03
-2.197081200684829899e-03
5.722918334205997527e-03
-4.629809562681482492e-03
3.803302228413908605e-03
9.417038125102633953e-03
-3.715170243553357014e-03
-1.894524102576656014e-03
9.498643156264122492e-03
-3.509293584590063991e-03
1.161240844069662487e-03
9.549574237519210806e-03
-3.567816856924420875e-03
2.588490586421467957e-03
9.516276495514191039e-03
-3.838439820622010362e-03
-3.576375006004070198e-03
9.426008732262167178e-03
-2.271890482384017647e-03
-2.506150132656623491e-03
9.518173001208671616e-03
-2.442247817827244115e-03
8.438866292020730025e-05
9.553394195555588858e-03
-2.522493119516841520e-03
3.908708887555063620e-03
9.486300510541605113e-03
-1.159774129164830659e-03
-1.177137554627543953e-03
9.571225949164081578e-03
-9.985796307838924399e-04
1.722504591142499399e-04
9.575868496758111609e-03
-1.155044479348531390e-03
1.344078749286687670e-03
9.572000974671561122e-03
-1.207977380532006782e-03
2.807083495746751523e-03
9.559823037697397566e-03
-1.141551117863877059e-03
4.268839537229787533e-03
9.504411644183150334e-03
2.036328516829077700e-04
-1.053643607511148153e-04
9.587107534898066039e-03
5.996383882686698405e-05
1.290868598608412325e-03
9.589577641838587657e-03
-6.600342688915373081e-05
2.713054342498715920e-03
9.565735217391563641e-03
1.122669018221701350e-04
4.445301568203978253e-03
9.502577565977421079e-03
1.433199238019731980e-03
1.325571479384249959e-03
9.566303030843069377e-03
1.385532401121490707e-03
3.175637576867180144e-03
9.522959204709214101e-03
2.621841468131805210e-03
4.193318137685132958e-03
9.460119796583231142e-03
3.199849500212556975e-03
2.659942450534303650e-03
9.504783071789509388e-03
4.093802402463325371e-03
4.028128437007684991e-03
9.422602475188706500e-03
-3.372437568872776407e-03
2.596931606736733143e-03
5.736787108159745185e-03
1.350027516129135045e-03
2.786868808253924364e-03
7.193837540537699471e-03
2.045848661540492375e-03
3.351195645621533620e-03
6.682298575421814942e-03
3.030309347216354320e-03
-7.232598653311391769e-04
4.276896867794161700e-03
1.854190305182020848e-03
-3.485167364988843355e-03
6.670603557831143900e-03
7.031358089309231374e-04
-5.059324279626981752e-03
5.520631100439157661e-03
-4.285058623343240315e-03
-5.005329940909215326e-03
-3.225751413324852309e-06
-4.366785437060426676e-03
-5.109743613910836153e-03
1.156213717423967792e-03
-3.062611834421305728e-03
-5.007735088405987529e-03
-6.469958223227590619e-06
-1.836258350771657064e-03
-5.010198786318005928e-03
-6.021692892732609311e-06
-1.778000050238737499e-03
-5.097386075912219844e-03
8.212174599796122961e-04
-2.071021985449067980e-03
-5.150936102575266913e-03
1.797841458992759491e-03
-1.866028748526483896e-03
-5.123932374096118979e-03
3.485548068641180185e-03
-6.118122903772927300e-04
-5.008312485596201277e-03
-5.457328462656546617e-06
-3.649280008245735230e-04
-5.115922278390771551e-03
9.332516666103448993e-04
-6.281746820699663772e-04
-5.147308298481562128e-03
1.844652653289138074e-03
-6.205968203886165838e-04
-5.137418567330622084e-03
3.008984685014831888e-03
7.755529878902475693e-04
-5.008544916157206713e-03
-6.058043997100240945e-06
6.085812139346967464e-04
-5.098411573955612813e-03
6.656643651830800121e-04
5.610470553408755017e-04
-5.154526024801274302e-03
2.134293838293121331e-03
2.010148732470446072e-03
-5.007259797536849945e-03
-6.531334605951971544e-06
2.111753523413778533e-03
-5.115825138591142962e-03
1.020898174362607370e-03
1.875700789802092327e-03
-5.149471676345450215e-03
1.836732787060368259e-03
1.805790717407492829e-03
-5.151069488255985429e-03
3.037711023022299141e-03
1.845443787202088017e-03
-5.081426202603832147e-03
4.646939339031317881e-03
1.864020121223646442e-03
-5.086510484088868633e-03
6.490596799905354146e-03
3.568364520139525285e-03
-5.009564367836059559e-03
-1.071969247126171491e-05
3.073482724210320396e-03
-5.138984298388308940e-03
1.735113384856775721e-03
3.130337703918958242e-03
-5.140215287427105616e-03
3.020825037565447700e-03
3.110213867904482350e-03
-5.093530411223852472e-03
4.657608026898941121e-03
3.115920163126765022e-03
-5.077931452729145777e-03
6.467093956609677903e-03
4.273120635387765882e-03
-5.136157971076863588e-03
1.671481398944723445e-03
4.115808360571626690e-03
-5.135978423783204086e-03
2.791806468486736793e-03
4.146313819330898695e-03
-5.116196686035664846e-03
3.867297014792874400e-03
4.085047795009052150e-03
-5.093724356824905555e-03
5.014804050760605231e-03
4.241908280978454876e-03
-5.148622862497616998e-03
7.448213730437397602e-03
3.915546020910037374e-03
-5.193270052052802004e-03
8.355800552085896130e-03
5.102351004602117060e-03
-5.121230988030826478e-03
1.345857870979593352e-03
5.118348506418905070e-03
-5.132897496479256125e-03
2.323308278499864720e-03
5.117589922902033087e-03
-5.111463953259161828e-03
3.696475823758297533e-03
5.105422959956271677e-03
-5.099112620893866098e-03
4.647818663559872589e-03
5.103257234851238215e-03
-5.115203441777267136e-03
5.782233895244905456e-03
5.150621761648909065e-03
-5.116790000927048769e-03
7.028528008822635363e-03
5.171339134080198824e-03
-5.178089945343919767e-03
8.000397307159748395e-03
3.740478659898933012e-03
1.217586933597068896e-03
4.778983837550361199e-03
-6.203776160172388195e-04
3.875812371111419553e-03
6.684626486494506942e-03
-2.062968193546606786e-03
-5.064482808591720849e-03
5.183297618392134279e-03
-5.121020179053125190e-03
-5.142721451840059563e-03
2.339168175085428337e-03
-5.111040747093452928e-03
-5.119864752696973338e-03
3.569479165312861458e-03
-5.081824797617434317e-03
-5.116264479022379630e-03
4.653011060009534100e-03
-5.099445143074265302e-03
-5.121651054730069069e-03
5.769127748010788488e-03
-5.126472849462680725e-03
-5.152444612347977827e-03
6.881471907638504401e-03
-5.181205635447983654e-03
-5.198490441649008219e-03
7.997644589059797401e-03
-3.180367767464410949e-03
-5.147209496022311578e-03
2.137939513047451903e-03
-4.389049376373855595e-03
-5.138613894929111060e-03
3.021009209621293261e-03
-4.161133923335510500e-03
-5.098809644210619031e-03
5.301297599813133143e-03
-4.412642250827311652e-03
-5.180109317807894166e-03
7.558696126175997766e-03
-3.110253963924991365e-03
-5.101904200027646344e-03
4.166889587139188840e-03
-3.166353238941481407e-03
-5.100106311866475436e-03
6.281917938016989313e-03
-3.104781310324630610e-03
-5.223486612074428742e-03
8.590879638185508829e-03
-1.907142560469128915e-03
-5.179438028726618057e-03
7.950089030894806272e-03
-6.048967099522661959e-04
-5.053137103022321656e-03
5.344082773267144759e-03
-1.046886079641705006e-04
-5.098005962982433449e-03
6.985200140584534902e-03
-7.752243139331692042e-04
-5.158880623151134229e-03
7.835698120673313671e-03
6.789448304848552662e-04
-5.161149299802244086e-03
8.036770060931461637e-03
1.643918135086296604e-03
-5.201915259074622530e-03
8.674966896146956222e-03
-6.209053082305539739e-04
3.874203543463491765e-03
4.781181934474448142e-03
-1.364045453129280770e-03
4.073539900366330256e-03
5.734612107922635281e-03
-6.161784702425148440e-04
-3.902421067709783628e-03
4.776146598654650369e-03
-7.806898545154594693e-04
-4.196759277847096452e-03
5.724389002276637078e-03
-4.048797210765653874e-03
-3.737896532801437185e-03
-1.053313573347259856e-05
-4.287389581378838257e-03
-1.839511642637798716e-03
-8.214947823027506815e-06
-3.779984177605081371e-03
6.111164109692283561e-04
-1.505710746744994252e-05
-4.050455520820523542e-03
1.610787143675703088e-03
-1.109704537290900321e-05
-3.885345404906936657e-03
3.130390115737416868e-03
-1.181148182222263566e-05
-2.952122776184745116e-03
-2.190372681983473058e-03
-1.898600832371769590e-05
-3.064475175573618242e-03
-6.134038721820214788e-04
-1.855431324424720713e-05
-2.472183968733803871e-03
3.850261702411166779e-04
-1.685962529373860052e-05
-2.495567161074787373e-03
1.861103809917048161e-03
-2.293649740580733031e-05
-2.554703589012378550e-03
3.065281840861706648e-03
-9.095472984545727058e-06
-3.220659316506559958e-03
3.943766633688757309e-03
-6.152933717071877744e-06
-1.765173175281944647e-03
-8.836534836978203813e-04
-1.954751222431322846e-05
-1.027518806903132470e-03
5.747390355950721379e-04
-1.345113788844649061e-05
-1.782719273026609668e-03
3.989698458771690631e-03
-9.063955195135372966e-06
4.736686201525380519e-04
-6.496808861154141452e-04
-1.349460136277777615e-05
-1.705820230629731765e-04
2.183031073892361892e-04
-1.329337695687745701e-05
-6.176025527957257257e-04
1.839589503853669705e-03
-2.198065735570159303e-05
-7.932194904118237359e-04
3.258086517095489139e-03
-1.691977049432424855e-05
1.255771517163712606e-03
8.644797033696349168e-04
-1.437030665340802569e-05
4.680929584238544168e-04
1.575287248356313898e-03
-2.200697871136813314e-05
6.156500564223570506e-04
3.071593108500149470e-03
-1.422660658854051973e-05
2.155368433500146324e-03
3.102074692787893696e-03
-1.031036368360937083e-05
2.575572798375026177e-03
4.209011806791381448e-03
-6.426914954736491832e-06
3.733617574699599814e-03
4.109290412422842223e-03
-9.565777350843883851e-06
2.344621090859077064e-03
5.008085466724053296e-03
-5.680852829989419175e-06
3.480697598387589090e-03
5.004989319773306411e-03
-8.435921257377868509e-06
-3.570504687539547816e-03
5.011434064852864773e-03
-6.139067656948605539e-06
-2.550685659584482970e-03
5.008251281988704111e-03
-1.013270144309512332e-05
-1.330429778303480852e-03
5.007525145477856841e-03
-7.759117284087765722e-06
-1.029750635149566227e-04
5.008986291471759049e-03
-1.436011811335584353e-05
1.476927295746586783e-03
5.007886460716224307e-03
-1.351078495990397946e-05
-4.261309938365942691e-03
-4.268501623957836636e-04
5.730436920396033904e-03
-2.483694110841133413e-03
-1.872455796657502853e-03
7.187164103036471942e-03
-2.434684194208360658e-03
-4.027702889115591239e-03
9.456775188517166017e-03
-1.008004694470276703e-03
-3.756021074505988631e-03
9.504693827604457010e-03
-1.133151349402491742e-03
-2.489189187593790487e-03
9.540187891343606882e-03
1.099866916203168037e-04
-2.204036160635081121e-03
9.558769679313478679e-03
9.100988041722496511e-04
-4.034820373981345618e-03
9.496590227286308764e-03
1.379457039087527651e-03
-2.464176099479127840e-03
9.547863756506048960e-03
1.382423257626478772e-03
-1.182592533348072843e-03
9.566579799773796203e-03
1.397399319005909052e-03
1.833260397691913982e-04
9.570250912652886188e-03
2.671843278396548137e-03
-3.737351638986361954e-03
9.473492890115942783e-03
2.709140196287835017e-03
-2.480409947668705054e-03
9.527394796561469356e-03
2.800677489515521982e-03
-1.104744520152222461e-03
9.564159153961943050e-03
2.574165147126911569e-03
1.403780718340038095e-04
9.568589970390969576e-03
2.945328084631707553e-03
1.408248960678228122e-03
9.538059805756492551e-03
3.995953318040318045e-03
-3.857883754011030147e-03
9.423029178034923042e-03
4.069518585286982341e-03
1.334587613197732643e-04
9.526653530077760709e-03
3.989595851776221030e-03
-2.633770659578373811e-03
9.477975293798714118e-03
4.161640815408687924e-03
-1.260696370907104895e-03
9.509881618966178202e-03
4.180012006926510024e-03
1.390831389819305016e-03
9.506680840264626967e-03
-4.255582777547045788e-03
-5.260188951551269913e-03
9.342997225461892666e-03
-2.895898289493936684e-03
-5.253241275574237548e-03
9.385170901205072344e-03
-1.918575715474803590e-03
-5.247933881081539090e-03
9.415551238164203071e-03
-6.358612571095141695e-04
-5.239325073750868665e-03
9.446027078402897958e-03
1.016000478726407667e-03
-5.233024588246152492e-03
9.427394892711922145e-03
1.923754569172552147e-03
-5.239873566913297483e-03
9.409708149825344106e-03
3.200369436380170931e-03
-5.245467818516835225e-03
9.387540412781612484e-03
3.066013179644321799e-03
6.275988093355130406e-04
7.186033644962094673e-03
-2.983486456982693043e-03
2.565026693255954577e-03
6.683553102494872028e-03
1.806688787118549463e-03
-3.888968318248692616e-03
5.717241604583289324e-03
-5.048626158673251256e-03
-1.002515674206845564e-03
6.205036419122472550e-03
-5.113809395263810807e-03
-4.453111024165848190e-03
1.510252652676332590e-03
-5.138487493233119020e-03
-3.530584586718025965e-03
2.063605338060339744e-03
-5.070266161662831048e-03
-4.372004631666770620e-03
5.322262145507822284e-03
-5.098412460991618225e-03
-4.385079420165851824e-03
6.444739862068290560e-03
-5.167375073876460598e-03
-4.082591838748200232e-03
7.641511605172976104e-03
-5.200994078042434077e-03
-3.771936634005759823e-03
8.526523152390162383e-03
-5.134590890824708778e-03
-2.267326523091100447e-03
3.225898828210344103e-03
-5.097959242933495366e-03
-3.546336130472125918e-03
4.224064800470359732e-03
-5.080527468450092565e-03
-3.122923120231990268e-03
5.345405751129237056e-03
-5.090811075743907448e-03
-3.145011653041661186e-03
6.527740707914488939e-03
-5.171951646158967630e-03
-2.799425125622343174e-03
7.877867963688766142e-03
-5.048605135446492843e-03
-1.846453597319255976e-03
5.493053319348002381e-03
-5.107020278477689135e-03
-1.703836408128544437e-03
6.965993653367439330e-03
-5.040499793333629193e-03
2.381633359254115955e-04
5.392155654668055048e-03
-5.188624822838882288e-03
-1.343120742372357545e-04
8.813105193563380499e-03
-5.081903639709687594e-03
1.123678351777996189e-03
6.738680280527490490e-03
-5.131382272472361818e-03
3.546118264756930151e-04
7.738004577199782477e-03
-5.155693175946041845e-03
1.717595880369888247e-03
8.253811016910188314e-03
-5.225361098811876631e-03
-2.483447968920926303e-03
9.411110957463067472e-03
-5.219267863229455455e-03
-1.423466203880635215e-03
9.450144743976660391e-03
-5.225493700980770283e-03
1.154107933424881795e-03
9.462724846542015789e-03
-5.219775066858991716e-03
2.428699335378168254e-03
9.436623623229877314e-03
-5.225343337217211101e-03
3.696675850897137867e-03
9.389765825509707037e-03
-5.224802223776196970e-03
4.305129662869817617e-03
9.371343474136869384e-03
3.064273419483204419e-03
-6.470015704375380473e-04
7.184292873555524900e-03
-2.456794521935632292e-03
1.888934945627151552e-03
7.191550401680516652e-03
3.070579618597773629e-03
5.993954013310704440e-04
4.278624128240019267e-03
-6.189346817106475881e-04
-2.074308236626010420e-03
4.454648865405645003e-03
3.739569320576969797e-03
-1.229443328996760593e-03
4.773421005856071618e-03
-3.087627070647458276e-03
-2.453970400089609642e-03
6.677057125237031814e-03
-3.061484247162749636e-03
-4.287581507967994435e-03
-1.014103320518097033e-05
-2.842297438293621588e-03
-3.439757459337109032e-03
-1.201533027620784590e-05
-1.837737201296049585e-03
-4.287158646215261971e-03
-6.908396184904737413e-06
-6.140850735641252773e-04
-4.288204718218973331e-03
-7.001834833544034088e-06
-6.138666002704961993e-04
-3.064377552188850707e-03
-3.002005170975836977e-05
-3.926026466130122451e-04
-9.912730582648651353e-04
-1.644957704632691827e-05
6.131672873421357278e-04
-4.287723579496451921e-03
-1.050225820243313031e-05
3.416395719797496152e-04
-3.251468003896609577e-03
-9.642570159282607117e-06
6.159851178618229407e-04
-1.840329975881875449e-03
-1.252812722385240031e-05
1.315179468459719021e-03
-3.594730810008614058e-05
-9.166543766768103850e-06
1.838044281153772188e-03
-4.286453945718787101e-03
-7.257590998786288337e-06
1.839382572494398108e-03
-3.065975230329537424e-03
-2.261218468925533717e-05
1.921808804501668301e-03
-1.105245333076964155e-03
-2.386153256547753136e-05
2.512530294232571699e-03
2.872521664152125499e-04
-1.346716321727922894e-05
2.126806318303017806e-03
1.771072963550657069e-03
-1.703906658789249159e-05
3.061282448095177088e-03
-4.287860055391940275e-03
-9.383342601307273343e-06
3.572892197659138878e-03
-3.062395661042994089e-03
-1.368693799339009367e-05
3.189037407640546353e-03
-1.752931429332450341e-03
-1.288825889868301063e-05
3.573746188672401961e-03
6.121346422208403821e-04
-1.222784661903078782e-05
3.216411634183279425e-03
1.537346777563873296e-03
-8.411317661898900852e-06
3.287644265169220505e-03
2.688042669896366539e-03
-1.191578743815469519e-05
4.380404353900868748e-03
-3.944488966657605858e-03
-4.701745974534678039e-06
3.852872188092012692e-03
-4.347478604363977264e-04
-1.053645205722818039e-05
4.168893654054024386e-03
1.903385562231219973e-03
-4.708899814435607333e-06
-8.199807873554416883e-04
-3.862422075530023546e-03
6.673920860746621400e-03
3.600672791474721340e-03
-1.627325218373803627e-03
6.672681829811052956e-03
5.141145010643738238e-03
-1.144641267314359077e-03
1.368855323864072698e-03
5.160911397746216836e-03
1.175798789468783539e-04
2.537250660994094971e-03
5.103200445451120879e-03
6.545607469641954610e-04
8.486216929404706609e-04
5.103618172560180424e-03
1.757895329223090400e-03
1.493895141961749289e-03
5.142431886535971629e-03
1.389517704536375473e-03
2.765358088104293271e-03
5.139352940465885533e-03
2.631410400948342929e-03
2.526846871811845498e-03
5.103637532926997948e-03
2.206224801693200659e-03
3.665509476912063181e-03
5.058837830961001453e-03
2.232046776692139106e-03
5.170317796390316335e-03
5.089336161712736811e-03
3.090695901601259003e-03
1.012418266981422385e-03
5.128974521882180386e-03
3.932886067345940477e-03
2.569794573233975289e-03
5.100096491034785892e-03
3.730033584162411806e-03
4.243733114557228688e-03
5.098872724533187739e-03
4.377020268391720870e-03
1.377340357586403097e-03
5.079289184442717028e-03
4.080944163768977957e-03
5.892056417317287180e-03
5.092509522696063787e-03
5.093449179323960956e-03
5.199398818558007875e-03
5.181765796094804297e-03
5.183211748290891124e-03
8.538469591521713475e-03
5.010031590034217525e-03
-2.701819515130378727e-03
-9.278952041055381133e-06
5.007984215180027489e-03
-1.838861863341214068e-03
-1.460141856317360890e-05
5.009653665339668105e-03
-5.301990899112369541e-04
-8.568418575137841197e-06
5.007679378930558062e-03
9.741840823117817487e-04
-1.395897173953616738e-05
5.012380444756978949e-03
2.093321313926351478e-03
-8.615702599957974941e-06
5.007553458363382497e-03
3.423804142596318344e-03
-1.222871243139158609e-05
-6.982005276355599758e-04
-3.030812562691612404e-03
4.277556309058666746e-03
1.296741554074590371e-03
-2.833870435467931732e-03
4.272531270644985141e-03
