-5.006948809343011661e-03
-5.005065490200729349e-03
-1.123467587651235449e-05
-5.324977105091918510e-03
-5.353679124830033539e-03
9.078835274627498203e-03
-5.009150374130169094e-03
5.008064150791681664e-03
-1.669141651326220418e-05
-5.302205796487284052e-03
5.242587472048954554e-03
9.117587288930086367e-03
-4.276845593769421257e-03
-1.572245550044176765e-03
5.644469629179442970e-03
-4.275740753498477251e-03
1.536924069296678914e-03
5.654708678969490483e-03
-3.950245242560729113e-03
-1.447987579229859578e-03
4.704476693861581009e-03
-3.944837163353406839e-03
-1.455922734466235996e-03
6.586910002329234536e-03
-3.948371408443169042e-03
1.422854613661576721e-03
4.708000529482705455e-03
-3.953824451784770933e-03
1.414912220753257845e-03
6.597852428496931917e-03
-3.113501879526170499e-03
-1.144495823795935912e-03
4.208415151995778883e-03
-3.108223858306921866e-03
-1.154970297197124287e-03
7.097581103269664897e-03
-3.110649431647901936e-03
1.118104375604807212e-03
4.207977567000121231e-03
-3.115422752671248314e-03
1.115700957141208156e-03
7.103574402686187866e-03
-2.272642706513523098e-03
-3.951391654936018023e-03
5.632563129404237479e-03
-2.274838900988283060e-03
3.920093793755614550e-03
5.652015215858260770e-03
-2.152479192314535935e-03
-7.956240552457977209e-04
4.386234498930151673e-03
-2.149712740915948623e-03
-8.042216486205434889e-04
6.924828023736445161e-03
-2.151222457924053654e-03
7.690348014134365182e-04
4.386086682858234345e-03
-2.147920621999160288e-03
7.659714274119589633e-04
6.938315749222342607e-03
-2.094968823119700008e-03
-3.651188642198266877e-03
4.691640614494442703e-03
-2.097907653758660038e-03
-3.655883042610156685e-03
6.581331878322537257e-03
-2.102354665341754202e-03
3.620280258188176160e-03
4.714134480931445742e-03
-2.108814995122522667e-03
3.620402394602889855e-03
6.594848140294348564e-03
-1.655387838274184143e-03
-2.876577294656620671e-03
4.195775486844663220e-03
-1.650009789729223880e-03
-2.886967132008614809e-03
7.092086794933250352e-03
-1.655849882285964159e-03
2.847218146503663252e-03
4.214559181902084208e-03
-1.656192315703354208e-03
2.850991119920882454e-03
7.110354330612513214e-03
-1.523509419232433638e-03
-5.682244556577334274e-04
5.155731905237266426e-03
-1.525051577479775511e-03
-5.729744093947603542e-04
6.159411114908017182e-03
-1.520999008378676534e-03
5.403060702958864623e-04
5.158626645049907075e-03
-1.522628721646249964e-03
5.400788944883433548e-04
6.166937190031395941e-03
-1.142702133962861634e-03
-1.993599600103473403e-03
4.378650579477792563e-03
-1.141270417244627088e-03
-2.003256538753254382e-03
6.926478952562196457e-03
-1.145200037133582314e-03
1.965989886539224862e-03
4.389998241947292053e-03
-1.147238862441401575e-03
1.967213732353610255e-03
6.937067445004663213e-03
-8.070051849023229069e-04
-1.414705905609661305e-03
5.149410525768498281e-03
-8.036704545634522356e-04
-1.423326265796486315e-03
6.158237997820240062e-03
-8.099855208685534120e-04
1.387220813541233501e-03
5.162689646574534184e-03
-8.158881198421021356e-04
1.386087820688629941e-03
6.167988854860246076e-03
2.819293578641950278e-04
-1.605237261002810320e-03
5.152742982834082434e-03
2.838460055630368808e-04
-1.613727777463597537e-03
6.159521361641312649e-03
2.758853863528226919e-04
1.577284263312671558e-03
5.163000525938312053e-03
2.765679312047955888e-04
1.576266431501176582e-03
6.174311565200306731e-03
3.990146925706243293e-04
-2.261144281732439549e-03
4.373345053806102639e-03
3.989698666080363030e-04
-2.271477615390662952e-03
6.928994465492447491e-03
3.880332442278076584e-04
2.235164005374454775e-03
4.385552342138247447e-03
3.975274912676015271e-04
2.236336250204857927e-03
6.942950307511404177e-03
5.761619729664891167e-04
-3.266910697133823798e-03
4.198167498464041789e-03
5.775553064201460881e-04
-3.278407076548959555e-03
7.093712268765543089e-03
5.649530508376219640e-04
3.239711483992735799e-03
4.208216190084853973e-03
5.734353966501850967e-04
3.249195803141628584e-03
7.107784807862763468e-03
7.297347682282980365e-04
-4.145530343902107014e-03
4.692300513735328527e-03
7.321811809297229610e-04
-4.156913807387568188e-03
6.581155055696563672e-03
7.212479498233780994e-04
4.118678340681416854e-03
4.704431779768939760e-03
7.246754863643827243e-04
4.116997275957095560e-03
6.600045789089637079e-03
7.943487202486781409e-04
-4.488653932208228579e-03
5.632487482383902178e-03
7.835371908012574464e-04
4.460427580498096088e-03
5.650707157232328325e-03
1.239174531266637458e-03
-1.053320065038391940e-03
5.161318997587817717e-03
1.241021653533742886e-03
-1.056988001461380521e-03
6.169097261659797250e-03
1.234328483540581304e-03
1.026800666770390008e-03
5.163617978661284511e-03
1.238482541399932866e-03
1.027228776303852186e-03
6.171368783610549705e-03
1.611877440601460973e-03
-1.393080904880974856e-05
5.160430414998144928e-03
1.623503610915963532e-03
-1.507210203173936610e-05
6.167891530641988682e-03
1.750607854389110837e-03
-1.476824329062451828e-03
4.382351223476404524e-03
1.754012229280357393e-03
-1.486901391747253234e-03
6.933075252703412364e-03
1.744626392752680411e-03
1.456989496655200153e-03
4.386221036157254317e-03
1.756382244669222725e-03
1.459067340307218259e-03
6.930880570614591542e-03
2.279375359375891610e-03
-1.091884550039763692e-05
4.385594571261523800e-03
2.292596747695524462e-03
-1.297839164825446680e-05
6.933637681704163044e-03
2.531743946929906376e-03
-2.132738018029759017e-03
4.198035307947429844e-03
2.541892494111399389e-03
-2.144552894317040652e-03
7.092594325714907111e-03
2.526834733204030414e-03
2.113920156864870087e-03
4.206810400717524330e-03
2.536679523860792002e-03
2.114185621122170386e-03
7.100369158569399403e-03
3.213489635094010730e-03
-2.706888616055970302e-03
4.695842098245498961e-03
3.224485343869505811e-03
-2.718193462616709521e-03
6.575212863386052306e-03
3.211788749022424522e-03
2.687498039046793113e-03
4.701821143076511701e-03
3.216581496230996873e-03
2.685400240258707574e-03
6.587544403288181361e-03
3.300061246413948674e-03
-1.052911603002226049e-05
4.205167502852175804e-03
3.311476433321593714e-03
-1.390064451349842929e-05
7.097377268177710273e-03
3.488129349690032542e-03
-2.940106509251138710e-03
5.631399340797561652e-03
3.476713135437912820e-03
2.912948317103714220e-03
5.641235264181571236e-03
4.192205557787894929e-03
-1.081033961929783490e-05
4.698847534586468762e-03
4.200005017461359326e-03
-1.610161999221907387e-05
6.586678320618294391e-03
4.546722636769261021e-03
-1.480855719926211883e-05
5.638945990887237088e-03
5.010271633168838709e-03
-5.005445713626167567e-03
-1.149090716302660806e-05
5.303747180615520085e-03
-5.324156657241396751e-03
9.088211247978962570e-03
5.005948109155100405e-03
5.007351572998599253e-03
-1.038356710612999403e-05
5.292955301667838508e-03
5.278019193934909911e-03
9.122077216182083656e-03
-8.331846428134097576e-04
-3.649933244002053542e-03
2.368551763859388492e-03
6.166317437447405708e-04
-1.174541816969592103e-03
3.945620671499595021e-03
-3.806236005620911023e-03
-3.915460947746049990e-03
5.078678391048653193e-03
4.302435436155408084e-03
4.634937211432469946e-04
3.321079275342651242e-03
1.364229090750490462e-03
-5.156064391675905818e-04
3.013838483526225156e-03
-4.002488016864190392e-04
5.031398713186697493e-03
5.508778554678460046e-03
-4.183085188964690698e-03
-2.674253039116078023e-04
9.358118423629378443e-03
5.653910275613163424e-04
-5.161843314212527685e-03
3.744169094216515548e-03
-1.256387413928783912e-03
-4.569928505747462475e-04
1.204063565721246549e-03
-3.882224658553444507e-04
-1.395701244576869234e-03
1.063410792659055673e-03
1.945522299460145359e-03
-3.799331149833184464e-03
8.099541502538403284e-03
3.642270420014518794e-03
-2.865094387277430498e-03
7.866982411144425591e-03
3.626729435702092004e-03
-1.482028607131686540e-03
3.567807651486247424e-03
-1.573500093155723182e-03
-1.467871702661196738e-03
1.827791743976428475e-03
-1.154181290094592879e-03
3.889575218343286310e-03
1.598949522159796204e-03
-1.772581098253047261e-03
1.018529344517506109e-03
1.866121252605663266e-03
5.457858674251896396e-04
-1.511466631756201544e-03
8.372761106832521394e-03
-3.145098472428142430e-05
3.808061525604652421e-03
1.702312560516536927e-03
3.671010622055478900e-04
-2.134591118776785635e-03
1.362527238278319047e-03
2.741820008500628868e-03
3.665243542723431404e-04
2.926206985637589981e-03
4.130442112201232474e-03
1.491590141075013970e-03
2.871966526180206279e-03
6.965180520076369409e-04
-3.387825464551416556e-03
5.456753796835664243e-03
-4.281253374253769090e-03
-4.242932791780286775e-03
1.604497986057797565e-03
-6.639811674889419977e-04
2.811935061463030194e-03
6.072517359233437634e-03
-3.845379413685461219e-03
-4.232603725761486212e-03
6.371531278391469322e-03
-4.463825024979714735e-03
-4.442657692407508963e-03
7.377443022493091612e-03
-4.530155632157756816e-03
-4.447680929858999557e-03
8.266979837312759746e-03
-4.059289932090056827e-03
-3.206789093701851653e-03
8.014828692164145110e-04
-4.402186379202417503e-03
-2.995750608372462365e-03
1.650856618175075390e-03
-3.801887795124017731e-03
-2.877987971406388741e-03
3.108807852228443955e-03
1.980247763138835628e-03
4.015698865532772895e-03
7.675033250909344025e-03
-4.094666799839769347e-03
-3.074095029772053959e-03
6.257751958889857039e-03
-4.319088409427835826e-03
-3.476245617737933058e-03
7.638118981784294652e-03
-2.847811635641407570e-03
9.242895766764589859e-04
5.735155945121877923e-03
-4.293955546869665345e-03
-1.755450522528098243e-03
1.064043769385168616e-03
1.894138688793437940e-03
-2.131274999148404480e-03
5.017649918955080328e-03
-4.095890488611073944e-03
-1.956642313898636441e-03
7.593267953745854761e-03
-4.255465213475755244e-03
-5.355515131035226651e-04
9.872048691249152557e-04
1.973154962098107312e-03
-3.426050029586665512e-03
4.693952879983600245e-03
-3.235067735403123271e-03
4.148416840184352035e-03
8.304576098929705719e-03
-4.316807058961457874e-03
-7.659016676700282442e-04
7.369255070116745646e-03
1.034681737580113057e-03
2.969745306685458476e-03
5.506165577341376460e-03
-4.196029460296805437e-03
7.923404108804834927e-04
8.800176440071987797e-04
-3.949062436751235583e-03
4.323792297524432955e-04
2.752647557899323087e-03
-4.145911844224344465e-03
5.829155247893674915e-04
7.513266900123495920e-03
-4.363331309763944336e-03
2.055200176997088075e-03
8.655023873459200771e-04
4.332238413468008178e-04
-2.522725455076734022e-05
6.662287403458985215e-03
5.112603420656780528e-03
-4.059414225823889874e-03
8.685883188323484340e-04
-3.677133336187494907e-03
5.166006980315528303e-03
2.160421728136860311e-03
-4.112149278520739297e-03
2.970551159799275903e-03
1.511130659930062054e-03
-4.274950649163643430e-03
3.029886315941456455e-03
2.815204001521653867e-03
-4.354854566371848743e-03
3.209500475878314298e-03
8.545659288582006102e-03
-4.169911448494897574e-03
4.197628393579803420e-03
2.561135943463682153e-03
-4.043482750233939362e-03
4.170952968071988363e-03
3.968251236891511512e-03
-3.881432950453522941e-03
3.996435201734078665e-03
5.238657865723155352e-03
-4.169273204669674687e-03
3.969725738688014739e-03
6.794236411076539500e-03
-3.080576436162312231e-03
-4.167654507398650676e-03
9.549891581372363250e-04
-2.800716320494206230e-03
-4.226998380867021121e-03
2.034025725632653860e-03
-3.129696658922880622e-03
-4.114965250581646521e-03
2.984843773641158993e-03
-3.072158542556362865e-03
-4.314602609154957226e-03
7.309808980186845856e-03
-1.072516122907889082e-03
-2.078703881489085172e-03
8.226675036174420363e-03
-3.177727162027339444e-03
-3.238054953339632690e-03
1.803670504324691006e-03
-3.135883255038734389e-03
-3.033650936703945027e-03
7.692309293987478064e-03
-8.381219212386616839e-04
3.117071490506602687e-03
2.554115676558897045e-03
-3.102719888687130705e-03
-2.174931874547294131e-03
8.957162290552289543e-04
-3.160060890732850451e-03
-1.986461289556742428e-03
1.930163198293096717e-03
-2.949763733188114599e-03
-7.463078667313241717e-04
8.182696351163993003e-04
-3.503991946645497804e-03
-7.932726392113041442e-04
1.776763089551249876e-03
-3.162995689402828270e-03
-8.727202595562925892e-04
2.963764122841554879e-03
-3.225733377549577265e-03
-9.265339349522998258e-04
8.488691299986484903e-03
-3.160252849954585993e-03
6.129321738171827124e-04
7.328589873304593291e-04
-3.073062636929616356e-03
5.152783596666101699e-04
1.694676002191076742e-03
-3.350842767456043304e-03
2.553210768341938235e-04
8.309187291247596349e-03
-3.174807412858347312e-03
2.151791768035669905e-03
8.778886534034726664e-04
-3.172225132280198819e-03
1.939748105815266525e-03
1.908392202489822293e-03
-3.626988032421422144e-03
1.818634519920770461e-03
3.055838651673286038e-03
-2.786393744413252251e-03
1.939416085589859649e-03
5.535480804475916179e-03
-3.053199411109392553e-03
1.504517500224026184e-03
6.282395832600649530e-03
-3.318464894911528264e-03
1.708937368513587700e-03
8.036623544720275514e-03
-2.923661209196945065e-03
3.383934436331695068e-03
8.744661884255085530e-04
-3.096169824331659100e-03
3.328845482711201287e-03
2.114208900852217708e-03
-2.961456945934330329e-03
3.346195181147206769e-03
3.134886784877186604e-03
-3.596928669367193722e-03
2.830574924458396750e-03
4.057818300595638153e-03
-3.415545832036693315e-03
3.108866829619785256e-03
7.481497893803180053e-03
-3.326694836844598224e-03
4.210012751682039485e-03
1.543508570007911824e-03
-3.092859049450840444e-03
4.333957659558394272e-03
2.938512017500163106e-03
-1.809588621114242065e-03
1.912542759049485740e-03
2.699755649600820914e-03
4.008429604277198577e-03
-3.080036462842828272e-03
4.022626199554873126e-03
-8.035101650137676339e-04
-4.016208367607052715e-03
7.527235113330143189e-03
-1.708770265024649659e-03
-4.247516692814316992e-03
9.705801746478756641e-04
-2.423631400493408278e-03
2.075901385397816313e-03
9.413348153512357541e-03
-1.623364356508027063e-03
-4.356371817004719461e-03
8.662807866793721667e-03
-2.117059770615302167e-03
-3.116908579825767526e-03
6.543571009219770977e-04
-1.874001597748931438e-03
-2.960771441670248614e-03
1.742687765425738125e-03
-1.876308988180757416e-03
-3.274524372465970404e-03
2.805037260471804524e-03
-1.990773261218914923e-03
-3.419922614596554358e-03
8.284357282319585250e-03
-1.767578195218483857e-03
-1.661658037349480381e-03
9.081355038433289477e-04
-1.944418792703388014e-03
-1.840620493202221961e-03
3.024598333593004652e-03
2.017006911224643491e-03
8.449190118587610087e-04
3.387675086628025214e-03
-2.009057741316779954e-03
-4.338805731943574159e-04
1.924267459480247374e-03
-2.657446641202547161e-03
-8.874386389441412445e-04
5.634583292190336462e-03
-1.869434940106383478e-03
-8.431796770858144977e-04
8.439505136360795842e-03
-2.011608252724921518e-03
3.520419833959405657e-04
9.341772795600775722e-04
-2.011638918224117455e-03
5.468151164612756023e-04
2.973333201351928499e-03
-2.123326787191133058e-03
4.208625861225573188e-04
8.347422361195856386e-03
-2.015718067706199264e-03
1.705491297889659506e-03
9.710024214658249117e-04
-1.693879080272930361e-03
1.931419887806626800e-03
5.270824386825486048e-03
-2.004464680105433848e-03
1.786140815393123544e-03
6.245139991182389883e-03
-2.145834507740978711e-03
1.914024244036260881e-03
8.380446275298450431e-03
-1.782309389092283499e-03
2.905431516394103679e-03
8.038171102294491225e-04
-2.075161544989698615e-03
3.154355226131371620e-03
1.761304536961961218e-03
-1.814332376574852778e-03
2.956550905739168626e-03
2.886640576451567249e-03
-1.773057115435733430e-03
2.987275920832994230e-03
5.335483505343374157e-03
-1.910457354579690866e-03
2.867860132285504886e-03
6.105485612515615390e-03
-2.099827481235602439e-03
3.295666776775513316e-03
8.417564515169374817e-03
-1.881810850398883510e-03
4.085170955355164717e-03
7.881985306781628085e-04
-1.811047842573961213e-03
4.097067549838931573e-03
2.943248966932330082e-03
2.680751650793788098e-03
6.977947804904280999e-04
5.486803383691922151e-03
-7.869489227060897990e-04
-4.310906028070265496e-03
8.547507065753045998e-04
-9.573115943940504417e-04
-4.343299650060849018e-03
4.017068942558080571e-03
-3.750564250022510792e-04
-4.570749450746753109e-03
6.484562394298101252e-03
-3.831237024054396636e-04
-4.404354991787502033e-03
8.432882167004758164e-03
-6.603803361938155331e-04
-2.989188386106089636e-03
9.043061150526631549e-04
-7.436347202279462547e-04
-2.708009457091419339e-03
5.320954557600799002e-03
-5.792113410549057199e-04
-3.304318651752537455e-03
8.625161996325252448e-03
-5.774368608593109927e-04
-2.128845876784205005e-03
1.921318400460985320e-03
-5.569423231495457998e-04
-2.200085018510821843e-03
3.052248822316340048e-03
-5.120176248967133956e-04
-1.739501665884132624e-03
3.912517045832519975e-03
-4.511121451847794413e-04
-3.532850224326091588e-04
7.177461699494518729e-04
-7.449154680214848138e-04
-6.409893024122832695e-04
2.690597203909467303e-03
-4.790154851990679964e-04
-5.424772468227824582e-04
4.191609439265264574e-03
-4.463001872286274105e-04
-3.490972244554768644e-04
5.553299083456291613e-03
-3.814124167478792887e-04
-7.995606958047353843e-04
7.682162958934640219e-03
-4.822765836507523097e-04
5.184498673730931996e-04
1.794920655238354656e-03
-5.765670030526916148e-04
7.164936145067267665e-04
4.095519598423818901e-03
-7.309616157920412974e-04
7.753790456801553819e-04
7.728596387707523975e-03
-8.394368534091525271e-04
2.207678464298363456e-03
1.512502541567632090e-03
-7.977668649089372137e-04
1.995759860335481837e-03
3.630817653520641841e-03
-6.941277975335753171e-04
2.016531117479731464e-03
7.986607260633949920e-03
-5.989378986392965634e-04
3.168261116658068963e-03
3.483064236946443060e-03
-6.575092437702306954e-04
3.656595152958850344e-03
7.907657883220432782e-03
-5.999313927487681317e-04
4.315518465551832286e-03
7.742603772081218649e-04
-4.522639985090549561e-04
4.328501356090801166e-03
2.955687649666233815e-03
-4.663862628547578199e-04
4.233614460795609262e-03
3.959667533419676533e-03
3.241463468005480707e-03
3.920770334419718117e-03
6.314073484254876557e-03
-7.151801399051342916e-04
4.441894025340602931e-03
6.755780735365320144e-03
5.096108341155841876e-04
-4.144753303191890149e-03
7.543899201943554504e-04
6.245739812847752367e-04
-4.333334024595907226e-03
1.744884838303956999e-03
9.388016684622267193e-04
-4.360279910844585410e-03
3.149147872964602659e-03
7.935960195497215788e-04
-4.470046900112341522e-03
7.439343815413310829e-03
5.020161763887888689e-04
-3.095675672483493360e-03
1.729453046434798217e-03
3.650588061837588836e-04
-3.266364441218764549e-03
2.920258883728499028e-03
5.956910961542541275e-04
-1.756851868998357893e-03
2.558167001492780805e-03
9.286127247711916223e-04
-2.066906767045503801e-03
5.341339587026875529e-03
6.765282447842793515e-04
-5.554558747179374600e-04
8.346680729425045740e-04
5.703350248928258041e-04
-7.553818330834098302e-04
1.765766299032277232e-03
5.723583863308153450e-04
-4.753135639817363607e-04
5.386526542155167969e-03
6.585664249281382183e-04
7.728839026786413951e-04
9.151125243096419701e-04
6.777388307091074000e-04
8.686561910465538877e-04
3.002356439610745671e-03
2.243782583331188521e-04
5.130157465855794035e-04
5.413119234819046242e-03
9.404872462859519694e-04
2.632091313790982270e-04
4.280200925159476436e-03
4.451901145166211595e-04
1.928376409202369130e-03
1.710831870607887762e-03
6.198173292410562307e-04
1.993329287611142215e-03
8.629057204246575255e-03
6.691977292789398190e-04
3.013983205735203206e-03
2.988440630722539928e-03
8.157318688429615388e-04
3.299932814878813511e-03
8.120684780525605495e-03
5.287429869491013434e-04
4.177103931456377026e-03
8.342679239361427360e-04
3.021513808308149774e-04
4.273569402951075784e-03
7.663283208555959729e-03
-2.487283143849996440e-03
-1.607320797038220336e-03
9.392596475330675446e-03
-6.848910317741900219e-05
-4.025628869197247009e-03
3.626039126438936749e-03
1.835304255893372522e-03
-4.196289317782732169e-03
8.572181453811495875e-04
1.822213136704510386e-03
-4.340248725051155942e-03
1.922383992042275532e-03
2.207917988594328140e-03
-4.339269910104986798e-03
6.479578932607230751e-03
1.707049677291117050e-03
-3.025315870219788799e-03
8.167520291523086215e-04
1.847758212228835760e-03
-3.212635565243487142e-03
1.892693265626538106e-03
1.795930108620173021e-03
-3.655417638145695789e-03
2.988474131190513826e-03
1.753612485098202155e-03
-2.728868367899977589e-03
5.784962810377836280e-03
1.986071267612534406e-03
-1.709830300845986435e-03
8.669901646384624684e-04
1.591190414915724747e-03
-1.846634258381351463e-03
1.896847660632300066e-03
1.872188811920169442e-03
-1.914943360951168808e-03
3.157140647090786022e-03
1.915456542774008741e-03
-2.072814867904995348e-03
8.197022444469428265e-03
1.859479634417915807e-03
-5.877550390743501189e-04
7.872170629431252077e-04
2.280912966555258530e-03
-6.719165628353799147e-04
1.832976125560389392e-03
1.594062999650336940e-03
-5.179067486645382934e-04
8.210274515322593669e-03
1.988622642756856206e-03
6.935442212781669450e-04
7.438646005497891569e-04
1.897284515140387328e-03
5.598173832224990869e-04
1.950002143291182030e-03
1.986999681095217261e-03
7.939843002484253719e-04
8.237349246122181376e-03
1.787443615037030958e-03
1.803924584836652783e-03
7.935138577042007710e-04
1.795260844973003370e-03
1.924719583445602678e-03
3.009454249584504922e-03
2.072233117409560087e-03
1.951217024865374398e-03
5.464419686039311171e-03
1.908690005619226001e-03
2.040634073736695506e-03
7.769221384919825814e-03
1.975021306351169674e-03
1.938940925814626459e-03
8.650509112640921566e-03
2.196408266250853784e-03
3.250299871593031152e-03
9.114512517904706061e-04
1.644354196288003644e-03
3.332545649952157758e-03
1.921390638331779612e-03
1.717385440120111455e-03
2.631624356720321193e-03
6.229391970408519955e-03
1.978399360738321636e-03
3.325571258104156359e-03
8.502664632264617453e-03
1.926786186207221944e-03
4.320490481984715775e-03
8.370537908851928771e-04
1.747648962141380539e-03
4.334438169162026754e-03
2.924394627722027434e-03
1.994210028524572628e-03
4.008395867198614668e-03
3.920168583994721422e-03
-1.885999292847048226e-03
5.136805462653082008e-03
3.902497274292002737e-03
3.328688067771154360e-03
-4.306290249102024542e-03
7.639720144322607485e-04
3.420011700570002762e-03
-4.253211109850753291e-03
1.890449693535838126e-03
2.853145945690770992e-03
-3.973614083382329999e-03
3.948300193705195187e-03
3.409222005705560103e-03
-4.105253743031879628e-03
5.039139954033438826e-03
3.230070473781190745e-03
-3.960755871155185147e-03
7.605216256921370176e-03
2.940175260695091115e-03
-3.015829544254525381e-03
7.390972741314226144e-04
3.116542434430429921e-03
-3.290059751145222536e-03
1.694911660099257056e-03
3.090932821650702999e-03
-2.857303029150014273e-03
2.920229451014907593e-03
3.117692766471783210e-03
-3.125494448907365636e-03
8.535156081837183203e-03
3.062581356619167340e-03
-1.922214905777620440e-03
1.627859426316955209e-03
2.691177914367614069e-03
-1.773699948816360441e-03
5.543596673049286903e-03
3.045902392824338667e-03
-8.007901334512228459e-04
9.525644503639910370e-04
2.994436941863257151e-03
-5.983116666979065423e-04
2.841261729833663430e-03
2.836966450696230130e-03
-5.514878995893906372e-04
5.467297080128634065e-03
3.235202028245220355e-03
-6.535763508277209373e-04
8.050985805552624691e-03
3.334062748278963147e-03
5.502227764111931006e-04
8.492415478640978751e-04
3.244814767738121285e-03
4.515344159209512347e-04
1.970006593340569660e-03
3.096280217903019279e-03
8.182407627659796364e-04
7.953299975273369488e-03
3.041031675087098231e-03
2.112477311001561935e-03
8.436029641085148563e-04
2.861413422610053874e-03
1.959526773293490069e-03
1.863145877187864959e-03
3.133921998147734620e-03
1.783663627712783880e-03
3.071960689388035255e-03
3.350961020660939062e-03
4.017966777447281451e-03
8.614954292458379750e-03
3.302928165528076603e-03
1.915788335560920713e-03
8.467795859148719365e-03
3.388655489541460286e-03
3.385191512726366207e-03
1.045644458213307879e-03
3.335444612642695598e-03
3.379020121952899976e-03
2.013153709792029136e-03
2.787130009959370644e-03
3.055709329299474177e-03
3.204602403205930421e-03
3.179914793866079042e-03
3.315806660729332927e-03
7.695910217260986362e-03
3.075031095134908403e-03
4.283084907825297077e-03
7.203373154935813856e-04
3.081109288791105891e-03
4.265044887727674310e-03
1.844847680364211304e-03
3.077883242041517479e-03
4.246883260001521089e-03
2.894252811584503097e-03
3.343478128615281174e-03
4.148436832485461780e-03
4.152613662291460700e-03
4.333693180935411192e-03
-4.412684350373901818e-03
3.966667785503688246e-03
4.486770517088360145e-03
-4.333187932341794543e-03
8.473274269587768165e-03
4.157784073108809243e-03
-3.312226540679074141e-03
9.545722440450274534e-04
4.234451179248145160e-03
-3.510568530266491676e-03
2.829659773235976977e-03
4.304455531430573592e-03
-3.429123534755022015e-03
7.479792666339073193e-03
4.322138247358457176e-03
-3.139242572139644676e-03
8.439081448678328184e-03
4.306055710141502499e-03
-2.018151257837461597e-03
7.110800682434909384e-04
4.337859936954441449e-03
-1.938101811303858746e-03
4.077617499854013609e-03
4.196475879740937942e-03
-1.935098722395073344e-03
7.575023934516039378e-03
4.335396842717359478e-03
-1.779135701837175230e-03
8.465247090976785529e-03
4.197926285926764298e-03
-8.949763478199006120e-04
8.342661233722093242e-04
3.909270055327313323e-03
-7.594762673707223816e-04
1.848065690874144433e-03
4.258340376202652579e-03
-6.313226933322852721e-04
2.991035824610807983e-03
4.258820999720834728e-03
-5.143198232808043760e-04
3.939747922382747826e-03
4.288890915037573554e-03
-5.552159771932750447e-04
7.635075507623244502e-03
4.313792430502207988e-03
-6.912517188830824425e-04
8.692345288193539105e-03
4.392853457390846067e-03
5.355199459280811239e-04
1.672323020690747375e-03
4.371329091093738642e-03
5.451749234168132242e-04
7.797101769284729526e-03
4.058037288361651847e-03
1.741053465307546401e-03
1.899522250712301673e-03
4.114230993189729214e-03
1.978355015932788293e-03
4.032252978210804951e-03
4.155820333140778158e-03
1.969895106613884107e-03
7.609683061004947520e-03
4.276463187073179309e-03
3.266864854038707341e-03
8.165502452347521900e-04
4.382494385116389099e-03
3.034289257396623890e-03
1.722512867365633788e-03
4.051124362236519991e-03
2.886262036831602120e-03
2.881606343099495093e-03
4.130928323438218773e-03
3.492529266403949541e-03
5.098626074283739082e-03
4.255884197985767246e-03
3.002934590527922207e-03
6.398793141684898898e-03
4.295857235489424115e-03
2.983672856884662765e-03
8.474421577490178284e-03
4.258449878085197524e-03
4.312452519303111402e-03
7.011969301139713701e-04
4.177111691347935342e-03
4.247113079690664934e-03
1.696399474664283700e-03
4.278409221847645667e-03
4.295802257248574479e-03
2.883366198413278916e-03
1.075589598262493857e-03
5.060063131251589519e-03
6.219557678880441136e-03
-3.953398799947082862e-03
5.158344176567082606e-03
7.624829994534541161e-03
-3.793639027198675295e-03
5.256848225015178094e-03
9.203619425647823968e-03
-3.068333882258530466e-03
5.098323811682883323e-03
6.693717156347955485e-03
1.894384103373606158e-03
-5.196312323169621078e-03
7.488263320425038276e-03
-2.454570284513649288e-03
5.192822554949960701e-03
8.168383917122616980e-03
-2.394649685943603997e-03
5.260078813856075043e-03
9.248178445073787848e-03
-1.542603038359153123e-03
5.032816206407757925e-03
5.821965144185925478e-03
-1.257202486080744031e-03
5.124701841845834965e-03
7.266673954296346341e-03
-1.076022157126911355e-03
5.198785276526870017e-03
8.275640117121875472e-03
-1.181255629896419291e-03
5.245264855767338419e-03
9.288285118022567705e-03
-8.018606442236915878e-04
5.128430068957419430e-03
4.186632953655997080e-03
1.025661974019281846e-04
5.106080137637018790e-03
7.085350491121151367e-03
2.587135703495397674e-05
5.196710662323781107e-03
8.278723049735830022e-03
1.071200018517911857e-04
5.251099154946465772e-03
9.294310916419858473e-03
6.247636747135492134e-04
5.187411437431888733e-03
2.979621499885026607e-03
1.450297703089818268e-03
5.160041535581502518e-03
3.832154373482151398e-03
3.326943296170645149e-04
5.150405212974326803e-03
3.820920805644851832e-03
1.393656085033616277e-03
5.146418842891653002e-03
7.246238338230930574e-03
1.384091278804069946e-03
5.208798496642266102e-03
8.189893918651641042e-03
1.284110222971379407e-03
5.273571698099478733e-03
9.281140276790488322e-03
1.118176942811531342e-03
5.039221231204480886e-03
5.261224411134571809e-03
1.889113516151394619e-03
5.203609805694972210e-03
2.511348559391352736e-03
6.834507427264706553e-04
4.230022652233583931e-03
3.196826772485530238e-03
2.640848488458161832e-03
5.157378378077607205e-03
3.775632999949166124e-03
2.583412400981228031e-03
5.088725465705309058e-03
4.884195538980779308e-03
2.440287680990668989e-03
5.073412791241191724e-03
6.014879388331971499e-03
2.618023482385496703e-03
5.146957441612051362e-03
7.041389739253381928e-03
2.737933098775403341e-03
5.222837208170415073e-03
8.208667975742113196e-03
2.704929570583102048e-03
5.270842586479437472e-03
9.244865171362855877e-03
3.913100123324682149e-03
5.150365358815006851e-03
1.360463189239586798e-03
2.671445976665643915e-03
5.160576891214175427e-03
1.465303014447690488e-03
3.900385566407526920e-03
5.175438689719969593e-03
2.514350492415358754e-03
3.913742524137657323e-03
5.150354113438984985e-03
3.654194313409656666e-03
3.845390535559865298e-03
5.125221256219282019e-03
4.773337556194837475e-03
3.838773842402415804e-03
5.098515290519180405e-03
5.882927542260363817e-03
3.887087122309425182e-03
5.148730565013924336e-03
6.989175575105486919e-03
4.040022026887951818e-03
5.232668967151409521e-03
8.207282607583422582e-03
4.000654198466208934e-03
5.277271768689559966e-03
9.189465214315507141e-03
5.107036703908466799e-03
5.131322772575769645e-03
1.341057173304627259e-03
5.162605737997651503e-03
5.161223944540776695e-03
2.507241566060051160e-03
5.152404987649348775e-03
5.145034632146921333e-03
3.659045240389412028e-03
5.180129322704226519e-03
5.143464040428747525e-03
6.936383989652424205e-03
-4.268000085734241847e-03
2.733072638812983866e-03
4.878262115525389998e-03
-1.921572717375943018e-03
-5.114357442380725732e-03
6.428143780772030240e-03
2.931877200563695694e-03
4.093895281579303450e-03
5.141885044117481922e-03
-2.957755422480576844e-03
5.075159571234931846e-03
5.120863427923926132e-03
-4.343622815737272977e-03
5.078888047534575387e-03
6.809475415925084684e-04
-2.457083697352750295e-03
5.149861516089156155e-03
1.416964969962956683e-03
-2.498543332538084080e-03
5.170337902535052446e-03
2.522390681967082854e-03
-3.146756908766317092e-03
5.142569580228017155e-03
3.669253521760427322e-03
-1.195230137251688130e-03
5.156967746145131072e-03
1.221719724545742430e-03
-1.159144326646142616e-03
5.175162194816528873e-03
2.503189267736956585e-03
2.427604671774987398e-04
5.202525130003002665e-03
1.693805947581723424e-03
1.347807055946748664e-03
5.190417276913096740e-03
1.367950500292363248e-03
5.136022588135358627e-03
1.695202733285761521e-04
7.252536758158800896e-03
5.110679194127136157e-03
-3.700185404443128226e-03
4.672759558345205427e-03
5.149303878332239445e-03
-3.787033153232652240e-03
5.746823865760031236e-03
5.149516093796289128e-03
-3.766201076849945515e-03
6.859537330913015492e-03
5.219516602943425655e-03
-3.796580536131562676e-03
8.040911553960188030e-03
5.293746848657162121e-03
-3.807547117315176772e-03
9.181034756744929984e-03
5.188295575704065035e-03
-3.217756193294118560e-03
1.855722586686358103e-03
5.160283116184330270e-03
-3.497537696330283580e-03
3.434756646574418319e-03
5.162434468214812007e-03
-2.358075714279369000e-03
3.743658559745989978e-03
5.090467824185979442e-03
-2.341774304266399428e-03
5.155017508362705683e-03
5.123316655130362440e-03
-2.408622465448693063e-03
7.040901721469081977e-03
5.210981832298231149e-03
-2.455815620983082745e-03
8.130014086458943814e-03
5.288283779698648920e-03
-2.507692173895334498e-03
9.258596910717323616e-03
5.177794792353349919e-03
-1.639027887048991050e-03
3.022001578788189972e-03
5.122817700530949217e-03
-1.161147121592479318e-03
7.087671202032759694e-03
5.206377144344340180e-03
-1.175455355957055878e-03
8.215967830774653299e-03
5.277422764371765031e-03
-1.208757461613600400e-03
9.310546133169381178e-03
5.133884726996268758e-03
-6.285569443254326871e-04
4.117544845982528713e-03
5.066655178962310019e-03
-6.315170040851753996e-04
4.778846114422831241e-03
5.053967280787190729e-03
-6.384641170518848318e-04
5.947964849927476517e-03
5.211364450769970409e-03
1.576384484753899737e-04
8.325312442271602664e-03
5.267597474517168345e-03
8.756289281360020405e-05
9.319816629537524405e-03
5.129655305473494915e-03
6.564311510155364108e-04
4.150277840724378962e-03
5.066302294237522326e-03
5.263836094698443350e-04
5.169103042038050537e-03
5.044314586327045338e-03
1.311994105339403570e-03
5.934636713471224886e-03
5.058721142927245090e-03
5.394193263547836584e-04
6.379713845237268595e-03
5.146097362359597707e-03
1.320141054492225772e-03
7.254359290732812979e-03
5.224565193492933940e-03
1.471965309824516512e-03
8.293251730298496771e-03
5.291114077580293291e-03
1.385178741706651106e-03
9.282369544072958945e-03
5.088988672270770321e-03
1.849476555633025338e-03
6.398605672577209122e-03
5.306948571220276509e-03
2.688798929094470685e-03
9.225577127130304977e-03
5.182512086132014077e-03
3.153599987331917598e-03
7.467923652623836492e-03
5.228294732466134270e-03
4.092156561118753463e-03
8.124950178279808158e-03
5.306522073805640567e-03
3.842381620111661421e-03
9.175343504111541440e-03
3.738437619458077118e-03
1.247591764883106873e-03
6.591703453998734412e-03
3.941536554965033821e-03
1.623120773030281528e-03
5.643555544352659055e-03
3.868455127163410688e-03
-1.867472650214296263e-03
5.632223722587908349e-03
1.848423404150624071e-03
3.468642529100241130e-03
4.702916600121186813e-03
-6.520612045653308240e-04
3.027388440218898875e-03
7.106658580840715007e-03
-2.978274837563706263e-03
-2.606205472548847168e-03
4.697713253768267747e-03
-3.946949252108337622e-03
-7.409799648889683205e-04
6.592415804921161748e-03
-3.941954986368946708e-03
7.005586278262511618e-04
6.597970015747162999e-03
-2.992285726540270998e-03
2.566733364876045906e-03
4.712142603779886224e-03
-5.101873867568707671e-03
-5.118273008146347752e-03
9.078171441923439363e-04
-5.008347039501510368e-03
-3.875200782949170426e-03
-7.365581962281745015e-06
-5.085637169828321168e-03
-4.243988891729968266e-03
6.700752936733815222e-04
-5.005723875748817331e-03
-3.062422123861748089e-03
-1.044501933270305871e-05
-5.134144415119151067e-03
-2.906270530759513023e-03
8.339373708651602862e-04
-5.014851686010703830e-03
-1.838152283741762089e-03
-7.978246081568534325e-06
-5.127973238737856820e-03
-1.311824473467378648e-03
4.000076191798997670e-03
-5.014203862768636978e-03
-6.133789689001755124e-04
-1.391898856127039617e-05
-5.209291839174288660e-03
-8.489716563772214692e-04
1.604512941502307753e-03
-5.178553588769604921e-03
-7.015255515874671511e-04
3.059452122640079347e-03
-5.012352414981622283e-03
6.155832322682423504e-04
-1.191932107938770930e-05
-5.211374283701689265e-03
5.302429802065805045e-04
1.827920866741572416e-03
-5.164117352578660898e-03
1.098506429949724006e-03
3.272707594819835013e-03
-5.113656812976164964e-03
4.334379882476039258e-04
4.083439803833765515e-03
-5.073571135338680177e-03
9.531075941956749096e-06
6.582794746464183319e-03
-5.013962290623577567e-03
1.835090493407789394e-03
-1.015375300242510177e-05
-5.187749658033562715e-03
1.807455853816312703e-03
1.592561172210252068e-03
-5.169338909208895556e-03
2.320700499070443585e-03
2.957434995482436605e-03
-5.105879224672160016e-03
2.195622795990465753e-03
4.386179028608635025e-03
-5.113899874825500978e-03
2.230035020307006080e-03
5.733886527441143383e-03
-5.126461873707808918e-03
2.364362644280527861e-03
6.858287041211136303e-03
-5.015145381220019460e-03
3.061464384128599874e-03
-1.236620714365129850e-05
-5.169128756125178359e-03
3.030662817920129568e-03
1.677639039907184845e-03
-5.119229347032848085e-03
3.284796334354918735e-03
4.013779878265099840e-03
-5.117562373836914529e-03
3.600754817628289139e-03
5.703258162572192799e-03
-5.198005260656863614e-03
3.638659934872259284e-03
7.728421764168650308e-03
-5.257709933594354769e-03
3.696617623039742326e-03
8.558278033836345944e-03
-5.079054098142962020e-03
4.347571923809048083e-03
6.769743350199523184e-04
-5.155816341560784562e-03
4.287849481667384624e-03
1.809448623734003642e-03
-5.165303332293799676e-03
3.956878167437314492e-03
3.113854229580494473e-03
-5.132021720597432050e-03
4.363832025290898496e-03
4.584717996778093531e-03
-5.252512986306983114e-03
4.385810079673230222e-03
8.409883585978272791e-03
-5.184566930858886327e-03
5.106398940787439979e-03
6.762783648188977828e-03
-5.243080897809284172e-03
5.174761408382360858e-03
7.946286837624964502e-03
-5.125962702590874769e-03
5.112630225588889535e-03
1.313456049699628699e-03
-5.173407610112064695e-03
5.159129650334093146e-03
2.307842266489192311e-03
-5.161543752735114898e-03
5.138083309347427768e-03
3.448660722711484501e-03
-5.137021595763365152e-03
5.106005280836419490e-03
4.575532065881944208e-03
-5.129565045412974589e-03
5.095187285483326368e-03
5.689721643149500685e-03
2.240827916949929971e-03
3.622348983929345179e-03
5.646943859560927398e-03
-3.055057541201439478e-03
-3.016713412276076853e-03
5.639688655523577600e-03
-3.737403180135226433e-03
-2.207754740511843825e-03
5.637163283528012422e-03
-4.699298242163407573e-03
3.844316622385257880e-03
9.232360283200659323e-03
-3.771314347225701753e-03
-1.938688780761074759e-03
9.341615346932603467e-03
-3.562504667094504394e-03
1.166620061563030655e-03
9.410793346298901643e-03
-3.620810954047691890e-03
2.613392212342288690e-03
9.366742322029121201e-03
-3.900986854160342233e-03
-3.645521779339788108e-03
9.242640047213085755e-03
-2.309529456062474079e-03
-2.553480805856834721e-03
9.367970768671586221e-03
-2.475907940112577043e-03
7.359280926287991675e-05
9.416233269914314405e-03
-2.559888888560003968e-03
3.955283029692927346e-03
9.327255414842154993e-03
-1.173175009468192982e-03
-1.200660084189741862e-03
9.439101378717144539e-03
-1.007813510948907514e-03
1.623161627747915525e-04
9.445796982535044004e-03
-1.167076943466623367e-03
1.345759068298483163e-03
9.441211021966244496e-03
-1.224531349495791522e-03
2.829844502431706245e-03
9.425977524537960256e-03
-1.156476976541123171e-03
4.315901906317004544e-03
9.351937882070528868e-03
2.035659252204245057e-04
-1.196191320803234522e-04
9.460499967267678098e-03
5.945503385683785784e-05
1.290013276752477716e-03
9.464555032219188618e-03
-6.739878053749873729e-05
2.736315948071522779e-03
9.433343285669021708e-03
1.150746974811624694e-04
4.496808190461681724e-03
9.349151967276467246e-03
1.455061230466823908e-03
1.329379354255504379e-03
9.433823111138226261e-03
1.405392371394952652e-03
3.212182974193006271e-03
9.376724968844870126e-03
2.659362954242716279e-03
4.246707438081575095e-03
9.292183751680468604e-03
3.248654354323058432e-03
2.694173875866652870e-03
9.351496783203920929e-03
4.155875456241665822e-03
4.081760492372543160e-03
9.240267378531891521e-03
-3.380830268254250443e-03
2.597044993759889224e-03
5.657236974900037817e-03
1.354870820643463763e-03
2.791134659304961557e-03
7.108478138548277557e-03
2.050776322369878436e-03
3.355992442586008557e-03
6.596936925522441965e-03
3.038882498999940888e-03
-7.288911629612647739e-04
4.202024337098922077e-03
1.860081143215466587e-03
-3.500916235652454332e-03
6.579623709493014408e-03
7.068041592577373189e-04
-5.080596545618158884e-03
5.433909214709599714e-03
-4.285464032573321758e-03
-5.007090599699133733e-03
-4.413941990472979237e-06
-4.393722365496540230e-03
-5.145297253599120935e-03
1.133444061093658289e-03
-3.063427338249011343e-03
-5.010223553848505533e-03
-8.824838392483120612e-06
-1.836311937784749571e-03
-5.013439665852394665e-03
-8.397394496815749267e-06
-1.783994509263964884e-03
-5.128664057948309138e-03
8.048523831441539884e-04
-2.083824487485346107e-03
-5.200217257406489386e-03
1.767605930830456768e-03
-1.875113666243314074e-03
-5.164617978062955098e-03
3.426298359085600594e-03
-6.117827557279974932e-04
-5.010966308564908378e-03
-7.536201773842281434e-06
-3.705760382599458951e-04
-5.153126412923430752e-03
9.146597797532170313e-04
-6.329402257758265501e-04
-5.195363549776016096e-03
1.814635730916167207e-03
-6.229727571744472303e-04
-5.182205792975119220e-03
2.960453579386829355e-03
7.754132354763513873e-04
-5.011299038800306159e-03
-8.379158173699001195e-06
6.072604100668388665e-04
-5.130400752433466466e-03
6.488140222549688627e-04
5.651934430152448985e-04
-5.204915986041170652e-03
2.097206991810795715e-03
2.011160676450836435e-03
-5.009566830908100156e-03
-9.009149320211095894e-06
2.122367944275639021e-03
-5.153368058128979246e-03
1.001744216598935344e-03
1.888489449973635532e-03
-5.197831318402896909e-03
1.803227085946500696e-03
1.819205158159262984e-03
-5.200238992376639453e-03
2.989472152111474421e-03
1.852695036115289268e-03
-5.108646644013546158e-03
4.575025307117505831e-03
1.872882888256121410e-03
-5.116952625791317336e-03
6.380453886233569509e-03
3.568514280378994822e-03
-5.012550335729525942e-03
-1.452589395872646587e-05
3.098103155541942228e-03
-5.184083120542792682e-03
1.708079090838131656e-03
3.152664306393593557e-03
-5.185944321181564474e-03
2.974703673047908621e-03
3.126592027843828892e-03
-5.124932685364689926e-03
4.580904758330868812e-03
3.134127024899977486e-03
-5.104942269473319860e-03
6.348668779369493441e-03
4.304603426448407565e-03
-5.180547723308451084e-03
1.644090891542962247e-03
4.148580980768398589e-03
-5.180107721453637917e-03
2.748117049249014596e-03
4.174239001198887071e-03
-5.154472668944811223e-03
3.802548173906369119e-03
4.109698417082158044e-03
-5.125328631976311736e-03
4.925943766014549870e-03
4.281009261377879092e-03
-5.200271953346984055e-03
7.288896787443406924e-03
3.961040127189159252e-03
-5.261095001413441767e-03
8.175544603314596065e-03
5.135441604625597123e-03
-5.160236997574126072e-03
1.316517190334782561e-03
5.156737635024709679e-03
-5.175788868411155229e-03
2.281776376696981450e-03
5.156634924655012497e-03
-5.147388354334286008e-03
3.635481034578641468e-03
5.140796214135232543e-03
-5.131674133173807183e-03
4.565906919326930338e-03
5.138594120936997196e-03
-5.154198645599504004e-03
5.670934224345757987e-03
5.201394736448832282e-03
-5.156180283189613044e-03
6.875177185371008151e-03
5.228756785483251561e-03
-5.239958362631538802e-03
7.812973265299741343e-03
3.750332734356727222e-03
1.217900329223432212e-03
4.700716217162816124e-03
-6.230875349679041017e-04
3.881634537756786709e-03
6.600477111038254539e-03
-2.069179956213722769e-03
-5.086911035883497079e-03
5.093759064839825136e-03
-5.160044988756836738e-03
-5.189513428689312112e-03
2.302438990857179259e-03
-5.147081411499495468e-03
-5.160964392027474375e-03
3.513050764819508273e-03
-5.108231300531206227e-03
-5.155850252609901763e-03
4.572281481656353778e-03
-5.132895449439362628e-03
-5.163597749558722187e-03
5.652869881591905850e-03
-5.168023649886261013e-03
-5.205277245543437487e-03
6.729242409970705684e-03
-5.241350998163196717e-03
-5.267748488605572717e-03
7.808965056150367519e-03
-3.205196086718188619e-03
-5.195046491213183015e-03
2.099322047696390494e-03
-4.422725791381333475e-03
-5.184235303410605379e-03
2.973722667838398556e-03
-4.177939385067172898e-03
-5.132426492062560665e-03
5.207942133465670066e-03
-4.454369810602841484e-03
-5.242450879818234821e-03
7.394264250869112161e-03
-3.125951657303027622e-03
-5.135529786059803842e-03
4.095673775693057725e-03
-3.176377442925027578e-03
-5.135212657886475442e-03
6.168352391257797204e-03
-3.145220747067481015e-03
-5.301335994119467203e-03
8.415472286613627159e-03
-1.925841525788500597e-03
-5.241235153126426807e-03
7.806115843523963108e-03
-6.021662847403351591e-04
-5.071872550487489632e-03
5.259823722318222872e-03
-1.045730337164644651e-04
-5.132017891382102681e-03
6.870634905349141605e-03
-7.824409536591411547e-04
-5.213276587906828449e-03
7.701010106202456872e-03
6.860288790537526259e-04
-5.216805634577339167e-03
7.895096944292953611e-03
1.666045683776652816e-03
-5.272741959076021785e-03
8.510351248094129642e-03
-6.239029793864566634e-04
3.879957656928736953e-03
4.704757654454759866e-03
-1.367385709856215083e-03
4.077650028499377709e-03
5.654804130483028282e-03
-6.174023217895395358e-04
-3.920042193390036941e-03
4.695575388820368706e-03
-7.814888293038551844e-04
-4.211160836544928197e-03
5.638558911833183723e-03
-4.049977583101249320e-03
-3.738804226167418646e-03
-1.409018484386129907e-05
-4.288473739985611093e-03
-1.840546645522395932e-03
-1.092454096344656997e-05
-3.781239949084237023e-03
6.108577731484998892e-04
-1.994762386246898243e-05
-4.052477396035552085e-03
1.611367497554835925e-03
-1.475669424030208071e-05
-3.886358161506479978e-03
3.131776738126022721e-03
-1.550022430061442913e-05
-2.953386353936376853e-03
-2.192025183497407596e-03
-2.517296662142624492e-05
-3.065908474779487428e-03
-6.138341714496415441e-04
-2.458891082568781018e-05
-2.473527234925173169e-03
3.856907466060783955e-04
-2.232939642988749200e-05
-2.496431122420848109e-03
1.862390791907675728e-03
-3.027322069918782015e-05
-2.555572842626453733e-03
3.066970733837915807e-03
-1.205757557628454536e-05
-3.220170126953907953e-03
3.944302919464007760e-03
-8.037536149783516771e-06
-1.766453411572821474e-03
-8.847166277685811686e-04
-2.580542480368012146e-05
-1.029189660430009741e-03
5.750051798595513667e-04
-1.771764870034138863e-05
-1.783294606806920621e-03
3.990886387262676700e-03
-1.202377289578013557e-05
4.738743324622997658e-04
-6.498941479063173295e-04
-1.782393343835311035e-05
-1.713995570569663135e-04
2.183685321723482695e-04
-1.759381972974725236e-05
-6.193465859365064564e-04
1.840661994977088947e-03
-2.907322951013690621e-05
-7.948426594463098727e-04
3.261279387559476006e-03
-2.232034797479230461e-05
1.256351763307379278e-03
8.649254752728428950e-04
-1.905146991856371819e-05
4.699966948286523282e-04
1.575355193696123665e-03
-2.908810724826831404e-05
6.167689063087835157e-04
3.075263887584489802e-03
-1.876910224911513254e-05
2.156428069456130248e-03
3.103967227443588280e-03
-1.359321932920272194e-05
2.576389928027169110e-03
4.210286198080039934e-03
-8.554687084985506494e-06
3.734421304691234404e-03
4.110329713895122944e-03
-1.269369849094469536e-05
2.344839053705275508e-03
5.010615616933950488e-03
-7.706121454802902432e-06
3.481220692093204075e-03
5.006506780664968410e-03
-1.133906899847314326e-05
-3.571261985950847061e-03
5.015042303425759282e-03
-8.383944126087430399e-06
-2.550255357038022815e-03
5.010749136607866618e-03
-1.349843322040098119e-05
-1.331204519099043809e-03
5.009864779631354424e-03
-1.037284828326993664e-05
-1.027173897552414674e-04
5.011761294270727571e-03
-1.913738032267397852e-05
1.477215822261711015e-03
5.010313913200708374e-03
-1.793470518748102225e-05
-4.271579920476235338e-03
-4.329584656930048807e-04
5.647690606359982539e-03
-2.491707920337963948e-03
-1.886561745480113328e-03
7.098189598624226986e-03
-2.476092921683395887e-03
-4.100716236313164259e-03
9.284266002255374059e-03
-1.026079409251762957e-03
-3.820461728512141927e-03
9.349345866059939267e-03
-1.152156994074555628e-03
-2.533385903326676458e-03
9.397816795142241789e-03
1.136315480090682560e-04
-2.247691153008812663e-03
9.421828944715297458e-03
9.258826055481739377e-04
-4.102209920541048660e-03
9.338034422797746731e-03
1.397294340869411570e-03
-2.510161476496083378e-03
9.407367615051422799e-03
1.401153730871886700e-03
-1.208374050880699300e-03
9.432928894710569667e-03
1.415118298447208068e-03
1.719047156417298895e-04
9.438189431454420408e-03
2.713765209763000300e-03
-3.800175146239155154e-03
9.306882584841502312e-03
2.746065671318972858e-03
-2.523824822690503861e-03
9.380219353384769768e-03
2.837031572543327260e-03
-1.127292452602852123e-03
9.429551779081252194e-03
2.608386748031865481e-03
1.323002399979846108e-04
9.435835431627530648e-03
2.988111175026476277e-03
1.418361377752605165e-03
9.396122894349316634e-03
4.053700001099016202e-03
-3.926529568338086446e-03
9.238592584851365586e-03
4.125116517675742403e-03
1.301855654516114792e-04
9.379573475121345469e-03
4.044606270373545670e-03
-2.683151318918398573e-03
9.313352941962645473e-03
4.216756873636933953e-03
-1.288380718251019201e-03
9.356743706930879118e-03
4.238964168719603839e-03
1.404515001525111478e-03
9.353104385101928750e-03
-4.324632588812723534e-03
-5.352802030641922414e-03
9.127666128684047350e-03
-2.941609039447956597e-03
-5.344293749685463842e-03
9.185364638571643162e-03
-1.946910319887723778e-03
-5.337048303797393110e-03
9.226512651895998202e-03
-6.437867332605609182e-04
-5.325389923595876679e-03
9.267052570872706327e-03
1.031057031233980400e-03
-5.316723188530230251e-03
9.241714030236219610e-03
1.954413060833996157e-03
-5.326251794903234110e-03
9.218478328550211778e-03
3.248715337714151025e-03
-5.333722874967965211e-03
9.187457722018623277e-03
3.077394432679670094e-03
6.248097583361893496e-04
7.097356085388172205e-03
-2.994244357560835613e-03
2.567680135247308280e-03
6.598694877324879846e-03
1.812095473619830966e-03
-3.902832152531654584e-03
5.629325859761213739e-03
-5.064486950786895383e-03
-1.011275191649556966e-03
6.111699431466144014e-03
-5.150523260623228461e-03
-4.487535747582811589e-03
1.486270714805410214e-03
-5.183283622805652871e-03
-3.560924760003161132e-03
2.031862505874967948e-03
-5.093319742201069499e-03
-4.401852791138941186e-03
5.227510752630545876e-03
-5.130809451722064332e-03
-4.420122264863095285e-03
6.317658571708087423e-03
-5.222799261193311095e-03
-4.131206328438976651e-03
7.480165103158328659e-03
-5.268339287668660081e-03
-3.829869984915835589e-03
8.344241393333595366e-03
-5.177475762721243761e-03
-2.284743207530615626e-03
3.175321063641704800e-03
-5.129578483008323531e-03
-3.568269821807217978e-03
4.158460561762110028e-03
-5.106918871954416010e-03
-3.144512750579920180e-03
5.260317399186534119e-03
-5.120751206895327035e-03
-3.165586125429481219e-03
6.410369331302431632e-03
-5.228974900281302580e-03
-2.836484475000012207e-03
7.728910106729372162e-03
-5.064312401932891984e-03
-1.856229809628467389e-03
5.407629114570810039e-03
-5.141518063424526351e-03
-1.719830711680044640e-03
6.849973231009509785e-03
-5.053395952256609092e-03
2.373430675851880640e-04
5.312046896197502449e-03
-5.250603634406127845e-03
-1.477852163739523878e-04
8.664373033240281574e-03
-5.108685089220219716e-03
1.120369814125618882e-03
6.634393964409213661e-03
-5.174050003117231650e-03
3.480765102316348892e-04
7.615467540046250670e-03
-5.206605655751443164e-03
1.721865934208899416e-03
8.115996750793089479e-03
-5.302317744088830449e-03
-2.535127262325690117e-03
9.222213824900944365e-03
-5.293353695263488048e-03
-1.459715304500034880e-03
9.275354178445377809e-03
-5.302077905337558919e-03
1.162352779174319860e-03
9.293197102046801134e-03
-5.294451452117862611e-03
2.454731270962967268e-03
9.257868918744433656e-03
-5.303324784147453452e-03
3.736881124532470330e-03
9.194065771984009233e-03
-5.302915260780040850e-03
4.352796952932579122e-03
9.169049292927042294e-03
3.075074808953000196e-03
-6.545230673499046869e-04
7.094778472743493158e-03
-2.467470531293456532e-03
1.890237393627309040e-03
7.105274488210286399e-03
3.078758471339604948e-03
5.982566197124335227e-04
4.204524384682510954e-03
-6.210136654120605336e-04
-2.086452851039475361e-03
4.379608414820608531e-03
3.749292476776402636e-03
-1.236195234382992444e-03
4.692918598820943268e-03
-3.096568493017305430e-03
-2.467354021310780993e-03
6.588399774691854928e-03
-3.061946871457940818e-03
-4.288735974233058058e-03
-1.362038533277468428e-05
-2.843595631529654503e-03
-3.440942361356684378e-03
-1.597161459971140160e-05
-1.838278335574913824e-03
-4.288156288706734300e-03
-9.250953387584741176e-06
-6.147474164030527870e-04
-4.289557189777166470e-03
-9.304530203442291805e-06
-6.143829193131563216e-04
-3.065729634762868680e-03
-3.974734206503224843e-05
-3.933793101909059632e-04
-9.922888766923363725e-04
-2.174648922045540085e-05
6.135028620697582794e-04
-4.288873815918595178e-03
-1.401526950708058832e-05
3.424953307292839724e-04
-3.253429411447980677e-03
-1.278008944878199065e-05
6.172433617451565744e-04
-1.841622965284722170e-03
-1.658296771773809771e-05
1.315551981424044987e-03
-3.623815481132983997e-05
-1.210745032621642552e-05
1.838733141471213814e-03
-4.287246491028349690e-03
-9.652267509016887809e-06
1.840434769270371529e-03
-3.067842746344474382e-03
-3.002398278832001143e-05
1.922913630206300826e-03
-1.105605345668859377e-03
-3.164194755049448612e-05
2.514271880134457716e-03
2.864032779550718978e-04
-1.780701388884097192e-05
2.127039684459635510e-03
1.772679586974831249e-03
-2.250298315204412304e-05
3.061692214290124246e-03
-4.289104319423616210e-03
-1.251847362087933974e-05
3.574412939824959078e-03
-3.063165322652243536e-03
-1.821609261259943659e-05
3.190955827484413549e-03
-1.753210234417504343e-03
-1.703366566349502948e-05
3.575519371362008512e-03
6.122124006274641452e-04
-1.622104057677181728e-05
3.216877330070222387e-03
1.538069796403076931e-03
-1.111999100598370905e-05
3.289438147986041821e-03
2.689323600950147691e-03
-1.574517230115101394e-05
4.381170900868565712e-03
-3.945604459132429249e-03
-6.350267691238375196e-06
3.855027751428059552e-03
-4.352431625982597601e-04
-1.401740557385329467e-05
4.170740428761479483e-03
1.903812982879472425e-03
-6.178048870468756086e-06
-8.212923640021365344e-04
-3.879721676675991753e-03
6.583849047265449492e-03
3.611758982735082182e-03
-1.637334763917767640e-03
6.582888902101460653e-03
5.186421955114199622e-03
-1.152276259822418610e-03
1.348372417675087250e-03
5.212160381694113352e-03
1.217133960107577063e-04
2.500453774109707896e-03
5.135975917480314901e-03
6.562154540952333439e-04
8.388917647110215314e-04
5.136392303068428901e-03
1.772601887729167904e-03
1.469730291491902268e-03
5.187644834043809647e-03
1.399846820908266657e-03
2.726173111302201968e-03
5.183278399226790879e-03
2.651959099065073593e-03
2.494858372103389739e-03
5.136082858532781473e-03
2.217595637000377515e-03
3.613626806767316138e-03
5.077539213079483582e-03
2.234659401605235563e-03
5.089126925707228126e-03
5.117705362794914940e-03
3.108857952414929501e-03
9.999184034818510425e-04
5.169559145289817290e-03
3.962680908688026409e-03
2.536066059809428692e-03
5.131639493780422272e-03
3.748732089293141737e-03
4.180979360048358781e-03
5.130162397425326766e-03
4.406309418757093851e-03
1.359051581581471359e-03
5.105220472094405826e-03
4.093322180643648410e-03
5.787441731535419853e-03
5.122291350196876009e-03
5.122736876365419599e-03
5.115018264897352139e-03
5.240976112529718671e-03
5.241901519412725703e-03
8.345927052478305935e-03
5.013258493087854005e-03
-2.702406391913094504e-03
-1.265423438975435148e-05
5.010502306748701971e-03
-1.839693865805960447e-03
-1.959298558615695296e-05
5.012692456986041038e-03
-5.299731775637872306e-04
-1.160347908741830892e-05
5.010097167628528927e-03
9.746092146364846711e-04
-1.871265405458392671e-05
5.016209121469366455e-03
2.093434975057434453e-03
-1.175341616805957880e-05
5.009895400302289033e-03
3.424653016271833432e-03
-1.633368669153052648e-05
-7.003374788339963115e-04
-3.045047223796811323e-03
4.202226450318328511e-03
1.301333704969875665e-03
-2.846039902779011997e-03
4.195655052283178178e-03
