-5.003024596611027955e-03
-5.002095797592760740e-03
-2.544369860352472519e-06
-5.002270021257537898e-03
-5.001272104366097544e-03
1.000238309912450906e-02
-5.003040541699912622e-03
5.002216074167806746e-03
-2.980964143498042641e-06
-5.001486669582692543e-03
5.001756640197917679e-03
1.000157247075499425e-02
-4.253234672769078996e-03
-1.542362938783254939e-03
6.000956307187504599e-03
-4.254998667191736174e-03
1.539647095256407036e-03
6.002256421362709565e-03
-3.924903457844520528e-03
-1.422507175850741025e-03
5.032212472880039263e-03
-3.923715666606685144e-03
-1.422587519595117046e-03
6.970181475343385086e-03
-3.925506028496133018e-03
1.421423567404026759e-03
5.034524013941905213e-03
-3.923255063678513475e-03
1.420484455366325663e-03
6.970141830610228177e-03
-3.095087831916556315e-03
-1.118385235717736514e-03
4.517800085327997039e-03
-3.089502940129146020e-03
-1.117960940514123921e-03
7.482550484126155102e-03
-3.095669958414501519e-03
1.117680274148265740e-03
4.519126120280742877e-03
-3.090405214717367646e-03
1.116524648547273426e-03
7.482803260359887840e-03
-2.301997977846140502e-03
-3.915679685297455970e-03
6.003344610299343048e-03
-2.303065927882479158e-03
3.914258219717041756e-03
6.001591695652870942e-03
-2.151641930831142344e-03
-7.733061785497394184e-04
4.695040185638540281e-03
-2.146102742463123093e-03
-7.720077482387698899e-04
7.301280924069232861e-03
-2.152272319948284659e-03
7.734629199306509040e-04
4.694696596784198386e-03
-2.146955385600798558e-03
7.721050125448641627e-04
7.301659917944904390e-03
-2.130853322190364493e-03
-3.612483906073146733e-03
5.034868580085213007e-03
-2.122373517794185014e-03
-3.609064113741022612e-03
6.969377869623192591e-03
-2.131940934708797478e-03
3.611014145984448986e-03
5.033384037056698110e-03
-2.124790864887242652e-03
3.607642780999735684e-03
6.968531986938426848e-03
-1.686690005899096987e-03
-2.840857791824249849e-03
4.515719792143020953e-03
-1.676781513913385823e-03
-2.838242066769074146e-03
7.481853896593043847e-03
-1.689146367890760484e-03
2.841054157217736201e-03
4.515376647599705397e-03
-1.678517015670778073e-03
2.836649679544470289e-03
7.480511815045137736e-03
-1.537728805645570147e-03
-5.463831315237329886e-04
5.482435492860733908e-03
-1.534580713075517052e-03
-5.468839623105089089e-04
6.511111566123863915e-03
-1.537122673902349430e-03
5.475055816369719811e-04
5.482010124220471417e-03
-1.534019864925827321e-03
5.463635001561824344e-04
6.510963380379030177e-03
-1.182365000175984553e-03
-1.961154618722996557e-03
4.691343582639181421e-03
-1.173392048580482617e-03
-1.960828127567188547e-03
7.300412214748870643e-03
-1.183408085322556688e-03
1.962650531946595091e-03
4.690390045532067710e-03
-1.173214482654603898e-03
1.960342499412513415e-03
7.301022433197206299e-03
-8.498326486210376488e-04
-1.385865855295928930e-03
5.479660606494557613e-03
-8.473418673846557902e-04
-1.386663289225761831e-03
6.508879024761804986e-03
-8.505609516368231506e-04
1.387314157896233583e-03
5.478567511999943469e-03
-8.458581724162571661e-04
1.386349808649199296e-03
6.509903517085970440e-03
2.048301746448656559e-04
-1.579532644830592596e-03
5.472468235327091444e-03
2.108220243692851764e-04
-1.578532330181832725e-03
6.503855664980541344e-03
2.065511231103030611e-04
1.580480188908870093e-03
5.473067377875237907e-03
2.117369812326129507e-04
1.577708712672123287e-03
6.503523987673473158e-03
3.144899765290544956e-04
-2.233416621366264218e-03
4.683342221825688954e-03
3.297900528579683806e-04
-2.230097210201980283e-03
7.293120383475377479e-03
3.156283947271864101e-04
2.234833905501307488e-03
4.683936130988150537e-03
3.267898738703131525e-04
2.231687910146787791e-03
7.292428735588156463e-03
4.876322698854842911e-04
-3.232273425117174453e-03
4.505005750125880108e-03
5.022267173496828413e-04
-3.229343054901461386e-03
7.470479364856975717e-03
4.871009310930545671e-04
3.234279188522093829e-03
4.506470577856010705e-03
5.013696115699179615e-04
3.229222745514153791e-03
7.471054328267190750e-03
6.431408985806126404e-04
-4.109499065891239478e-03
5.021046671779861269e-03
6.529425830553693905e-04
-4.106585203827332019e-03
6.954906505914535374e-03
6.422812062846439607e-04
4.110588249480039147e-03
5.022729432225643380e-03
6.514983316914248982e-04
4.108414768543592818e-03
6.956420951246173462e-03
7.105143551918397882e-04
-4.452816302121018373e-03
5.987719154409712301e-03
7.076358325363838776e-04
4.456081056298669477e-03
5.989937443370785264e-03
1.133234909497901578e-03
-1.029604625622808486e-03
5.466624725895622046e-03
1.138903665310823715e-03
-1.028360959840242091e-03
6.495443724921501349e-03
1.132914664973946623e-03
1.028508004294231663e-03
5.466517378556442867e-03
1.137364484614577934e-03
1.026362944561212296e-03
6.495453137400007161e-03
1.497388533824008756e-03
8.122684701766247086e-09
5.463452352159395113e-03
1.502813063905983999e-03
-5.033358450571154531e-07
6.490556347584897252e-03
1.629022376352515060e-03
-1.454495826871466139e-03
4.675098906886395768e-03
1.647528018871461135e-03
-1.452194591810976928e-03
7.281128521004296555e-03
1.628593050052557379e-03
1.455209617297743580e-03
4.675142631294144750e-03
1.643860622192912452e-03
1.452032361311798424e-03
7.282105785835582892e-03
2.145864211660600870e-03
1.506388497007490503e-06
4.672460078018743183e-03
2.161913530412403785e-03
9.244010607045980039e-08
7.275257726745789667e-03
2.397685058999933071e-03
-2.104736239233552086e-03
4.492270997766082026e-03
2.417688180833409313e-03
-2.102598981943420899e-03
7.455866012201413720e-03
2.396189704001875417e-03
2.105816145760334730e-03
4.490622454624153097e-03
2.414603971519815526e-03
2.102327329285118892e-03
7.457251199284560018e-03
3.078427393975870490e-03
-2.677645151451407170e-03
5.001241985727600259e-03
3.091356334387858514e-03
-2.675224401809900374e-03
6.939195135747002613e-03
3.075201559435094666e-03
2.678236120332300619e-03
5.001553626632617919e-03
3.086905613531470451e-03
2.676042312801359038e-03
6.938604683618558588e-03
3.146846558378957239e-03
1.177941463256546942e-06
4.483865607072225895e-03
3.167324355244740316e-03
6.827375298744800118e-07
7.449514322400276577e-03
3.354122188970571575e-03
-2.901525105038920554e-03
5.968547326953168794e-03
3.352906232658688437e-03
2.902819948010590227e-03
5.969105566184790615e-03
4.035706017818188780e-03
1.142019727096803287e-06
4.991900288205926642e-03
4.049789936437883653e-03
7.253659421824070494e-07
6.928617909343234155e-03
4.392621721911913260e-03
9.183660452598307817e-07
5.957923767980167692e-03
4.644641034789162570e-03
-5.104119460178298089e-03
-1.671673981020082753e-04
4.751741285987828335e-03
-5.084300980112332370e-03
1.004549309803487618e-02
4.651450611631652125e-03
5.097256038530711270e-03
-1.645834062874747933e-04
4.760353247528954952e-03
5.078310051226509955e-03
1.004298070389614446e-02
-8.889539459167064518e-04
-3.553808172952972137e-03
2.510606041527704314e-03
5.160495433357192765e-04
-1.157056207494953784e-03
4.186762266106441692e-03
-3.788397276293287499e-03
-3.867216004956288995e-03
5.430286703245823868e-03
3.972749510362101784e-03
4.571565694562874753e-04
3.474914021770918789e-03
1.207097886878617495e-03
-4.969507513359740312e-04
3.186992547675217280e-03
-4.619295811184623529e-04
5.024215240147745717e-03
5.853431008919761716e-03
-3.957619026553480662e-03
-2.053403118408948314e-04
1.001877825232664297e-02
4.344806858408389828e-04
-5.044944993778193408e-03
3.976746015108723054e-03
-1.312161041267658618e-03
-4.556346592241399657e-04
1.232590997161515023e-03
-4.946605096740804572e-04
-1.376256799696950551e-03
1.080857892875100633e-03
1.753454962115761403e-03
-3.660429141941395903e-03
8.614000544757216896e-03
3.376474150682787397e-03
-2.776728624988196188e-03
8.382051840354395184e-03
3.355802464940609627e-03
-1.456886798520580723e-03
3.767218092612729680e-03
-1.596647192187659100e-03
-1.445173344126971177e-03
1.926643373647336181e-03
-1.223612795269082149e-03
3.819174461199662494e-03
1.649488071358867335e-03
-1.777052254564513885e-03
1.001461517709539449e-03
1.962363177110280389e-03
4.534952339738564510e-04
-1.459926936348757056e-03
8.827872809802864151e-03
-1.558980836687353419e-04
3.721161761692754182e-03
1.769378844100261529e-03
2.204653727077447777e-04
-2.103549636820613300e-03
1.400092882253400894e-03
2.507179967248212519e-03
3.642015069682715944e-04
3.094190718998760404e-03
3.793237535462438796e-03
1.467025176696110057e-03
2.983193894455511263e-03
6.150054722034086017e-04
-3.358870064738346973e-03
5.797093099186321173e-03
-4.155073750012496132e-03
-4.119374484432015635e-03
1.674182944933717398e-03
-7.162433591277923709e-04
2.815165148012729792e-03
6.413480620454106544e-03
-3.807283352097724956e-03
-4.147061996074049260e-03
6.836584649027277819e-03
-4.302373922590601099e-03
-4.256044691985913508e-03
8.005456410494150160e-03
-4.309157503820335369e-03
-4.208823070303006897e-03
9.004344575150311988e-03
-3.983587271409377850e-03
-3.160274038352325031e-03
8.067186804954602167e-04
-4.259811873709750014e-03
-2.912307342865211313e-03
1.739816539379027485e-03
-3.681717158924298784e-03
-2.802821754914031505e-03
3.319640846071769940e-03
1.807880542758435842e-03
3.929033622397930248e-03
8.160435438607992545e-03
-4.066730301133561834e-03
-3.025672099404361128e-03
6.683200730696581618e-03
-4.149859087121990711e-03
-3.318160170624497723e-03
8.236644867367644285e-03
-2.846318808943585753e-03
9.332366930355612787e-04
6.079124712940886868e-03
-4.179583632439570068e-03
-1.720876612408676161e-03
1.114553130141559319e-03
1.788946283927871691e-03
-2.103849858701287243e-03
5.334876325234598482e-03
-3.961195412240769119e-03
-1.861345454461533870e-03
8.093240268038265003e-03
-4.166931876105547938e-03
-5.239873405520499485e-04
1.028214024484506821e-03
1.860533846687107730e-03
-3.394465304882977527e-03
5.010285234988026172e-03
-3.109028682821679199e-03
4.029258238315776806e-03
8.909696778667921743e-03
-4.211824430013329928e-03
-7.182982992928685102e-04
7.826481023027938647e-03
9.516438159217968781e-04
2.969081978582762717e-03
5.830310974043002512e-03
-4.126581161571018543e-03
7.813748260611839101e-04
9.047447316743030370e-04
-3.808438853546513778e-03
4.317480906697121631e-04
2.939917711892006073e-03
-4.047499237010852326e-03
5.968489607813435649e-04
7.954461065398014605e-03
-4.292157136964981461e-03
2.026305848231004913e-03
8.809930871763210119e-04
3.646041534421672102e-04
-7.080774349191398161e-06
7.032061170370207566e-03
4.674425602234311312e-03
-4.065712600182186040e-03
7.599983320795277320e-04
-3.587430499887344585e-03
5.040288155134888849e-03
2.258739962480781766e-03
-4.002903798905745741e-03
2.897272267902195001e-03
1.572763023793461801e-03
-4.143984492020604676e-03
2.952619580844053921e-03
2.984628864840060698e-03
-4.160454252403751607e-03
3.118614892955239720e-03
9.198143237191565638e-03
-4.041289342534304732e-03
4.085051283929734024e-03
2.698733532897559448e-03
-3.949428745700818422e-03
4.102603039793734085e-03
4.222571241985132937e-03
-3.836367028521186530e-03
3.973555299125957653e-03
5.596261590059050176e-03
-4.079698047441931985e-03
3.925097691608393606e-03
7.291951454185000014e-03
-3.063216740865633281e-03
-4.135368755535157384e-03
9.552079292090283162e-04
-2.755654725723745164e-03
-4.107322812711891764e-03
2.137561347063419298e-03
-3.054938698085017841e-03
-4.004022228642872307e-03
3.180616907056274967e-03
-3.012665056876119140e-03
-4.167635888326701524e-03
7.842243558458363364e-03
-1.091227022539632005e-03
-2.006451060118641209e-03
8.663264298677397432e-03
-3.095662543267335958e-03
-3.149141437215910878e-03
1.889183426418890007e-03
-3.045964924617777271e-03
-2.912616271497281504e-03
8.191095237879872717e-03
-8.976449566734549324e-04
3.055612042393376221e-03
2.702613870608927375e-03
-3.063024479309941692e-03
-2.148424486409152446e-03
9.194648433864708410e-04
-3.069440796918777165e-03
-1.926379190384176505e-03
2.050797323408886080e-03
-2.938476027793124768e-03
-7.461625962710298141e-04
8.234128831220002614e-04
-3.400313921470398543e-03
-7.727057248931325489e-04
1.874727673323769214e-03
-3.081030065228868541e-03
-8.372777005332605101e-04
3.183901477345138075e-03
-3.101442905687474497e-03
-8.441513876255038679e-04
9.017602986455925188e-03
-3.143525991832223001e-03
6.060782359572689350e-04
7.323352682589640613e-04
-2.994904388516417444e-03
5.028131639695349563e-04
1.765390627948147835e-03
-3.243192190694769647e-03
2.811393728259932424e-04
8.777563131586209322e-03
-3.148121303301820977e-03
2.122493120049855943e-03
8.943371091049028866e-04
-3.089255775962703333e-03
1.891441385703647622e-03
2.006994577120434567e-03
-3.523147387281081247e-03
1.786266559352166911e-03
3.268374792705088308e-03
-2.794213002824452296e-03
1.943992749721772367e-03
5.877103815472886975e-03
-3.046600659583094742e-03
1.508673991455222263e-03
6.639102970693400683e-03
-3.229797260873185864e-03
1.691968103843392726e-03
8.492508313444191784e-03
-2.915274765231177720e-03
3.346318174357810343e-03
8.665383242823491592e-04
-3.025766755648182961e-03
3.247735956132338959e-03
2.215174679571789776e-03
-2.908682376692381822e-03
3.270728455684036168e-03
3.331744927284488109e-03
-3.565683628092410160e-03
2.804350449725697813e-03
4.327964014126134407e-03
-3.352168816434960424e-03
3.068660447791848704e-03
7.959910460852051561e-03
-3.262171775106890038e-03
4.122097682482624148e-03
1.590694429951570142e-03
-3.028575326904247526e-03
4.228721707990107034e-03
3.102962807256102150e-03
-1.805389523724569697e-03
1.877102307875655159e-03
2.894478038766391814e-03
3.755153295818149280e-03
-3.039121788120231933e-03
4.247016511261685057e-03
-8.286106998807033289e-04
-3.898681695870637783e-03
7.977931920908273855e-03
-1.753869669289896856e-03
-4.192911242940385377e-03
9.842630552252000422e-04
-2.324002796519658749e-03
2.023281407359012445e-03
1.002711779176822769e-02
-1.589068397169094825e-03
-4.141326357357155014e-03
9.297071761114432398e-03
-2.158278466289116713e-03
-3.110548211559789090e-03
6.468071779719725568e-04
-1.873923115458565880e-03
-2.889438959701140421e-03
1.818656058904061408e-03
-1.865202563488152021e-03
-3.182916311703764840e-03
2.995292773227055394e-03
-1.941952363690516116e-03
-3.270347999049414214e-03
8.817883852184337304e-03
-1.795534988235921369e-03
-1.647455966670604384e-03
9.079612222287775786e-04
-1.928347008610634085e-03
-1.791069066872828406e-03
3.258735633153160560e-03
1.862011408874437134e-03
8.402232661067025052e-04
3.618359106265156208e-03
-1.997151862018829542e-03
-4.230399118526617370e-04
2.024147159367070334e-03
-2.661180194696839783e-03
-8.636559478772642658e-04
5.978282931490510287e-03
-1.837595594079769997e-03
-8.000144783500085172e-04
8.907772874182399644e-03
-2.035508998185585079e-03
3.389026653613767012e-04
9.382964012629981193e-04
-1.996234689819738600e-03
5.482305970933234887e-04
3.181530306165615985e-03
-2.081810674038022790e-03
4.327842909814688687e-04
8.814395792872978252e-03
-2.031983803173295893e-03
1.677612809052554319e-03
9.727626023414423029e-04
-1.717638090150494555e-03
1.934616562813249027e-03
5.600093787993784371e-03
-2.015125406692807025e-03
1.785576427957905749e-03
6.592980824576435799e-03
-2.101691027973337771e-03
1.880085687615970762e-03
8.846318935600054612e-03
-1.829510858469647052e-03
2.885632498165404281e-03
7.948534095634859778e-04
-2.074768585225157235e-03
3.081325538478187596e-03
1.821626299475791405e-03
-1.816870868314114998e-03
2.895001386050739031e-03
3.066729475691627824e-03
-1.805816897900308160e-03
2.986523686844574747e-03
5.665127867244786238e-03
-1.939830291094902116e-03
2.865051119963673947e-03
6.452116154762966259e-03
-2.049272414714600754e-03
3.208782051219018043e-03
8.929133475299786196e-03
-1.937121467524951677e-03
4.061974381419448422e-03
7.653694673955431776e-04
-1.813483586357613571e-03
3.994694601176865256e-03
3.112052964068794548e-03
2.560215356026987639e-03
7.052010404636407112e-04
5.803596359868226640e-03
-8.854467769092264247e-04
-4.265172520708955355e-03
8.444892439429417183e-04
-1.018561389744789035e-03
-4.272207317163228060e-03
4.309805855687662973e-03
-4.397340543707369724e-04
-4.512417595871843524e-03
6.884637746130501876e-03
-4.342195190619169403e-04
-4.221118883898919601e-03
8.997661742061072859e-03
-7.499820470048424587e-04
-2.963335900854984460e-03
9.147470463571639185e-04
-7.971131038555014656e-04
-2.679601589865502134e-03
5.661547597266482212e-03
-6.191107082932581105e-04
-3.155294196786705314e-03
9.156911401180516108e-03
-6.507383637109708354e-04
-2.082698922576596296e-03
2.025392971608823336e-03
-6.197885425823129778e-04
-2.151104239758954480e-03
3.270540994463064580e-03
-5.705710513771368887e-04
-1.715909717476061472e-03
4.181163858079062559e-03
-5.624331149234442287e-04
-3.437774905785590299e-04
6.977637932185088961e-04
-7.944549444112643547e-04
-6.230492358604335914e-04
2.833998700397525900e-03
-5.398487050631974949e-04
-5.339211954742855478e-04
4.443257480725540040e-03
-4.849654097411040181e-04
-3.282566351208452077e-04
5.874498284654421261e-03
-4.258144035884990999e-04
-7.616772569358576730e-04
8.116107912230120444e-03
-5.658960789809706123e-04
5.102275245537286116e-04
1.878111102996513895e-03
-6.291715933321906547e-04
7.154278805946180913e-04
4.349469535660030126e-03
-7.700682709751263981e-04
7.847832085569380473e-04
8.154097356170267666e-03
-9.164921620487653364e-04
2.163682195037318866e-03
1.566192799770964837e-03
-8.432993106413111135e-04
1.982781420306772326e-03
3.888546512324432981e-03
-7.368569288833775851e-04
2.001175024046796241e-03
8.401238989485306299e-03
-6.572183031936545310e-04
3.111853016157321936e-03
3.737893402095945460e-03
-6.954001421040269942e-04
3.590175996183623576e-03
8.330624170105131385e-03
-7.088540663344026788e-04
4.287629457106507426e-03
7.561494909194480104e-04
-5.292668488216721546e-04
4.221829761095780877e-03
3.132200017340852627e-03
-5.311699589091281636e-04
4.165519036591960704e-03
4.226798964329466467e-03
3.104406051837631502e-03
3.893806653744941518e-03
6.712223657671537690e-03
-7.688808887975336157e-04
4.421900704219897116e-03
7.130107094991019502e-03
3.439583199772205035e-04
-4.117077813297662960e-03
7.335768764465496654e-04
4.664468819506761453e-04
-4.219500963109665964e-03
1.827697817100848443e-03
7.848376655306087395e-04
-4.239413662982524818e-03
3.361986762066396933e-03
6.939902492682853896e-04
-4.354286052437672007e-03
7.906301306685901628e-03
3.576149156951464667e-04
-3.025228914667434706e-03
1.818526925127179287e-03
2.501013226747160175e-04
-3.178074215104907327e-03
3.132219913386948863e-03
4.692835112394002869e-04
-1.712764893076331721e-03
2.701964302141308342e-03
8.421110763500451978e-04
-2.040375733488290592e-03
5.667081240334347070e-03
5.128382984696584377e-04
-5.560933839689958299e-04
8.140857243909142057e-04
4.253106958069681736e-04
-7.335647267072101674e-04
1.822250324120952602e-03
4.877696223838394376e-04
-4.550915536376921931e-04
5.682719533621051131e-03
4.997575549142701124e-04
7.614809830767809307e-04
9.015778418977391092e-04
5.582302630971578295e-04
8.649405540074713234e-04
3.190460684082900133e-03
1.497656280943912490e-04
5.189335251303603793e-04
5.706406188300329994e-03
8.464002115039280603e-04
2.684594747120290980e-04
4.522627659233048776e-03
3.062346140693787970e-04
1.881621742992346455e-03
1.778507972956326535e-03
5.252708068672726389e-04
1.974513812485616769e-03
9.091410203250487043e-03
5.386693714270093499e-04
2.942005924300941481e-03
3.182938832162218647e-03
6.990898683991592913e-04
3.240812929159229624e-03
8.576767469919479095e-03
3.628152925265885117e-04
4.134046450775543356e-03
8.072327223715912133e-04
2.104076323298884488e-04
4.193478676813957792e-03
8.112747311476110543e-03
-2.371493626403050649e-03
-1.487404611678982535e-03
1.002485233084575086e-02
-1.699661983427381401e-04
-3.936899055975851339e-03
3.892189601091384024e-03
1.596649346598260624e-03
-4.162382332609008972e-03
8.207946871470488039e-04
1.594666207101903778e-03
-4.219479539199333558e-03
2.003004385980569624e-03
2.092965063933429747e-03
-4.285859484189959330e-03
6.883026350148245889e-03
1.463944118049598751e-03
-3.009115160779110218e-03
7.817221996523423958e-04
1.620024014629704422e-03
-3.129575547251390796e-03
1.964126926212914591e-03
1.606425270187714300e-03
-3.551141164133075900e-03
3.181579296796354771e-03
1.654674798002041258e-03
-2.700882818916624985e-03
6.118301590269296583e-03
1.746793696369429308e-03
-1.701562448551122457e-03
8.420051087240591065e-04
1.375872974390045201e-03
-1.808361048553668547e-03
1.979275569925256252e-03
1.694139419039951498e-03
-1.864285984821889217e-03
3.388084006399757868e-03
1.748706725452274903e-03
-2.000645329354479567e-03
8.633691060366403477e-03
1.626717163203664305e-03
-5.822735006912435791e-04
7.551393555065533895e-04
2.028863365354029689e-03
-6.584322533430976131e-04
1.891570368148663434e-03
1.467899765199445414e-03
-4.909319714358040916e-04
8.653631348435624274e-03
1.752576434177735695e-03
6.887709591402474841e-04
7.138468429971560987e-04
1.675981979257348386e-03
5.553038275049324620e-04
2.032651746772051651e-03
1.842689641011117669e-03
7.930045182749546765e-04
8.666189718067420986e-03
1.563161912741897665e-03
1.791515477139231155e-03
7.532562283040011375e-04
1.623933971268082168e-03
1.884079045691960724e-03
3.207866755031311100e-03
1.972624254717910471e-03
1.948784784502677944e-03
5.783721567795729185e-03
1.771252177115592444e-03
2.023444311032436896e-03
8.161355042423724601e-03
1.782241157315935399e-03
1.893125520091966949e-03
9.143170993055780779e-03
1.949116112260113835e-03
3.214336720216510925e-03
8.841203510349455357e-04
1.436225698076905267e-03
3.240923556711705102e-03
1.993984666632192451e-03
1.622274449436765086e-03
2.626214741766362288e-03
6.565178517826106286e-03
1.773340482318611034e-03
3.229140426420345350e-03
9.045388554106423631e-03
1.693177244964383116e-03
4.273004598175574563e-03
7.857660965458296244e-04
1.549921594782811655e-03
4.216618214352261737e-03
3.079003718721509252e-03
1.836093299346322483e-03
3.928929973449834905e-03
4.164859816292268077e-03
-1.886963546497657422e-03
5.040861299684715191e-03
4.132575564856612316e-03
3.013712321858096153e-03
-4.310538893115030759e-03
6.833303983807711935e-04
3.076581462722281606e-03
-4.160844608824963882e-03
1.905682044291614335e-03
2.656978246244168663e-03
-3.908880883103517390e-03
4.192200327060771788e-03
3.214260778924400274e-03
-4.072932661559293920e-03
5.362002882810240102e-03
2.984226352190655091e-03
-3.845922295808905031e-03
8.123460947904058080e-03
2.645481719343021221e-03
-3.015192821831472539e-03
6.759600646575839467e-04
2.790877974748540331e-03
-3.226468469223392043e-03
1.694684937622334278e-03
2.817431104435802469e-03
-2.793704947603508834e-03
3.064774102062117582e-03
2.839760594930212500e-03
-3.006748738436890254e-03
9.119541898911004765e-03
2.735540782079783594e-03
-1.885813431921055201e-03
1.637174335887008666e-03
2.573055799933246686e-03
-1.746695130059854528e-03
5.866765738511424237e-03
2.738840759349243838e-03
-7.915128939026067414e-04
8.922495503814553783e-04
2.715862284474799496e-03
-5.911948809413784030e-04
3.002755715835974878e-03
2.710361454533716762e-03
-5.327213614317804439e-04
5.779788756984045872e-03
3.023502738849212241e-03
-6.206094497877999352e-04
8.471938087388107205e-03
3.011754805929139130e-03
5.594580201393197730e-04
7.900976131116152100e-04
2.931068630815071401e-03
4.368851019126771115e-04
2.021741197800055925e-03
2.897218624630300190e-03
8.148828739753141660e-04
8.364605497515735857e-03
2.752334367953769394e-03
2.101496514877204246e-03
7.816662459678027459e-04
2.575226454499563757e-03
1.917360444630205598e-03
1.908082491756933965e-03
2.888823133022812382e-03
1.753577179559707684e-03
3.247463074521607113e-03
3.028018630701618912e-03
3.875727544947962875e-03
9.262113174760859199e-03
3.026082475648354288e-03
1.860645354201649962e-03
8.980155377328533084e-03
3.066063740107601021e-03
3.367135991162175605e-03
9.831514193165465793e-04
3.018133084469759846e-03
3.310298229936482328e-03
2.038775446254530773e-03
2.557214478049563838e-03
2.985607469718265083e-03
3.377060121729388159e-03
2.940534731471970090e-03
3.237351960539779083e-03
8.179733757609398623e-03
2.781229724284396427e-03
4.280329708693876405e-03
6.367547634255221354e-04
2.771393638472013140e-03
4.183165920917685833e-03
1.856825436188210649e-03
2.797773112720451389e-03
4.146044086772498680e-03
3.008454378675295363e-03
3.118846752388910928e-03
4.081822018833072829e-03
4.379165852103216079e-03
4.021596386762344918e-03
-4.359943278916984799e-03
4.175488377355447006e-03
4.072682488105733994e-03
-4.160128827517720063e-03
9.213821869438261480e-03
3.792836949730075784e-03
-3.301351088965427151e-03
8.656632464974244913e-04
3.867087032793606761e-03
-3.441251243689501943e-03
2.932275018995684612e-03
4.007949724462833707e-03
-3.356631412236903145e-03
8.012088135472024766e-03
3.952615245576436391e-03
-3.020996897792141596e-03
9.069614941417725174e-03
3.938067794051322915e-03
-2.029861748669614142e-03
6.089824345179608829e-04
4.063462417355518524e-03
-1.902857572898006581e-03
4.302418352637817078e-03
3.943084837516986664e-03
-1.896993327725799653e-03
8.042472252152691251e-03
3.996372983026486372e-03
-1.707316565827058340e-03
9.024168452430524415e-03
3.822998972025255186e-03
-8.979743379636209071e-04
7.380274524795893193e-04
3.528034169388337762e-03
-7.508559260699657545e-04
1.867995139233595472e-03
3.893308773066568064e-03
-6.239828276418626267e-04
3.123174947071260654e-03
3.998057402257662249e-03
-5.045532015972829538e-04
4.168631299129010523e-03
4.043329810783135095e-03
-5.320490215746441313e-04
8.079295847373227368e-03
3.973918397657726087e-03
-6.521828359224368047e-04
9.255783084508070746e-03
3.981305750589084029e-03
5.208275971523390439e-04
1.646478097732586394e-03
4.090806336883137488e-03
5.449023825769216348e-04
8.260935456472743785e-03
3.680305932151245116e-03
1.706488183481004407e-03
1.903326320326845450e-03
3.909453429142460516e-03
1.967316093833684516e-03
4.256964557438649294e-03
3.889305491061108896e-03
1.944096132663248200e-03
8.079618241742700727e-03
3.911274869305182700e-03
3.258829776041197862e-03
7.163075824860639512e-04
3.988451421568016235e-03
2.989083196058854499e-03
1.692107236595655380e-03
3.718628534706509836e-03
2.830961697888643904e-03
2.981393562393100122e-03
3.950153141145867214e-03
3.481099018555165736e-03
5.399877809154357208e-03
4.081603763469649968e-03
2.999979512227552748e-03
6.808601217695191797e-03
3.923002305353386759e-03
2.894606934381166279e-03
9.112440699610891218e-03
3.912118814726342833e-03
4.324785624720691238e-03
5.918711243454772728e-04
3.795326509061286956e-03
4.182769112750035247e-03
1.663595686857110168e-03
3.911258632898894673e-03
4.215435287622690437e-03
2.958965828530272634e-03
9.866369506888728307e-04
5.033455279584543064e-03
6.612116130215010129e-03
-3.807128332592072274e-03
5.028048646990249809e-03
8.255028478075521203e-03
-3.588952701013880045e-03
5.020461468232749816e-03
1.002162116834092592e-02
-3.018398254879801554e-03
5.035015118454909400e-03
7.173842789233820377e-03
1.724700198564403219e-03
-5.036340094658798422e-03
8.056276851575170858e-03
-2.379671808399162151e-03
5.034309106236629569e-03
8.796361162271259734e-03
-2.299790843327982007e-03
5.029701680895226623e-03
1.003009345773887145e-02
-1.581694802794145205e-03
5.026204067429600360e-03
6.193601466289464473e-03
-1.275649833110112158e-03
5.030802084727102087e-03
7.756239934614730935e-03
-1.089588262233803524e-03
5.033504418291805983e-03
8.882478452423408707e-03
-1.184133186667786020e-03
5.034748103361003264e-03
1.002604597494607432e-02
-8.538930123050859780e-04
5.036317394100426129e-03
4.435271857110712444e-03
2.601166278746014400e-05
5.030031317446023373e-03
7.544798255729886181e-03
-5.798507057892858746e-05
5.035651268867802517e-03
8.870053794486295468e-03
1.466985743290287835e-05
5.035853990224251411e-03
1.002251581170068157e-02
4.923913223036923163e-04
5.055169274277096676e-03
3.139866178188545354e-03
1.303706977824188335e-03
5.044714034484180758e-03
4.046719072603259179e-03
2.265574553391035324e-04
5.043413092624047384e-03
4.042651062660588927e-03
1.251189321489888087e-03
5.037323946333082877e-03
7.728984491785666384e-03
1.215182165195846349e-03
5.041847578048444523e-03
8.782085481881158479e-03
1.097642602704539940e-03
5.040468340564225463e-03
1.002200056656885226e-02
1.039694004063158308e-03
5.027911837746625902e-03
5.601460218472139631e-03
1.669099130195169159e-03
5.063587628780108311e-03
2.613000874951446235e-03
5.510291529565344544e-04
4.121593701251338032e-03
3.390226846627138278e-03
2.424858925726024270e-03
5.050178278765713423e-03
3.967023358516738075e-03
2.425442156325605114e-03
5.037582507622386484e-03
5.171202596261380291e-03
2.312520233454901011e-03
5.032232887129891447e-03
6.421193362271667912e-03
2.422547454275404341e-03
5.042404232482623760e-03
7.540903167570203215e-03
2.470976549166818519e-03
5.050245612493231562e-03
8.850987771310176583e-03
2.393110316694466166e-03
5.056850728269703110e-03
1.002015971163154433e-02
3.560975535814614110e-03
5.083925935814907759e-03
1.322659874819909773e-03
2.394219305348953535e-03
5.076878131727664313e-03
1.455223525453671089e-03
3.540001480393182784e-03
5.076308296870021483e-03
2.572548209609280042e-03
3.604917098443307343e-03
5.064002984129861544e-03
3.815226339160343594e-03
3.605507368253247323e-03
5.055195803923051567e-03
5.056550445238260257e-03
3.624931213504007082e-03
5.055528118413898583e-03
6.302547192557877986e-03
3.609437836069881358e-03
5.059517266978607111e-03
7.545609540479633268e-03
3.673578526040406373e-03
5.066273330796435860e-03
8.920306041598970170e-03
3.577828752782623908e-03
5.065559887652833042e-03
1.003071104186388854e-02
4.685877373466971509e-03
5.091483242992376167e-03
1.294148186577548940e-03
4.717025719491902379e-03
5.088110618079081694e-03
2.540810838347536474e-03
4.751632470839038322e-03
5.083209487844343906e-03
3.786911080638498493e-03
4.781651856842828938e-03
5.093177723409468560e-03
7.550992865684487063e-03
-4.230294958042671132e-03
2.738281126212569437e-03
5.190924336306032907e-03
-1.945112140146614942e-03
-5.026052715040746702e-03
6.900702852030184131e-03
2.804197886853065404e-03
4.084830070372133699e-03
5.461511887347583923e-03
-2.946652022959449571e-03
5.038749891151220878e-03
5.457776551263696270e-03
-4.297634633385458494e-03
5.026045702913021877e-03
7.028940349915691272e-04
-2.449314110684398024e-03
5.060742196884244169e-03
1.463960095605857043e-03
-2.471348744327147174e-03
5.052067822955446340e-03
2.660288322710631023e-03
-3.087625281541119503e-03
5.048623626730445665e-03
3.878068348068564129e-03
-1.258431643274830064e-03
5.066686968625250254e-03
1.251362790062353868e-03
-1.201323340434428061e-03
5.054922934439789323e-03
2.639139146672898201e-03
1.145830997493805462e-04
5.067062402241809087e-03
1.746103319085649547e-03
1.152397565935331250e-03
5.071461888562617780e-03
1.375796975580651079e-03
4.850207596562657389e-03
1.860324752095075514e-04
7.718183518642360817e-03
4.800283228473755347e-03
-3.698108842982829238e-03
4.936164926774276943e-03
4.815755860279978887e-03
-3.758706925169771201e-03
6.149318965119161644e-03
4.814582988471405832e-03
-3.738679103255624497e-03
7.395882354493064567e-03
4.794697650978924953e-03
-3.684976667229216286e-03
8.744584093450602849e-03
4.772856971495098577e-03
-3.626343868231310386e-03
1.004216807889384867e-02
4.708613991402685155e-03
-3.177909212886272008e-03
1.841539160058891381e-03
4.759534775883059350e-03
-3.456760714282454926e-03
3.573942858450688230e-03
4.785067158028107580e-03
-2.329365504111111269e-03
3.903760662356528174e-03
4.847852988596051960e-03
-2.339759406467193954e-03
5.438476243058399176e-03
4.851068447581022638e-03
-2.383663839489499024e-03
7.547491460686216527e-03
4.815360705257296439e-03
-2.389977770584924589e-03
8.758669753874164660e-03
4.788150053792985389e-03
-2.383361384103957481e-03
1.003775604215317516e-02
4.767106151518464563e-03
-1.611405667513758242e-03
3.114564876533764196e-03
4.857354967981657862e-03
-1.137597347159285217e-03
7.538258090860404208e-03
4.823184540318508143e-03
-1.138473179537482409e-03
8.785419469298710177e-03
4.795793488114033151e-03
-1.138343101036822349e-03
1.003199429946717049e-02
4.821903447341000827e-03
-6.265810296274005459e-04
4.303302228161318133e-03
4.869042431837973008e-03
-6.207853974907258810e-04
5.037307320462979486e-03
4.891888456831426472e-03
-6.124092784709299743e-04
6.285974490657831801e-03
4.822736144955382109e-03
1.761409453575709294e-04
8.915286173252229968e-03
4.797916520361295879e-03
1.017265922178069339e-04
1.003526991099458650e-02
4.827049021281904113e-03
6.462002768200567722e-04
4.315883712945656030e-03
4.868552526767780386e-03
5.383589845678270723e-04
5.439376887274916840e-03
4.892994815440581714e-03
1.342715837498656764e-03
6.289683327120777420e-03
4.893969675319803300e-03
5.543705138912173331e-04
6.735462639324118171e-03
4.844122341102054773e-03
1.308919571156070324e-03
7.730683718199126385e-03
4.818493144915155478e-03
1.446707864000908996e-03
8.898483529975921222e-03
4.789196045361074176e-03
1.346199438720339101e-03
1.003944410102624793e-02
4.869482954476595481e-03
1.847893930221581379e-03
6.807680018627783325e-03
4.778522689089761272e-03
2.586453995572311499e-03
1.004378146241285963e-02
4.818120367638604844e-03
3.107381470046529683e-03
8.068519139449012792e-03
4.791248995417335919e-03
3.983996055613800089e-03
8.848420780415325315e-03
4.769469321056720411e-03
3.696849632922765728e-03
1.004526435260810063e-02
3.602449781293334905e-03
1.249483956771177710e-03
6.933012251888482844e-03
3.812191798670311240e-03
1.624505696610555744e-03
5.963656962435873524e-03
3.735938205487127160e-03
-1.839438314144836977e-03
5.964307605484231618e-03
1.749179940773525933e-03
3.459905692127276163e-03
5.014483373241964380e-03
-6.978461169963394960e-04
3.015506972977792782e-03
7.477414139288071464e-03
-2.984986890793194219e-03
-2.570355430368276902e-03
5.034261484139610290e-03
-3.921198662499086711e-03
-7.159737244503967639e-04
6.969503520982188970e-03
-3.922523097314199909e-03
7.131101200131227929e-04
6.969372220653116158e-03
-2.992315828159046714e-03
2.558327797830426721e-03
5.034866840426779205e-03
-5.001662313036840841e-03
-5.003067600356058200e-03
9.914641277545435498e-04
-5.003447434195844486e-03
-3.875983962211208660e-03
-2.967492614619537326e-06
-5.001749435710325237e-03
-4.180845805679608840e-03
7.107863318859986446e-04
-5.001311132872342073e-03
-3.060765032733857739e-03
-3.801218953695188905e-06
-5.005053183495014081e-03
-2.852225957269285007e-03
8.838581271387882738e-04
-5.004237855897308677e-03
-1.835760570202751201e-03
-3.251857465837352968e-06
-5.010569101459739355e-03
-1.270027508353438949e-03
4.267051504999474533e-03
-5.003940558667827401e-03
-6.120367802617431756e-04
-5.377555178197919218e-06
-5.006944759692389009e-03
-8.226749168563046548e-04
1.718674135291697663e-03
-5.005484772178157502e-03
-6.649238765313339418e-04
3.273144763815092305e-03
-5.005079045680749933e-03
6.125837659448591732e-04
-2.644895487023677655e-06
-5.006065479830758107e-03
5.200752570847375555e-04
1.953633571168016288e-03
-5.005458780965898677e-03
1.078942760195653007e-03
3.489205223715644965e-03
-5.012219239520803414e-03
4.428695560792056092e-04
4.359828957027724917e-03
-5.012975808478527424e-03
2.493223406956219921e-05
7.001569585440655177e-03
-5.004762817153758127e-03
1.836593690569616110e-03
-2.985691124690225599e-06
-5.004546768812220825e-03
1.758115624487939640e-03
1.685567102819003973e-03
-5.008553546409497299e-03
2.257220219681748373e-03
3.137756168411111237e-03
-5.013206593460893361e-03
2.174812650246003669e-03
4.664569435873815693e-03
-5.013875005260223783e-03
2.231191628244516729e-03
6.124916151726589840e-03
-5.008289539074873252e-03
2.346967351108323555e-03
7.346785832619807076e-03
-5.005633516902864046e-03
3.059707346339128001e-03
-3.750517607511439709e-06
-5.005232567643973576e-03
2.943942866843861188e-03
1.781637270126552614e-03
-5.007747406880929016e-03
3.231414810575024797e-03
4.261040576342528183e-03
-5.009407026564817629e-03
3.572824890917202911e-03
6.121979242405862359e-03
-5.004853715023120653e-03
3.547343128007675751e-03
8.358549522486248551e-03
-5.001749647400511450e-03
3.568571957176640448e-03
9.284990871130270260e-03
-5.003009299324910446e-03
4.285659151444342133e-03
7.148946329990143057e-04
-5.001074187650374724e-03
4.163557554862013128e-03
1.906815123513593739e-03
-5.004943489363262998e-03
3.852830105111156554e-03
3.298765732590554570e-03
-5.003725186118490945e-03
4.287058772671093615e-03
4.894946107221867515e-03
-4.999735222691254269e-03
4.232011087781458250e-03
9.150883405574091953e-03
-5.004803008804794943e-03
5.002386547171322299e-03
7.344268063320308348e-03
-5.002071494988331868e-03
5.002414910589456434e-03
8.679202436611754140e-03
-4.999748090737936301e-03
5.004123339392888004e-03
1.401311661900728808e-03
-5.003434576999889020e-03
5.003876811133932574e-03
2.448828646714719219e-03
-5.002991009291664695e-03
5.002579114622333380e-03
3.671532749477820004e-03
-5.002421032484465589e-03
5.004223238834373637e-03
4.895476068269851745e-03
-5.003979432648911034e-03
5.005020883135070930e-03
6.122507913196724959e-03
2.140182009550720913e-03
3.615358249199673423e-03
5.978920017368769164e-03
-3.065216371797472097e-03
-2.983516749118488888e-03
6.003650077425174043e-03
-3.731108582807495314e-03
-2.173998983537117971e-03
6.002904942569202255e-03
-4.434993037430435409e-03
3.679694571957087875e-03
1.001923580583320185e-02
-3.564532878426738931e-03
-1.784294431964125131e-03
1.002632025169528096e-02
-3.367774178187419708e-03
1.136142817956146316e-03
1.002341244536368407e-02
-3.428071483014463045e-03
2.508916463530409726e-03
1.002694619882244127e-02
-3.669093003270242157e-03
-3.400869722270581826e-03
1.002637353118713062e-02
-2.195100209350856271e-03
-2.395840737044466467e-03
1.002677250526851777e-02
-2.369905494664635050e-03
1.036415344815219539e-04
1.002665882336191416e-02
-2.452209360568521988e-03
3.781874984943918265e-03
1.002732286579232322e-02
-1.169038710656004378e-03
-1.127453013165988964e-03
1.002013791976342182e-02
-1.020412459512941641e-03
1.911393593934556431e-04
1.002119909949529021e-02
-1.166269646926166442e-03
1.335907454686284176e-03
1.002439695710212637e-02
-1.212711947805845524e-03
2.746207214050939809e-03
1.002224206407425870e-02
-1.159772184219333251e-03
4.146082556629130528e-03
1.002314247040618674e-02
1.365384674382605563e-04
-7.310883640751364844e-05
1.001362291399031205e-02
-3.179169014578154649e-06
1.293050052008109640e-03
1.001354330416396633e-02
-1.324040483941740321e-04
2.652324751814063870e-03
1.001535582269953012e-02
1.767469172698876888e-05
4.310921556994778969e-03
1.001909571119081153e-02
1.273270575691100000e-03
1.313861148104716143e-03
1.001369928872271158e-02
1.225004895131530987e-03
3.085208520661467373e-03
1.002046956199461637e-02
2.371156308149926714e-03
4.067888697308136986e-03
1.002129334264563118e-02
2.909330716584716380e-03
2.577220873404975805e-03
1.001921025394639925e-02
3.723550357506480966e-03
3.912870103343862697e-03
1.002754108758086536e-02
-3.385574082074478859e-03
2.597580751933342789e-03
6.004037199218474445e-03
1.264431236113999118e-03
2.781622724873416587e-03
7.464726218998162140e-03
1.952078478889022724e-03
3.345241035327126741e-03
6.946632046451596369e-03
2.890043935252460238e-03
-7.097585707954466106e-04
4.486612579050308636e-03
1.761749254046621367e-03
-3.457261567126637854e-03
6.948215844097833938e-03
6.101736207622196094e-04
-5.030423406525494703e-03
5.786462556077468823e-03
-4.302353919999436088e-03
-5.026823264591578390e-03
-2.065292229474640189e-05
-4.304254892360789841e-03
-5.032313796024541486e-03
1.216049942570472924e-03
-3.120864056697074656e-03
-5.057486242123288359e-03
-4.446416051987243874e-05
-1.933983612516178632e-03
-5.065663929722336208e-03
-5.598015300342580228e-05
-1.847114448993413156e-03
-5.064256014967057594e-03
8.269698295620471918e-04
-2.097236811898374204e-03
-5.059068308920583457e-03
1.862510099966579015e-03
-1.888518185993740429e-03
-5.042317723841005517e-03
3.663457964885646380e-03
-7.485337614984046003e-04
-5.073878913570776736e-03
-6.502746196808660030e-05
-4.779132588990343215e-04
-5.070642824272109973e-03
9.395379912098177294e-04
-7.205076393895366556e-04
-5.066103692887246462e-03
1.904311503291290049e-03
-7.002143091246298664e-04
-5.052530259534471560e-03
3.147578884191165431e-03
5.890933249268003697e-04
-5.079970778682179125e-03
-7.820584889204789715e-05
4.442280870853774458e-04
-5.075355768179995453e-03
6.535269943524318588e-04
4.099092322650046689e-04
-5.065738357621407499e-03
2.212908744165500898e-03
1.772556628336413500e-03
-5.085262241331271055e-03
-9.801250903502071456e-05
1.862803987371525801e-03
-5.081568785572653651e-03
9.999175111349489428e-04
1.648573160844116854e-03
-5.074385482301609074e-03
1.883514372515083645e-03
1.603172860758500864e-03
-5.060270259352571062e-03
3.152364954631171803e-03
1.704195083828688928e-03
-5.046797834187715000e-03
4.851886054249638335e-03
1.737360195136264428e-03
-5.029347076910500522e-03
6.825219030632300940e-03
3.269558426344412131e-03
-5.094880104736028426e-03
-1.314186846453327851e-04
2.761986045346232540e-03
-5.084368544229661037e-03
1.733897089439870960e-03
2.857593775778130389e-03
-5.072108906801477309e-03
3.105140884595428315e-03
2.900439847791264590e-03
-5.060248317486877763e-03
4.861384034330572083e-03
2.922215845526412482e-03
-5.059791885066136814e-03
6.819426027030156719e-03
3.892857186575026697e-03
-5.092382600502199513e-03
1.640617767672684999e-03
3.767952028083700056e-03
-5.083372683492641889e-03
2.837463009066298631e-03
3.846090145501933344e-03
-5.080345199143986891e-03
3.998755976857228459e-03
3.824099102203207343e-03
-5.071070342434362554e-03
5.242693080762057291e-03
3.937815432963122711e-03
-5.075908898145136024e-03
7.939284844987619383e-03
3.592258048188028737e-03
-5.070576877946416337e-03
8.920051178835900971e-03
4.675893239195108575e-03
-5.100200800492237646e-03
1.294195588809975541e-03
4.703704229053105000e-03
-5.097594052144944175e-03
2.329279788158885884e-03
4.741549186596045323e-03
-5.094915850358332568e-03
3.788885874080656462e-03
4.766884095711688453e-03
-5.092758174773154463e-03
4.825583691544017839e-03
4.789497770868414439e-03
-5.082363833808482660e-03
6.076457032922494977e-03
4.779907418490006443e-03
-5.095144997245257094e-03
7.487387434721182525e-03
4.774135361888722645e-03
-5.087221434893819151e-03
8.588096312042362360e-03
3.596378339359970148e-03
1.215528705046882213e-03
4.997340459875780107e-03
-6.720297001236518559e-04
3.871610713183657685e-03
6.962931737162943863e-03
-2.087275558770244465e-03
-5.030007211431604397e-03
5.465232251670733288e-03
-5.003103067839934255e-03
-5.004087244051287804e-03
2.447489438281340648e-03
-5.005109888002945255e-03
-4.998600215025867516e-03
3.736104309430179037e-03
-5.004371914027315286e-03
-5.006165875701032442e-03
4.896531964386677260e-03
-5.003035932260621425e-03
-5.004259632489111917e-03
6.119709116804457685e-03
-5.002098011345025574e-03
-5.003549121591169789e-03
7.345696111402166655e-03
-5.002324774636951639e-03
-5.002121834123365862e-03
8.568802277132020820e-03
-3.140917437125744036e-03
-5.048336055813625045e-03
2.236848220363351313e-03
-4.295313480285950156e-03
-5.024446136043625270e-03
3.161665516427255695e-03
-4.122207573124593051e-03
-5.027050711571090166e-03
5.587603922416773186e-03
-4.295092390462826488e-03
-5.019989899547856217e-03
8.071931669003933052e-03
-3.088553238789547122e-03
-5.037278168976762338e-03
4.385323037553136814e-03
-3.160906107379908569e-03
-5.034926851326650132e-03
6.644066142161700501e-03
-3.009594825165846661e-03
-5.027741773501078794e-03
9.146620578054225417e-03
-1.887672169028172062e-03
-5.032245181163387537e-03
8.408375713243080099e-03
-6.742398157709479515e-04
-5.026993220196482141e-03
5.611642730280799393e-03
-1.718743929960043658e-04
-5.030396530084701306e-03
7.336367842371771184e-03
-8.113646889043879280e-04
-5.032407640956855326e-03
8.252820420777464208e-03
5.674721372338626920e-04
-5.036481643806280627e-03
8.473997699476043532e-03
1.456534359118184406e-03
-5.043643066586333233e-03
9.193544069631019375e-03
-6.807868005890084550e-04
3.873320219278188030e-03
5.029145531381553832e-03
-1.414687363253374838e-03
4.075027522446604371e-03
5.999641279112239399e-03
-6.790561329536185312e-04
-3.874473059413264479e-03
5.027493707996623200e-03
-8.406441832897889287e-04
-4.178434759538032263e-03
5.995869259655427393e-03
-4.067527834851503502e-03
-3.757644513897826725e-03
-3.176382541710832795e-05
-4.301309229185448085e-03
-1.845823122168564452e-03
-2.685186926611264738e-05
-3.807754425225952540e-03
6.143176609466969706e-04
-4.219306177226642059e-05
-4.069528423093354830e-03
1.616400858917620012e-03
-3.776336231923336964e-05
-3.902116404306520733e-03
3.145406483764036105e-03
-3.695902832480862715e-05
-2.998276980692611126e-03
-2.207598757917416180e-03
-5.578920538934174837e-05
-3.110958905886641781e-03
-6.186584326363603423e-04
-5.393338374363127943e-05
-2.530567407605146743e-03
3.864596595399651981e-04
-6.166421040055176949e-05
-2.553626356926891501e-03
1.875682885493167550e-03
-6.312163583316832366e-05
-2.615193365730514048e-03
3.095689050083712344e-03
-5.456339976394641210e-05
-3.266787439056744249e-03
3.982212137958611280e-03
-4.420597975848208921e-05
-1.845080273832904946e-03
-8.879108870555736362e-04
-6.858538409999683904e-05
-1.124712702131748943e-03
5.855042307363690678e-04
-7.316843142934084882e-05
-1.873163096867971064e-03
4.041330789108769743e-03
-5.725686190552963612e-05
3.187811819628920970e-04
-6.586320374297588692e-04
-8.349209932156088335e-05
-2.990100376024454614e-04
2.226683175137578565e-04
-7.839553564186839526e-05
-7.315316013925464390e-04
1.865596081223225159e-03
-7.244068017760185458e-05
-9.093515697438599209e-04
3.297478189790959378e-03
-7.000822530792314097e-05
1.071241363349310829e-03
8.763566122536813573e-04
-9.230778606393580778e-05
3.069627298233950567e-04
1.599126549192236152e-03
-8.149969896074652702e-05
4.477031672803714456e-04
3.106559700059440161e-03
-7.928301732135017120e-05
1.928837781596093922e-03
3.144937352604744874e-03
-1.027166034592749114e-04
2.327456389376830574e-03
4.277794570998471289e-03
-1.074078777388386396e-04
3.438488405910077213e-03
4.179232700642430964e-03
-1.357671160869305309e-04
2.103542200876685423e-03
5.087061094747857490e-03
-9.975101917800852027e-05
3.192859357282773394e-03
5.089928168881037267e-03
-1.265467910027235309e-04
-3.610058426676285639e-03
5.049803385655409795e-03
-4.205191193314200473e-05
-2.624574544865915585e-03
5.064922894252964561e-03
-4.738517021733401705e-05
-1.437900463654605580e-03
5.072531195604289625e-03
-5.541270854360476702e-05
-2.522061431235829627e-04
5.075292667086311882e-03
-6.517999482939509850e-05
1.270314309048487791e-03
5.082030625910103662e-03
-8.750117602457225239e-05
-4.251647560840645518e-03
-4.145506873527874466e-04
6.000925419027382940e-03
-2.493719427898585632e-03
-1.841946287805416122e-03
7.483007840884976954e-03
-2.352211516061739668e-03
-3.852883956484230016e-03
1.002781939341818897e-02
-1.013087391582945295e-03
-3.607925053468934249e-03
1.002150139142900416e-02
-1.130067755216871035e-03
-2.390664199798169572e-03
1.002241382507151196e-02
2.415262596225661260e-05
-2.104013896012671674e-03
1.001636771639874933e-02
7.640887498148240609e-04
-3.877882077497159762e-03
1.001918905474123364e-02
1.229906789734875380e-03
-2.358534778026447759e-03
1.001352955432563765e-02
1.232723924743873295e-03
-1.129280220322660590e-03
1.001239237319406609e-02
1.250685095395292438e-03
2.085159388762859527e-04
1.001473798567849294e-02
2.405447978980466799e-03
-3.604950251936543237e-03
1.002002038482276494e-02
2.470525163564025063e-03
-2.388850616180012917e-03
1.001798750046277789e-02
2.571266158684710340e-03
-1.059935246460378712e-03
1.000714266793720740e-02
2.353051598606640919e-03
1.521651079773743062e-04
1.000886050384614499e-02
2.682102147881390303e-03
1.380370331069001978e-03
1.001118250489530827e-02
3.643786959801919786e-03
-3.717893125871557427e-03
1.003356561998092547e-02
3.742618568138221004e-03
1.344418862386006358e-04
1.002051017449955700e-02
3.657419818209626649e-03
-2.534547579233497380e-03
1.002439579069744867e-02
3.831480738547912886e-03
-1.206983180957883891e-03
1.002058214374863115e-02
3.832722054511942048e-03
1.356064722426903379e-03
1.001991264373521678e-02
-4.065191519807881751e-03
-5.020430752030400831e-03
1.002084239663956870e-02
-2.795921995778346755e-03
-5.031116719596106200e-03
1.002399595318998610e-02
-1.884449337717327691e-03
-5.036204882398137052e-03
1.002299478539826413e-02
-6.800181528875341285e-04
-5.040015505599535449e-03
1.001473714074476058e-02
8.603544353361612402e-04
-5.043662126263580292e-03
1.001935128209623278e-02
1.697016547566581679e-03
-5.046262366523662259e-03
1.002386956057909825e-02
2.884341248316544312e-03
-5.056693486383610596e-03
1.002439983944032609e-02
2.940286267517873160e-03
6.317627312579424505e-04
7.450812716392854126e-03
-2.987888037879799733e-03
2.556428368798175938e-03
6.970581705761415454e-03
1.712478005592305398e-03
-3.867121442603583398e-03
5.980858149191713158e-03
-5.014204349838409513e-03
-9.793763231641379290e-04
6.506707549837039209e-03
-5.005155954455400846e-03
-4.347509595904807539e-03
1.581457005416122066e-03
-5.005888232008905148e-03
-3.437467697844225588e-03
2.160914622254541187e-03
-5.005961229842443433e-03
-4.287008146146313071e-03
5.612834334185091631e-03
-5.003267329193450755e-03
-4.285483632726827183e-03
6.838678776805070733e-03
-5.002753784279240050e-03
-3.943872983521436344e-03
8.136680236780305733e-03
-5.002882023630827492e-03
-3.611290741040624336e-03
9.086492548789657647e-03
-5.008236050392220022e-03
-2.213032664925762647e-03
3.384013441791868665e-03
-5.006845578450848204e-03
-3.480820644295988010e-03
4.423886889203609320e-03
-5.005605295330938301e-03
-3.060275790013514130e-03
5.612442672401145652e-03
-5.010992559721909149e-03
-3.088060444796373889e-03
6.900819987776184508e-03
-5.003539863134170464e-03
-2.695893309040708809e-03
8.343789488004602767e-03
-5.016972892642284493e-03
-1.819628658657597865e-03
5.766278958355739934e-03
-5.010219280727158317e-03
-1.659251983269503621e-03
7.337481449857090679e-03
-5.019750290228490452e-03
2.336150923327521536e-04
5.653604993036262169e-03
-5.001996107709858266e-03
-1.051638920321099036e-04
9.287174778521919277e-03
-5.011189425145922034e-03
1.126366231422052050e-03
7.077001903424969681e-03
-5.005525826496739356e-03
3.654306466539409279e-04
8.129824333663979163e-03
-5.003482715647213433e-03
1.695256895789789588e-03
8.697023010692479794e-03
-5.002174306595578643e-03
-2.344100586535273912e-03
1.000306052626469093e-02
-5.004738464432267712e-03
-1.327906918396825828e-03
1.000371562065637682e-02
-5.003118957659215792e-03
1.119715484507641332e-03
1.000420486761037855e-02
-5.002776588652209019e-03
2.345032496033632070e-03
1.000249946503394861e-02
-5.001491844127947499e-03
3.568158538163333001e-03
1.000115831563320838e-02
-5.001372549017898440e-03
4.154208494118310016e-03
1.000082895555234365e-02
2.941809958041867283e-03
-6.300985863640733414e-04
7.451247250356568194e-03
-2.459900728348453705e-03
1.883408740794457505e-03
7.482663818910295118e-03
2.931777777613779352e-03
6.011240051974484555e-04
4.487027732573960030e-03
-6.762591932242168098e-04
-2.053497543585336947e-03
4.687298141756450660e-03
3.598659517027053695e-03
-1.212884501839568393e-03
4.996441113934841499e-03
-3.094624571413162693e-03
-2.426115359458964286e-03
6.970580494944330838e-03
-3.113376441005779802e-03
-4.331797635310784093e-03
-5.146947045790892206e-05
-2.896433147811089230e-03
-3.474940073449295404e-03
-5.273972040301207664e-05
-1.928114763598897524e-03
-4.338758907943089486e-03
-5.834372464609688527e-05
-7.449135692954682308e-04
-4.347626865911308203e-03
-6.892395668224238149e-05
-7.384156460398138460e-04
-3.103748714142507640e-03
-7.267353100088186921e-05
-5.174902542627137555e-04
-1.001359670870757444e-03
-7.832579417754464317e-05
4.358906314634316496e-04
-4.351077421303172973e-03
-7.884964205588360141e-05
1.777646207040759613e-04
-3.295597101890038010e-03
-8.055956616656482843e-05
4.487866782816046654e-04
-1.864964358845510152e-03
-8.550244500484980529e-05
1.128905444411172718e-03
-3.501350620014028126e-05
-9.530407605392534514e-05
1.612891846108868927e-03
-4.355505301194248328e-03
-9.697765574507406176e-05
1.620396655373170522e-03
-3.110450898924352770e-03
-9.918419719337116065e-05
1.707795308962926657e-03
-1.121550900539823072e-03
-1.016419364079246013e-04
2.275311700557019860e-03
2.935558873828223651e-04
-1.141691648188913611e-04
1.908512174340595358e-03
1.793098147154404244e-03
-1.028559537084783104e-04
2.787231169822834871e-03
-4.361518487323285884e-03
-1.226589300831132997e-04
3.282187833892677344e-03
-3.117805275807516985e-03
-1.359329289557909112e-04
2.918904193875665899e-03
-1.784638972083319721e-03
-1.276170917230939721e-04
3.292112599471381205e-03
6.203540764758985748e-04
-1.363806633713439864e-04
2.952844896751991282e-03
1.560443488805563850e-03
-1.283358002036695858e-04
3.015544519279900540e-03
2.729114703437057667e-03
-1.274913003213109814e-04
4.054399729136885615e-03
-4.020665467255248038e-03
-1.542072266466001517e-04
3.557855749462469474e-03
-4.449604787571720854e-04
-1.438310049420401301e-04
3.861944300004949669e-03
1.934715348065399465e-03
-1.519689866149965076e-04
-8.737940190293210906e-04
-3.834615681754722973e-03
6.963138562827739068e-03
3.474331515274570181e-03
-1.604059435575319430e-03
6.933422283262160972e-03
4.704129119399530663e-03
-1.145096053778400097e-03
1.286429886152384069e-03
4.747129045078241592e-03
1.022369589478544207e-04
2.533603118586991946e-03
4.689250486557783489e-03
6.575944619665211955e-04
7.218904290682609439e-04
4.710446104533547694e-03
1.738592374936109245e-03
1.428591401019925489e-03
4.756105470461959375e-03
1.375307081221755975e-03
2.775475497020690567e-03
4.741835645425952935e-03
2.605984920709982205e-03
2.504374093504376300e-03
4.801457854111164034e-03
2.200736905431566106e-03
3.732157440062913896e-03
4.857569080457337790e-03
2.241834878963587952e-03
5.377080217672179988e-03
4.688656198482936063e-03
3.086782030589696729e-03
8.998483890578638008e-04
4.729554250601780176e-03
3.902560403788572253e-03
2.555434158932161359e-03
4.795432797547571901e-03
3.723664035574086439e-03
4.355641945482639603e-03
4.691476880773330985e-03
4.361978211391490112e-03
1.291418981257022374e-03
4.829688590530010692e-03
4.102258695981873815e-03
6.186141403137000380e-03
4.791697532232739795e-03
5.080911376290821874e-03
5.400529459693104162e-03
4.768839149980355803e-03
5.081803222239426703e-03
9.165126296928111441e-03
4.659324131502730858e-03
-2.758511598154410067e-03
-1.729285013354418376e-04
4.664147358241070053e-03
-1.876507861915430219e-03
-1.718732983628960343e-04
4.665157739717949725e-03
-5.466451024244359117e-04
-1.731865817309949504e-04
4.667061347413840877e-03
9.876639246195280299e-04
-1.730692399500900226e-04
4.664305241590488600e-03
2.131788732458575041e-03
-1.748233297249712607e-04
4.660596821937689274e-03
3.486982848748946574e-03
-1.701437479294045133e-04
-7.592463960594158286e-04
-3.009823852109208726e-03
4.512459246017020038e-03
1.197277222084013135e-03
-2.814572077073112209e-03
4.499607886162083903e-03
