9.852847138714356697e+04
1.070950955007129232e+05
1.148176319675296691e+05
6.554204359992871759e+05
1.106223146438917902e+05
1.411869613373955362e+05
9.221883048971177777e+04
1.147540461789526016e+05
8.262156280728822458e+04
2.271798367315500509e+05
1.012566958899046876e+05
2.102410018974573817e+06
9.661500294418240082e+04
5.355904435383190867e+04
6.637645715126860887e+04
6.291131400154355651e+04
7.393701195577159524e+04
5.283776462400016499e+03
7.986972226078971289e+05
1.999044433224527864e+06
7.253188632522831904e+04
3.452496747130723816e+04
1.163880161910000897e+05
9.397165816532156896e+04
1.007275237531078747e+05
1.014552909000390937e+05
5.463386832218019845e+04
8.461799297660974844e+04
2.169550609809070360e+06
5.238056544553157291e+05
8.021111673153271840e+04
7.828566216279649234e+04
1.078910082528266212e+05
1.102728091971903923e+05
1.450520230681418907e+05
9.541208595821271592e+04
7.887131333316142263e+04
1.510426045871131937e+05
2.885249215968013232e+04
9.660947950738653890e+04
7.934700745066528907e+05
2.188292756145108433e+04
1.375193654320400965e+05
9.304324717364704702e+04
9.557446854662369878e+04
9.363974327276392432e+04
8.122603834514335904e+04
9.631003918309503933e+04
5.386167838355149433e+04
7.513100050311579253e+04
7.675594635190083645e+05
1.459245947582666413e+05
6.956927335817934363e+04
1.086023421791119181e+05
1.486432708994041022e+05
2.065137979695242248e+05
1.000000000000000000e+02
1.114425182785282668e+05
8.174122370367727126e+04
7.220093382498844585e+04
2.416635207025002455e+05
3.096947998848630596e+04
9.175982653990690596e+04
3.620650556821365026e+05
9.699558759449019271e+04
9.510996807885632734e+04
9.299641701292838843e+04
2.294060076947671769e+05
1.343696562217064784e+05
7.818108853069695760e+04
7.633170775394710654e+04
1.077069283313789638e+05
8.747621391134611622e+04
1.706661820154239249e+05
9.345820896734017879e+04
1.057508739470122673e+05
1.027732340373716288e+05
1.096415389590376872e+05
1.847556328139647085e+05
1.000000000000000000e+02
1.000000000000000000e+02
2.472261762386597984e+05
1.022729253998044442e+05
1.496485713859572134e+05
4.098644142380456469e+04
2.265974214276220184e+06
6.587601126045774436e+04
1.452746606385407504e+05
1.504682357697019470e+05
2.758323017870441981e+04
6.733363690069224685e+04
1.481121597539757386e+04
8.354034647649088874e+05
1.894489369258669671e+06
1.926277253917804919e+05
7.982153840939895017e+05
1.015048090034599009e+05
1.005891296449338988e+05
9.439314320377440890e+04
8.362860655969356594e+04
1.153031780305472057e+04
1.386039026748283941e+05
3.848283832638728200e+05
1.099245537536255433e+05
1.033992774687965284e+05
1.085369774669629260e+05
1.159359906255268288e+05
1.054841413671657065e+05
1.319489393680667854e+05
9.233482962472431245e+04
1.407854866037993343e+05
9.848061115913500544e+04
1.170965095576067979e+05
1.035103030084536440e+05
5.552148716943978070e+04
9.466832958835914906e+04
1.207468752713357244e+05
9.266902424658865493e+04
9.184993526117883448e+04
1.738096929607333848e+06
1.112581437002052407e+05
1.287466860462052864e+05
1.682595296663499437e+06
1.267846015323154570e+05
7.931985090456207399e+04
1.481713235844796582e+05
8.910400061064111651e+04
8.890441250886091439e+04
9.814136115620574856e+04
5.470038913612971373e+04
6.684934985184865072e+05
1.005969408202410996e+05
6.773721898066936410e+04
1.392959805718239222e+05
1.173181962332045892e+06
9.695333655441724113e+04
1.222192789237896213e+06
9.578198266769942711e+04
1.061522504100543738e+05
7.039316283312485029e+04
1.974822701905934082e+04
4.531446155417480622e+05
1.893650322019066516e+04
1.000000000000000000e+02
1.642716334567907616e+05
1.573264512632334954e+05
1.123982076855836931e+05
2.567583549390546250e+04
4.833877702412535291e+04
2.391112424742443545e+05
6.905982004771553329e+04
2.193282026790843229e+05
7.905819155451399274e+04
5.767535204638540745e+04
1.000000000000000000e+02
8.688086663038852566e+04
8.594692458033455478e+04
1.532262850077679614e+05
1.112936475530491880e+05
1.180301529129866685e+05
1.585169126713537844e+05
6.479386000290889206e+04
1.656837181708083881e+04
5.392138979231910980e+02
3.878937288923967571e+04
1.358531451366493711e+05
1.817615158064601710e+06
1.152511688661608350e+05
5.699279870114134392e+05
2.152806714330891555e+05
2.861717795728725032e+05
5.893767182306805626e+05
1.024146192125631205e+05
8.654339583446990582e+04
1.289411546702711203e+05
7.283146850029217603e+04
6.204807395313064626e+04
1.475871933998063323e+05
1.000000000000000000e+02
1.595556105514709197e+05
1.101844606454957393e+05
6.080502914099916961e+04
6.641277241289125232e+04
1.177060101314219210e+05
1.986820469464653288e+05
1.031626690315246524e+05
1.898579943676894982e+04
9.785057026910063578e+05
1.325490552962031215e+05
1.946980413096098346e+05
9.139264718477672432e+04
8.881707464365656779e+04
1.078963454643514997e+05
1.429764409224285919e+05
6.598425430797828594e+05
2.225948512817276060e+04
1.000000000000000000e+02
9.015697860132202914e+04
1.004321648465293256e+05
7.676019962286538794e+04
5.248344721435925749e+04
8.244282756777296891e+04
1.727092994794369442e+05
1.000000000000000000e+02
1.935391890086091880e+05
1.852407242446327000e+05
2.131615367175342399e+05
7.725541712332912721e+04
5.566220284308062401e+05
1.179106919172916532e+05
3.086880705799648422e+05
1.996523669258447189e+05
1.604350230608980928e+05
9.334899669703704421e+04
1.236862779850999505e+05
1.210905654213997332e+05
1.037605062892810674e+05
1.466144241246341262e+05
9.640687859014494461e+04
1.509508196184800181e+05
9.934991893194241857e+04
1.627883783524287282e+05
1.705824288765254023e+05
1.037380224195622286e+05
6.532326950358640897e+04
8.252844628852549067e+04
7.656668580165182357e+04
1.168711464911554067e+05
3.556684786743259610e+04
8.574245087038527709e+04
3.849095840691200283e+04
6.950936396102154686e+04
2.896067405894713011e+05
1.613498867204319977e+05
9.637207655050243193e+04
4.818238861212554912e+04
3.275465063591926446e+04
1.033846522432480269e+05
1.180869582998240221e+05
1.131739018444583926e+05
8.875575401247863192e+04
1.439429090591850458e+06
8.281553135521773947e+04
3.180200984729529591e+04
8.545433080358494772e+04
1.004158670979786257e+05
1.363401476513814414e+05
1.760462565313957457e+05
8.190432930657773977e+04
1.184763978212027869e+05
1.473814055151608190e+05
1.494792061103517655e+06
1.555671446664565883e+05
1.197902545227679366e+05
8.462345234885094396e+04
1.167377082037286309e+05
5.623759704168377357e+04
1.035260198106595635e+05
7.240976772749661177e+04
6.844382414383196738e+04
1.574523097225754173e+05
1.007863589179997798e+05
1.012910480633392726e+05
8.935789385352468526e+04
1.156776942942389142e+05
9.934919120709679555e+04
1.051465452895919443e+05
1.267208993935935199e+06
2.004415840960242786e+05
6.353263224469183479e+04
2.696938884564716136e+05
9.114749009220449079e+04
1.669150355949935329e+05
8.288271280324339750e+04
7.518850770556871430e+04
1.238391010912622369e+04
1.195176924431951338e+05
7.966015451708975888e+04
1.019032555100456084e+05
1.264775409034132463e+05
1.590194725591641327e+05
8.231324449951472343e+04
9.193033972920844099e+04
8.501117285825760337e+04
1.042186597987677233e+05
1.151845821811573260e+05
8.715420399604766862e+04
1.791993488060024101e+05
1.574099187652936089e+05
1.109772259900807258e+05
2.615898705579804955e+05
1.042202676608636975e+05
1.263644729572738142e+05
9.891101883516923408e+04
9.646948701290667523e+05
1.000000000000000000e+02
1.000000000000000000e+02
1.320364146811418759e+05
2.503451919405010631e+04
7.979290664595837006e+05
7.626972932421529549e+04
8.081619073143058631e+04
1.903702901883380255e+05
6.192903291816572164e+04
7.197799596650978492e+04
1.108446013186434284e+05
8.295287277784230537e+04
7.952033362823601346e+05
1.482602868425554829e+06
7.966321707609224832e+05
2.298871151462432463e+06
1.018920393041601346e+05
1.150258822682625323e+05
1.303884875655174546e+05
1.451657766656921594e+05
8.266014132938091643e+04
7.080821488160784065e+04
1.045382796565035533e+05
6.410847123237841515e+03
1.599554632996729924e+05
1.011887160971548001e+05
1.000000000000000000e+02
2.532063536241192371e+06
4.437445878610446118e+06
1.274091506686659995e+06
4.492999939947256935e+05
1.270152023997509154e+06
8.655551890390802873e+04
1.496693755473991856e+06
2.960477925573628396e+06
1.582865442867060425e+06
9.643966923872848274e+05
2.573549444072036538e+06
1.638554314285619184e+06
1.134194141216206190e+05
1.205760791239148704e+06
9.133844646564040158e+04
1.205111787023097713e+04
6.298932136819709558e+04
9.645244763732684078e+04
2.055343670205488888e+04
2.004844028933122754e+06
3.678288674903718638e+05
9.666675119754866464e+05
2.307503047801231514e+04
1.088549596225174610e+05
6.529005837714183872e+04
1.017115170880009537e+05
1.249400687496253056e+06
1.069865371060081059e+06
1.319637304355875531e+05
2.366011946217648438e+04
1.757989326811326027e+05
4.990158506610703625e+04
2.092926774416071712e+05
9.827094588094246865e+04
2.235102836396845523e+06
2.174462822637244593e+06
1.664071455153808929e+05
1.016505615683191718e+05
1.082561486302553385e+05
1.154786548154670454e+05
1.225366188531106309e+05
8.929498063456852105e+04
8.855008868225272454e+04
9.003316356008632283e+04
8.848008813154959353e+04
9.012018452180325403e+04
1.720279684824759606e+05
1.176927788530137623e+05
2.331136860632835305e+05
1.362451579376169830e+05
1.569181541839643614e+05
3.266929196564552058e+03
1.000000000000000000e+02
7.699287021648754308e+04
3.210845799980413285e+05
9.033430059253092622e+04
1.757014147139526176e+04
8.889910938858348527e+04
5.667004471751308301e+04
1.030295967563138256e+05
8.886830416297499323e+04
1.743518968634602788e+04
5.288133766744189779e+04
1.660643382612778107e+06
8.386200242332804191e+04
1.107349013834153593e+05
1.005031457733141724e+05
3.454060748922898201e+05
1.735751065958305262e+06
1.022575958010257746e+05
2.118253689851656236e+04
1.041002556413455168e+05
1.418908185954261571e+05
1.158046608262753289e+05
1.321312131168560591e+05
2.169377018872600900e+02
1.766885662365313387e+06
8.762670211606906378e+04
1.404352803965059138e+03
2.057916427944751224e+06
1.615790420830212766e+06
8.215678695470610401e+05
9.058097973861118080e+05
8.690190196316200309e+04
2.659264335032850504e+05
3.213821769529345693e+04
1.014237932881154586e+06
2.136852014461749932e+05
2.205627862521169707e+06
1.017091663596210128e+05
1.000000000000000000e+02
1.000000000000000000e+02
2.844796186600121437e+05
2.594262709218583041e+04
1.142458891367721080e+05
1.732392322005606839e+05
1.000000000000000000e+02
1.225436592026432190e+05
1.000000000000000000e+02
1.000000000000000000e+02
8.085296576824921067e+04
1.599555015088433865e+06
1.279501199095335178e+05
3.134856917354022735e+05
5.661180611232850060e+04
7.140615879740928067e+05
1.863283768413959478e+05
1.337562122249812819e+05
1.022166358509464480e+05
1.126153040833644191e+05
1.042102757665840327e+05
3.740996614630040131e+04
8.683845648508741579e+04
5.905277512108480005e+04
1.343061753197915095e+05
1.088302191929014865e+06
9.671773646140740020e+05
4.546954694115500024e+04
2.287558781080723274e+05
1.000000000000000000e+02
1.127131382478803571e+05
1.241949780861532199e+05
6.437441283597506845e+04
1.504227807672173483e+06
1.470548513484514551e+06
8.895377673448574205e+04
8.928968969370977720e+04
1.321332871240973182e+05
9.521154275208464242e+04
1.224631892300552281e+05
7.557775807472808810e+04
7.211085507213385426e+04
1.271544067445882538e+05
1.952029895000372780e+06
1.193855721040938224e+05
9.353786829627128318e+05
7.328175042016070802e+04
2.527924291745017035e+04
3.117876241338145337e+04
1.152133431486805785e+05
6.597331837751925923e+04
1.435102449376354634e+05
1.190743678288653027e+05
1.121740288919155864e+05
1.026615265422249504e+05
2.152847576497906120e+05
1.516840192336358305e+05
1.426377203680577804e+05
4.204013993091817974e+04
1.091740346483375906e+05
1.087096036276682280e+05
3.325141072573440033e+04
2.666835603647674361e+04
1.008623398298529173e+04
1.306005214356607758e+05
1.045417131650501105e+05
1.422069252122340549e+05
4.319606950296748983e+04
1.109093327086511708e+05
4.917284964857674640e+04
9.719901535391277866e+04
8.826321485291376302e+04
1.125713323464469577e+05
8.264150205392898351e+04
1.045892904654666199e+05
1.342334050036349217e+05
7.547497080043045571e+04
1.038129645230086026e+05
8.616053672068500600e+04
7.782649211193513474e+04
1.389846456886696978e+05
1.776961379913442652e+05
1.177495473837229074e+05
7.199353365113910695e+04
5.810712766509747598e+04
1.035784536267740186e+05
9.918440823264628125e+04
6.021609801494731073e+04
1.058346673649985169e+05
1.491261087449065177e+06
4.704268809355055564e+05
1.050741225515560218e+05
9.711845991989636968e+04
5.060725382801979140e+04
1.450426053270647244e+05
1.000000000000000000e+02
2.315889614087048976e+05
6.347993729249326861e+04
1.833032949371742434e+05
9.758117072481065406e+04
6.303269259888034867e+04
2.585361419982140796e+04
1.065913555543661823e+04
8.915921919203798461e+04
9.539691472504753619e+04
6.798992676731056417e+04
1.231705275522322190e+05
8.509517743261408759e+04
8.682987932861724403e+04
6.705706551517963817e+04
1.042139722659139370e+05
1.046579528780108376e+05
7.122608099699615559e+04
1.000000000000000000e+02
1.237000705401435262e+05
7.328590774846756540e+04
1.015369857277316769e+05
1.038196169800511561e+05
9.524277361534519878e+04
1.152268601868646947e+05
1.484063769705691375e+05
5.251446212444539560e+04
2.411498846600135221e+04
1.031127336228532295e+04
9.916160340988154348e+04
1.293914103593621694e+05
6.308178514420942520e+04
3.172133301135189831e+05
7.817783526352555782e+04
1.311635963365535426e+05
9.864898758933543286e+04
5.569013671768487984e+04
1.311153248616984347e+05
7.918894474635084043e+04
1.778353314004734275e+05
7.060908860033491510e+04
9.344123589439061470e+04
6.560561676265184360e+04
9.835930074646465073e+04
1.352020693556298793e+05
8.384948163410261623e+04
7.698830149003650877e+04
9.911371575866597414e+04
6.653654173324561270e+04
7.242079337611027586e+04
7.903025591384197469e+04
1.360193479279121384e+05
4.193689303199887945e+04
6.697528226170476410e+04
1.713131726353647246e+05
7.195630227027618093e+04
2.524501612443689082e+05
1.542370415267612552e+05
1.121992546418813581e+05
2.595339566797734005e+05
1.796778502051391697e+05
1.301613267088424473e+05
4.838348219309668639e+04
2.588158736515596102e+05
2.126234251258940640e+04
8.628187837254517945e+04
2.150102627665407199e+05
1.329984156322258932e+05
9.035978263197134947e+04
1.310940789579941193e+05
1.122426086027580459e+05
1.371327931098533736e+05
8.391008070352216600e+04
9.331194494911147922e+04
9.568289575146060088e+04
1.500407725504614646e+06
6.383987477229444776e+05
2.432333647908880841e+06
9.654442039426969131e+05
8.558541328317951411e+05
6.208210059221457050e+04
1.942960759988226928e+05
1.025982901674128952e+05
7.175851284395153925e+04
1.665332832237854309e+05
2.043817171248960949e+04
9.344892779791720386e+04
1.272760159115033020e+05
9.752097637635235151e+04
1.094248612418361299e+05
1.083671006985307904e+05
6.059507892905727931e+04
1.206980326904179819e+05
1.170991627880618034e+05
1.082448073086714285e+05
1.475918949465402402e+05
1.549569610575326951e+05
1.286419050432954973e+05
1.081632258342217247e+05
1.000000000000000000e+02
5.700316387013856001e+04
1.692613544606510841e+05
4.878332567123626359e+04
7.293635144568532996e+04
1.300814509649253014e+05
7.702532672841813473e+04
1.203777281510334142e+05
9.746120399808150250e+04
7.248151904527533043e+04
1.072594833873678930e+06
8.851454508716586861e+04
8.603675002686020161e+04
9.236483508944694768e+04
1.164286060702257237e+05
4.919819734672921913e+04
1.008351265685743128e+05
1.139074266613048530e+05
2.647139450259195291e+04
1.074826486332030909e+05
1.029002070198469009e+05
9.014684728519011696e+04
1.431226767060211569e+05
8.833061542827733501e+04
7.751916956148840836e+04
1.530195907207976328e+06
7.648951252444311103e+04
1.068153832532596280e+05
5.352050064790671604e+04
7.323896739527775208e+04
1.000000000000000000e+02
1.739378084343327500e+05
1.632646826804005541e+06
1.342854673691825301e+05
9.212533847227746446e+04
1.188114961640170659e+05
6.311615830830140476e+04
1.083548078350374999e+05
1.049498845054678823e+05
6.549220402238735551e+04
1.000000000000000000e+02
1.126041356463971752e+05
1.074627390211289458e+05
7.060433681847382104e+04
4.361838301919869991e+03
8.242719572543450340e+04
9.744773203231934167e+04
3.355865544703752268e+06
2.672982079716426670e+05
1.497554808575129719e+05
4.208446373564175155e+04
5.919049525270312733e+04
2.776219123749760445e+06
1.530276498025812209e+06
1.373450451245415607e+05
2.412902150951326359e+06
1.253948277935570804e+05
5.085247403262434818e+04
8.742417621946441068e+04
6.342768461857367220e+04
1.809958478113992533e+04
1.059951282060108497e+05
8.002314878607765422e+04
6.321650714480275929e+04
2.866968594605379621e+05
1.204179018967594253e+06
1.619702276589745888e+05
1.572064513082026970e+05
1.112315270697402157e+05
8.979774628665251657e+04
2.679886245159970713e+05
1.197808193519803026e+05
1.210308129992767354e+05
2.218601330954175501e+05
7.099322001320017444e+04
9.635811760497244541e+04
4.957795976867299760e+04
6.883905549609901209e+04
7.715234359584788035e+04
1.004066518012788438e+05
1.310358328218444367e+05
2.120804216017395258e+06
1.455226986888329702e+04
9.078751679727905139e+04
9.030019570754400047e+04
1.813450441776143271e+05
1.211313129956625780e+05
5.989683175973423204e+04
9.383084018694351835e+04
1.979329894255036197e+05
1.654469079987205332e+05
6.774982172515803541e+04
1.222509239258896851e+05
2.809908176481546252e+05
1.461469014942638110e+06
6.964052998338977341e+04
3.515312858642429346e+05
4.178179807254014886e+05
7.234679411448512110e+04
8.667496759035748255e+04
9.682528220402963052e+04
1.178400468696865137e+05
5.230362294200527685e+04
1.681070119933756941e+05
4.762082780428702245e+04
1.421478527863537311e+05
3.359468675157499820e+04
5.250614600878742203e+04
1.315751970866886259e+05
1.677738163343537017e+05
1.151626339020252693e+06
1.601626969669644313e+05
1.742423962926420791e+05
4.294078126823258353e+05
8.109591513578104787e+04
1.070159690166241489e+05
2.443527911363116000e+05
1.901594316846256552e+05
1.474654819219483470e+05
9.149484849437871890e+04
1.078552153485989402e+05
1.641138037708444986e+06
1.170136019997507537e+05
8.535384882441395894e+04
1.703962168462379370e+06
1.043341774386670877e+05
5.979650320243638998e+04
1.348753605551602377e+05
7.765516760317834269e+04
8.081984991390007781e+04
8.925606943757605040e+04
1.173139188810059713e+05
3.458125332734268795e+03
3.813289486366293277e+05
1.503376166349971609e+05
7.101781116307935445e+05
7.417057808938658563e+05
1.321102037103997136e+05
1.880635476015909342e+06
6.662354238759613509e+03
3.099453422207083204e+05
2.224512029607225850e+04
1.350102875048341695e+06
1.234554968064574059e+05
1.201402603481897968e+05
1.012755893400069472e+05
7.595338905178291025e+05
1.199685196821680991e+06
8.154765307328902418e+04
9.616575349482105230e+04
7.822987387503990612e+04
9.058930457876315631e+04
2.247815066327037528e+02
6.465309599968924886e+04
9.108949034287064569e+04
9.500024115151335718e+04
1.779147262366718787e+05
1.696761999615005334e+05
9.095299835633045586e+04
1.866368319233448128e+05
9.674393968256212247e+04
6.256077741601363959e+04
1.270685830278532812e+05
1.077176406082988251e+05
1.095330708539962361e+05
2.415227746094515605e+05
1.231682635157934128e+05
4.946028669670148520e+04
1.197612611584379774e+05
1.008010128619177995e+05
7.445613137619047484e+04
6.241062563058864907e+04
1.122015765910033806e+05
1.789996252747015387e+05
1.332313893246499356e+05
4.264382464128621359e+04
2.165333044656711718e+04
1.199275502763430850e+05
9.331930729194761079e+04
2.284167802771622519e+04
1.089770376119464054e+05
1.359801782371019954e+02
9.305773552323196782e+04
2.878014150213966423e+04
1.124016535764597793e+05
6.537128471990983962e+04
5.207365114356250706e+04
1.273423028646392631e+05
8.751378405553672928e+04
4.061029541164880357e+04
1.090159612346328504e+05
1.433951500795436732e+05
2.196097468081614716e+04
6.495121978117286926e+04
9.076229095283741481e+04
7.000138277738327452e+04
5.907687247337339068e+04
2.153237053391795198e+05
6.791045797299436526e+05
1.049810293930572079e+05
8.823788351279878407e+04
3.297431054717541883e+03
1.136793178582773398e+05
8.675514922602758452e+04
1.735832108987116662e+05
2.416248922963375226e+05
1.509048378493726777e+05
9.015789856440560834e+04
1.175205589107396809e+05
6.885821321000751050e+04
1.679303801209435915e+05
9.101400651919221855e+04
7.941380085649828834e+04
9.751904732000267541e+04
1.525242761745489552e+05
1.047163301424956589e+05
1.033784801078513992e+05
1.309571911011873890e+05
1.533840835131243221e+05
1.301868515069330606e+05
1.109128563895862462e+05
1.187972130918432958e+05
1.243661841465264879e+05
1.059350525954159384e+05
1.264255340980571928e+05
1.098236945078986319e+05
1.891886114693609416e+05
7.486543352002231404e+04
1.235388127020991524e+05
6.069861679365127202e+04
1.243554691368053900e+06
1.883375561841676012e+06
1.721683928752636130e+05
5.269014462905658875e+05
1.396432722226592712e+06
2.885985300292969681e+06
6.716372040320652559e+03
5.333242467162130633e+05
1.968645801102808677e+06
3.501953344026444480e+06
1.149246742057056865e+06
5.891784122237495467e+04
1.396561663953489624e+05
5.657456446162782231e+04
1.554917589256681502e+06
5.109272971368075378e+04
1.057039765862903732e+05
9.365815213051305909e+04
1.053400650009416975e+06
2.989566997555197217e+06
1.125643355647466378e+05
1.250824121959935583e+05
1.089453427422786190e+05
4.290325142218163819e+04
1.386873554433850804e+05
1.061193588851044478e+05
6.636559593383563333e+04
7.832230732261564117e+04
3.946068844363959943e+04
1.149221868921497517e+05
7.288004381685836415e+04
8.914708318761458213e+04
1.117391548328177596e+05
7.270991207669943105e+04
1.507735276503125206e+05
1.269496347504671867e+05
1.269848998934840201e+05
9.980197468051975011e+04
1.026697153478592372e+05
8.721185512749114423e+04
1.166298186797580129e+05
7.613872030350612476e+04
1.376354956587073102e+05
1.053050997104655398e+05
7.611112309770943830e+04
1.437733300936429296e+05
1.019414097407240770e+05
5.456525198185982299e+04
1.354494981119220611e+05
1.208193930306532711e+05
9.140898711804821505e+04
1.549433081448111043e+05
1.519426333144353703e+04
7.623941652842538315e+04
1.052243804400319059e+05
1.208646717163051217e+05
5.106749149298293923e+04
7.489790479783418414e+04
9.128434548764406645e+04
7.784396163805993274e+04
1.000000000000000000e+02
1.531288428966348292e+05
3.093856238238013975e+04
1.043386185843292187e+05
1.378756283021929848e+05
6.526303251259881654e+04
1.157252503816442331e+05
1.415212655731615378e+05
7.378860792746848892e+04
8.546881506582511065e+04
1.192363713035910187e+05
1.204675924154498498e+05
6.046163872056453692e+04
7.286227563365364040e+04
9.041607832818837778e+04
8.303975608538762026e+04
1.165781814399597468e+06
8.366687799767942633e+05
2.075960840062460193e+04
1.025515756312903104e+05
1.072347212627625267e+05
7.519907882613796392e+04
1.000000000000000000e+02
1.266566673683807167e+05
1.895024799900717335e+05
9.564006974291361985e+04
7.764536177316389512e+04
1.040957889706180431e+06
6.860906870929848810e+04
1.446879835468137462e+05
4.032221029463334708e+05
1.133762433059753530e+05
2.028338597661930294e+02
1.000000000000000000e+02
1.000000000000000000e+02
8.860710582204892125e+04
3.188837806819662219e+05
6.506393764830766013e+05
1.921471665601545246e+05
9.803801895314619469e+04
8.208997018427327566e+04
9.650997371743633994e+04
9.952520931068417849e+04
8.120238643187821435e+04
1.436388227451158164e+05
1.037568350159047695e+05
1.062519924060018966e+05
1.000000000000000000e+02
9.168448279131954769e+04
7.607653713501205493e+04
8.413523222931563214e+04
7.473824935341844684e+04
4.006595784797771194e+04
1.536019064452606835e+05
8.063307702438795241e+04
1.197357084070361016e+05
9.567153425238979980e+04
9.790196443658579665e+04
8.709269620163449144e+04
6.654859485353683704e+04
1.024615891791241738e+05
1.067595437003720290e+05
1.413849918310681824e+05
9.303613031855838199e+04
9.144208441519747430e+04
1.025590873417809780e+05
9.214388634398549038e+04
1.395463738674612541e+05
2.195382052432575438e+05
6.205439987578360160e+04
8.044442238754645223e+04
5.725642588782043458e+04
5.683846072340906539e+04
8.081334597679048602e+04
1.212824942000279698e+05
1.543804734771189047e+06
9.776842995623526804e+04
1.219546878647912527e+05
9.055652712748652266e+04
3.600302564726711717e+04
9.969519517291110242e+04
9.825273789074362139e+04
1.064929585174203676e+05
6.931658338116655068e+04
8.543451922174689826e+05
2.258463516707213130e+06
7.634545292288636847e+04
8.669181201004082686e+04
7.506493069765206019e+04
8.375719583186417003e+04
1.224562734865612001e+05
7.397055089942726772e+04
7.995410528129858430e+05
2.275531563612373546e+06
9.378675970675554709e+04
2.136857357689106837e+06
1.283689540805684868e+06
5.666461191236918967e+04
1.992121783225329709e+05
2.152370861529106332e+05
3.283505760187658947e+06
5.662334767134877620e+04
1.085655345562960865e+05
8.469893060304818209e+04
7.709452784939832054e+04
5.885591365191136720e+04
7.126951953600994602e+04
1.008301614896704123e+05
3.497512840845853556e+06
2.166670004054472374e+05
5.823644829584383406e+05
9.760315088711334101e+04
9.423806065139033308e+04
8.079474887200446101e+05
6.894965311560762348e+05
1.018171440115786390e+05
1.019002127216028457e+05
5.089893605451150215e+05
2.451521275320928544e+06
2.272452883386548492e+05
2.106315961744944434e+04
9.184548718597015832e+05
7.797770291750892648e+04
1.531057056969981350e+05
1.170062450513526564e+05
8.912571558304523933e+04
1.232442949548731791e+06
2.703051005461457535e+05
8.789055374392271915e+04
1.599902988672990585e+06
1.361189745929657249e+06
2.244207982035134919e+06
8.742792733263570699e+04
1.000000000000000000e+02
2.259092730183155509e+05
1.725685191366307437e+06
1.090429188184509840e+05
9.343364405984911718e+04
9.031172120948668453e+04
9.450199232940776274e+05
1.000000000000000000e+02
1.754515938704030123e+06
9.599184944763891690e+04
9.998490039201515901e+04
8.288750031596256304e+04
1.465049603534316702e+05
1.229581154141429579e+05
9.627023656531397137e+04
8.221668047429111903e+04
1.010221392760405288e+05
1.614278776908399304e+05
3.998194478606434859e+04
9.197864954865741311e+04
8.777730339139440912e+04
1.527934116533512715e+05
3.576412644652415474e+04
6.404982067954064405e+04
8.665897526708942314e+04
1.047501708446766133e+05
9.501135321277106414e+04
6.835716498528377269e+04
1.234587773638903891e+05
1.379596341223979834e+05
1.085505048015746434e+05
1.383324242852856114e+05
1.091569023550333222e+06
9.532492009366092680e+04
1.012046149915660790e+05
1.013318728646516392e+05
5.138211925931330916e+04
1.237864032846278860e+05
1.141465943374796625e+05
8.291738627050616196e+04
3.105359111163990572e+06
1.015443180923121399e+06
1.000000000000000000e+02
1.000000000000000000e+02
1.023598837717530550e+05
9.293244080112798838e+04
9.855560591438761912e+04
8.264236730910387996e+04
1.437358820670190034e+05
1.479240083922635822e+05
1.335553455725288077e+05
6.145530834675467486e+04
1.277475171459638746e+06
1.348715733267937903e+05
5.093252917418901052e+04
1.636703780970548687e+05
1.676153011063651065e+05
5.864949123760857765e+04
1.586599311309394543e+05
1.000000000000000000e+02
2.200696554805750202e+04
1.297353031347935030e+05
9.825215097018340020e+04
1.036363347266370110e+05
1.501080685895373172e+05
1.104948417353110708e+05
1.133263166683077143e+05
6.021589285899933748e+04
2.779499325805986155e+04
1.454903094961005263e+05
8.894614888758485904e+05
6.142221732600585528e+04
1.291720897233990254e+05
1.083948699006868701e+05
9.538701298549363855e+04
1.859258481190545353e+04
3.661107025515926216e+04
3.266915277011070284e+05
2.753217869348387012e+03
1.033683177137241582e+05
6.983096241586135875e+04
5.774081915963841311e+04
1.240109184940957057e+05
8.430120463546946121e+04
8.116807594506774331e+05
9.336278308811910392e+04
1.127420014043833595e+06
1.441517758088487899e+05
9.242167412612866610e+04
1.041510251207239198e+05
1.454771698824522900e+05
2.094000709737982470e+04
2.890537889028979407e+04
1.321106690037030494e+06
1.041987936360270018e+06
5.947741117606665939e+05
8.034433891967822274e+04
1.000000000000000000e+02
7.936362948045710800e+04
1.674073980298914248e+05
1.171116077080688265e+05
5.194587807442239864e+04
1.035428856256812724e+05
9.385385679487351445e+04
1.606547656672584591e+06
1.055646746007805690e+06
1.099305701024632435e+06
1.602522553140360687e+05
1.211198494347584783e+05
1.831804303065799177e+05
6.051252046347541182e+04
3.169512714882079163e+05
9.085283059267529461e+04
1.589584072093025025e+05
9.974615291311092733e+04
1.461620657227479387e+05
1.081124165100217651e+05
4.645135319148370996e+06
1.200339814964210527e+05
1.193634653400150855e+05
7.921493652824130550e+04
1.467326221354824724e+06
3.582406933177497122e+05
4.811500364365702262e+04
6.203379258078535349e+04
4.383701087313861353e+04
1.034033376814973017e+05
4.386102914200536907e+04
8.125537114190294233e+04
1.478091409905116016e+05
3.470170262684075715e+04
9.323640122481425351e+04
1.203471915904807684e+05
8.675419829575781478e+04
1.083841753147160634e+05
9.629043384502697154e+04
1.000000000000000000e+02
1.039620156375711522e+05
1.887547021760842297e+06
8.430076473491205252e+04
1.265004443358818098e+05
6.190363694100493740e+04
1.073135089458167640e+05
4.176698599783483951e+04
6.455535934416407690e+04
1.315717785803068546e+05
9.289314852328426787e+04
1.187183325710009813e+05
7.065014806099622510e+05
1.251220164140434936e+06
2.208520355883889832e+06
1.012963106402162666e+05
2.503757001141746514e+04
5.673755419507242914e+04
1.343480434794754256e+05
1.451488842819922138e+05
9.123519983588263858e+04
1.154003143824152794e+05
1.123669508265485056e+05
7.983442166072914551e+04
9.870022200831533701e+04
1.067867682918810315e+05
1.225386879276741238e+05
9.768015977114188718e+04
1.068608342717166961e+05
7.901438506542817049e+04
9.020617344529966067e+04
8.836251782736477617e+04
7.400409241089306306e+04
1.543326184761381883e+05
1.233188476006882265e+05
1.104013050568136387e+05
9.405014407989814936e+04
8.079246456203389971e+04
4.854960469687209843e+04
1.108963215306875063e+05
1.000000000000000000e+02
5.644951591416753217e+04
6.493140400053485064e+04
2.826215350244037108e+04
1.918183131937549842e+04
9.414492911426999490e+04
1.039588022677610279e+05
9.153037747401592787e+04
7.430496311870118370e+04
1.339339470294207567e+05
7.768977880387223559e+04
1.288832767935276206e+05
1.150001886832104647e+05
9.408846452353193308e+04
7.700731392224134470e+04
8.317327416969348269e+04
1.286886802444762143e+05
1.000000000000000000e+02
9.947052337186908699e+04
9.932039435100644187e+04
9.114568103533654357e+04
1.000000000000000000e+02
8.985961230007046834e+04
1.087167472768541775e+05
7.216566320966520288e+04
5.812534477192853228e+04
9.964801158692047466e+04
1.040179366220497031e+05
1.000000000000000000e+02
9.589633703416962817e+04
5.815095273776116082e+05
1.197558485217322886e+05
1.268005920696822723e+05
1.028184497010900523e+05
4.798877274064366065e+04
1.633721133556147804e+06
2.045194337902065058e+02
1.002212683142905735e+05
1.006945222590558988e+05
1.030045994268933719e+05
1.026392473114896275e+05
1.404612625228102552e+05
5.859905420810390933e+04
3.479138680616611236e+04
7.867761238268588204e+04
1.758746815912915918e+05
1.502600572546484414e+06
9.072669741529783641e+04
5.965145959881876479e+04
1.244920341483113443e+05
1.521794304504957981e+06
9.122117056041130854e+04
1.010444078784664744e+05
3.257635201507456135e+06
1.371198593630201649e+06
1.261414763004258275e+06
9.192419684752625471e+04
6.426741121815648512e+04
1.000000000000000000e+02
1.766128329416416818e+05
5.177467914450763055e+04
6.968736322756686423e+04
9.708464074806086137e+04
1.665591049171038903e+05
9.601387691054046445e+04
1.190723087359719502e+05
8.372986101653693186e+04
1.027605017799027992e+05
1.302507605641690607e+05
1.029325545384575526e+05
1.012773512351144018e+05
1.219057921167159366e+05
7.598147486319928430e+04
8.785669041396450484e+04
7.838704140675217786e+04
8.046876655071595451e+04
8.442052044519566698e+04
1.570044897275642143e+05
4.194312033047878504e+04
1.008357546061080357e+05
1.189735319521690253e+05
1.214198956092946755e+05
6.638914866181160323e+05
1.840885949329550494e+05
4.523958454975312343e+05
1.179542786568946758e+05
1.928527280531828583e+05
5.390660577692578954e+04
1.714434416489326395e+06
1.004117554334771412e+05
9.092517633418602054e+04
1.310496459240112745e+05
7.968634611505875364e+04
1.196250690509468084e+06
1.490393109141338500e+05
1.488062604040068982e+05
9.160536136751722370e+04
1.087594326889342483e+05
8.417475664734591555e+04
3.879540781840685668e+04
3.450176286842146073e+05
1.342751623649638786e+05
7.987929325099717244e+04
1.211655886828441435e+05
1.282344976401143707e+06
1.416999022960161092e+05
1.164812648192384950e+05
8.880981064907417749e+04
3.876875266155647842e+04
1.447520837685209408e+05
9.080415778792348283e+04
9.471907312842051033e+04
3.761836975364757382e+04
2.682173953605034039e+05
3.385442555631493451e+04
1.029673759293105686e+05
1.000000000000000000e+02
1.000000000000000000e+02
1.177942473842498002e+05
1.084346187505874317e+06
1.377858934365492896e+05
1.359228100012682145e+06
1.954702402315111831e+05
1.307281587049341295e+06
5.371715398076421843e+04
8.154627100967608567e+04
1.147241442105331953e+05
1.373689528793397185e+05
1.136267878241480212e+05
1.000000000000000000e+02
1.804274385225807782e+05
3.406309769086873712e+04
1.522365473110040184e+05
2.318791482544409519e+05
6.905204144351274590e+04
9.344931122652675549e+04
1.034858151526952861e+05
7.058430030758384964e+04
1.426313745248189371e+05
8.166027159989875508e+04
5.350655460714679066e+04
1.184740779586848657e+05
1.953399743862364267e+05
4.358091038858719548e+04
1.258918689179036883e+05
9.094545209113290184e+04
9.643709787583469006e+04
1.098055527374600788e+05
9.322912934294725710e+04
1.104881895296340808e+05
8.658501993435106124e+04
1.151696807078769489e+05
4.939841752429924964e+04
8.586474276189150987e+04
3.384143618314781343e+05
3.207202573463497174e+04
5.012412994316880940e+04
4.199217180649751390e+04
4.792696770976574771e+04
1.041863534764794022e+05
1.014223793488232914e+05
9.232012963785402826e+04
1.093989195196590481e+04
1.720819547047485132e+06
4.694193748824750219e+04
1.366888998096043360e+05
8.399834628747263923e+04
8.053079182077514997e+04
1.799165778201732319e+05
9.487131764428663882e+04
9.078665292245680757e+04
3.803722459323882504e+04
2.400095433695995598e+04
8.613924825024927850e+04
1.097470192460581602e+05
1.656082805617025297e+05
1.418351033995152393e+05
7.130152687467333453e+04
4.554214295250330906e+04
7.240273550116519618e+04
1.037776535629709106e+05
9.077927761484814982e+04
1.079585254096261779e+05
4.033639737066230737e+04
1.827294350284339162e+05
1.177061140643804538e+05
3.075316053775624605e+05
2.169169321581691969e+06
1.000000000000000000e+02
2.669636619832017459e+05
3.535127244383897632e+06
7.374656313970735937e+04
6.142811481160484982e+04
7.695711344706284581e+04
6.018580654010508442e+04
2.163924152768331987e+04
1.629944570166082412e+05
1.100014352317673329e+05
1.140894825936191919e+05
5.816054181920157134e+04
1.010641505511892465e+05
2.337340071058955800e+05
5.353637762373256555e+04
1.627842480621579569e+06
8.818463899762538495e+04
1.287837901259128121e+05
2.166561194501013670e+05
2.093599894252633967e+05
1.824802851449728187e+05
9.294732349680362677e+04
8.701655904841067968e+04
7.941556910637526016e+04
5.990591803199228707e+03
1.304899149115542823e+05
9.902459682614133635e+04
1.573498605020267132e+05
1.000000000000000000e+02
8.984963790860299196e+04
2.474329022300245415e+05
1.021203050199507270e+05
9.920869873913405172e+04
1.234752888053920760e+05
6.255549162322714983e+04
1.016885110897856066e+05
1.411424060216700600e+05
1.316914494882040003e+02
9.460792019905005873e+04
1.236795629269855563e+05
1.038032808195101679e+05
8.599948393635131652e+04
1.165819384853594674e+05
7.918780833628718392e+04
9.701609341661946382e+04
5.109670637224315578e+04
1.966752838896553731e+05
9.966524986212623480e+04
1.052429774930811691e+05
1.053696308349421743e+05
8.869887554974088562e+04
9.785029068940637808e+04
6.748136892510669713e+04
1.256449507234846678e+05
9.313694054710038472e+05
1.623402180445131671e+05
1.341040105526052939e+05
1.059482620871144027e+05
8.975994215688011900e+04
1.073489882964475692e+05
8.421902735337633931e+04
1.823812918549395108e+05
9.675993178736929258e+04
1.459858591323738510e+05
1.138258848846922192e+05
9.667586747126374394e+04
8.657261494300795312e+04
9.096594250289266347e+04
9.494110301336551493e+04
8.130888761163446179e+04
9.421751769878780760e+04
9.166749312418724003e+04
6.661757351000647759e+04
9.485648196758409904e+04
2.150915186827459838e+05
9.563394895090642385e+05
1.842716844574356917e+06
9.335408253850699111e+04
2.662857478706208989e+06
2.050944779083680362e+06
7.864090705772918882e+05
1.222709423744153231e+06
9.887922241425937973e+05
7.330092275457411597e+04
1.212302519484000979e+06
1.852970504755293019e+06
1.000000000000000000e+02
5.415728541488865449e+04
9.073150844049592270e+05
2.329071228620048612e+06
7.039121907130269392e+04
9.046069788923695160e+04
1.753119649501479289e+05
1.451503217425627809e+05
4.596522590080667287e+05
1.924941027303176234e+05
7.912662368083705951e+04
1.385286435932331486e+06
6.799127419870851736e+04
1.431998283588744234e+06
1.126858752861823741e+05
1.164740368205373641e+06
1.304740656466562068e+05
1.000000000000000000e+02
1.280582632373479428e+05
9.553961795724929834e+04
9.249935630070809566e+04
9.736550339162741147e+04
6.937670629787360667e+04
5.325766130426112068e+04
1.088273086854712601e+05
3.863797926735977671e+04
1.160620704106723715e+05
1.304891798591906409e+05
1.078884439030664653e+05
3.277035387169152818e+04
1.050611203622622561e+05
4.581017113585615334e+03
4.171886377909739531e+04
7.214005172547920665e+04
4.549307569267535000e+05
1.069849629100569146e+05
7.793088280614545511e+04
1.100170800279063173e+06
1.331409999165027170e+06
1.116735926246729214e+05
1.000000000000000000e+02
8.379880374420691805e+04
9.422666991687730479e+04
5.449142497925870703e+04
1.446498003154638864e+05
1.199195919976969744e+05
5.759356627995714080e+05
7.224228702734758554e+04
1.194401077023515099e+05
8.068325673109189665e+04
7.308021350775967585e+04
7.986689788325557311e+04
1.104534801297614467e+05
2.805103076593446895e+05
1.000000000000000000e+02
1.619788974305451382e+06
1.169788187276084791e+05
1.011396803306947113e+05
8.907844553311429627e+04
2.557299018355132648e+04
4.705395365300931153e+05
1.606849688043880633e+04
3.328028880873462185e+04
1.461368942531425273e+05
6.636144135363549867e+04
1.464657736739108572e+06
1.483098487656957877e+05
1.388511195657343138e+06
7.130737880289128516e+05
2.180009218881476671e+06
5.429779979560717038e+04
6.159719172382376564e+04
5.651925059131542366e+04
9.586539955275777029e+05
2.943436364649624011e+04
9.524695747600840696e+04
2.140017059631722223e+05
2.187757420066231862e+06
9.526825814976544643e+04
1.377844829388366779e+06
1.246548714095619216e+05
1.350866603654250212e+05
1.179836715065942844e+05
6.287224928289864329e+04
1.398255804235073738e+05
6.230296168469620898e+04
1.018601389115924976e+05
9.684226723918263451e+04
1.474766257667101454e+05
1.023020609738996282e+05
3.372754429590255313e+04
5.973946085610953014e+04
5.228627785585074889e+04
1.000984463700795895e+05
8.983116010184856714e+04
6.589536444013228174e+04
9.392468218253787200e+04
2.307175814445634314e+05
4.529007114188470041e+03
1.188898951565467287e+05
9.003602121687530598e+04
5.902073516528862092e+04
1.170945321739545179e+05
1.507173037012743771e+04
9.000444758032720711e+04
5.568391481715180271e+04
1.195227831328604516e+05
1.000000000000000000e+02
1.307379434550596634e+05
8.909152613951519597e+05
2.010122892973318812e+05
9.884367137755984731e+04
1.353572876434182981e+05
1.271686809848852572e+05
1.150075068618055520e+05
7.245468410935961583e+04
1.011334843092996744e+05
1.131756241230010201e+05
1.284792851472232433e+05
1.131793477808599710e+05
1.625725653422343021e+05
1.149489351619364897e+05
1.097876723433536245e+05
1.832721721953141096e+05
1.237259394661715341e+05
9.647275641699561675e+04
1.112425517001243134e+05
9.013995171785519051e+04
1.020863795051765919e+05
1.178118731069465575e+05
1.631157326130111760e+05
1.798590592377095018e+05
1.309954856851138611e+05
1.228818739228461054e+05
1.998151387714062294e+05
1.979300264774081879e+05
9.213328075116840773e+04
1.066940770235256496e+05
1.886469236544423911e+05
3.064802905022436244e+04
5.598285067350073950e+04
3.529804034331033472e+04
2.592484176372463480e+04
4.951772148847912467e+04
1.242043272877831914e+05
1.620938019262828166e+05
6.918416248387520318e+04
9.835003246767332894e+04
1.068989589602893975e+05
9.080312207389075775e+04
1.283243611030629545e+05
1.252148000895135774e+05
1.015996429837626783e+05
9.400543794931084267e+04
9.627618756015894178e+04
7.148463888809128548e+04
9.898097089063134626e+04
1.031581968044238747e+05
1.025712484009406180e+05
8.933526567105051072e+04
1.732722202171122190e+05
1.041629081412245723e+05
1.191608369536163518e+05
1.703022830686550296e+05
9.764069206894891977e+04
8.109447387025751232e+04
1.306455420522337954e+05
9.214210759465738374e+04
9.646734317500788893e+04
8.768505564360496646e+04
7.396072262233513175e+04
9.967491652658776729e+04
8.045284163490106585e+04
2.010827022366459423e+05
1.065997285884369485e+05
1.105686671401644562e+05
8.495828516112541547e+04
1.011998787082094495e+05
1.288905341205258737e+05
1.025457344153222803e+05
9.155080730373115512e+04
8.356021807310880104e+04
8.422941234318932402e+04
1.156133733733909175e+05
1.068290002739247284e+05
1.126093553470198385e+05
8.869160683862297446e+04
1.268705951573036145e+05
1.179488798903425050e+05
1.359575678593905643e+06
7.204662789760400483e+04
7.501546141546884610e+04
8.310019826946884859e+04
9.841395311391935684e+04
1.582270856256236322e+06
4.173668662110163859e+04
1.842178421555022360e+05
1.147955489987431502e+05
1.037618050556411181e+05
1.373774693211330159e+05
6.573307178381184349e+04
1.609735554803607753e+06
1.463172202884209109e+05
1.285239810258292855e+05
1.420398255973137566e+05
1.208522693637700286e+05
7.190351210968330270e+04
1.000000000000000000e+02
9.266379158714524237e+04
1.713809470191546425e+05
2.493369324041093234e+06
8.433974611938321323e+04
6.032945996280042164e+04
1.469915961873068474e+06
1.000000000000000000e+02
3.182104547324814368e+06
8.583776324792075320e+04
1.327404309069497045e+06
1.281610019435931608e+05
1.835852137221638812e+06
1.627572582607868128e+06
1.779882977363838814e+06
3.435859887637471547e+05
1.251150754092655407e+05
2.008387415258268127e+06
1.157230888199723559e+05
5.047786523628086434e+05
3.825843769688738976e+05
3.358409667927503506e+03
6.227411567171791103e+04
1.970452010413114680e+06
7.406280453993119590e+04
1.399153407385227503e+06
2.278402068204648094e+05
3.333436246125962120e+06
4.241323905750804581e+06
1.000000000000000000e+02
1.036072571158479783e+06
1.002878544510941429e+05
1.189006769930484588e+05
1.090892913743293844e+06
1.188568664919427829e+05
8.859037289702146081e+05
9.535365272353965556e+05
2.536533255829601083e+06
5.947106299834306265e+04
2.551464824881275184e+06
2.789234488873577793e+05
8.597958213068504847e+02
2.777405026700656745e+05
4.772268272638380295e+05
1.088907736256720964e+05
1.769945429230306763e+06
2.651473931022406323e+05
5.978757590596325463e+05
9.419931857775136596e+05
1.748417768563218415e+06
1.503989138734039443e+05
2.821325801239743829e+06
1.100189176658163313e+06
1.000000000000000000e+02
3.596669289802841959e+05
1.000000000000000000e+02
8.171068004416863550e+04
6.075127863780788903e+04
1.000000000000000000e+02
1.550458450938337948e+06
1.000000000000000000e+02
2.755779890087388922e+05
6.973505510670476360e+04
1.662850080835949029e+03
1.742046921171545051e+06
4.958645319814257673e+05
1.413930394011690514e+06
1.296091352538960055e+06
9.482319945242557442e+05
1.064225009799743566e+05
6.031750018469528295e+05
2.547666652909332886e+06
1.142773463409497926e+05
6.886436620444068103e+04
2.334847429132285528e+06
1.645172695789517136e+06
1.222556954779707594e+06
1.179658403523836983e+06
5.977621279035851330e+04
8.117886674198758556e+04
1.087942268638745183e+06
3.085007068867913913e+05
1.124838448108546145e+05
9.421488651031928021e+04
1.022095282776451058e+05
1.022617843424094317e+05
5.890278093895295169e+05
1.333434981467102189e+05
2.045307378494174336e+05
5.055074223640266428e+04
1.737443686294146464e+05
6.733495340868145286e+04
2.230137603068296739e+05
1.022530489550769562e+05
1.042938112012572237e+05
1.142340927779734920e+05
1.507234036068817368e+05
7.575320273924741196e+04
4.931413876121709472e+04
1.269799316108065614e+04
8.222446373954105366e+04
5.632518375473774358e+04
2.580225986609804968e+05
4.419258649279019301e+04
1.000000000000000000e+02
7.862687019377721299e+04
2.030529634124476579e+05
1.255182674913550291e+05
1.598598775519251358e+05
7.767357535057069617e+04
8.989915358415615628e+04
1.008441930302061955e+05
1.066238911024034023e+05
8.781096489442620077e+04
2.614064984559559263e+06
6.841569869834019300e+03
8.652796070388918451e+04
1.292670356511329010e+05
1.649745948605714366e+06
7.060857061459839315e+03
6.596810480962983274e+04
5.831353311983597232e+05
1.103415766330652259e+05
7.588606490055157337e+04
7.463588763524638489e+04
1.681287989923466812e+05
8.421861312041596102e+04
1.458698960788135882e+05
9.626917293835744204e+04
1.203749256133315648e+05
4.192028788413741859e+04
8.287471128990242141e+04
4.612819416040291981e+04
1.316573917458009964e+05
6.536279915649665782e+04
7.861135057283520291e+04
9.242112268520303769e+04
9.945304284597837250e+04
9.410309147141210269e+04
1.240022670427568373e+05
1.403090198105175514e+05
9.410862438552109234e+04
9.936628566626658721e+04
1.015740832254226989e+05
7.227316576988706947e+04
1.085184135794856556e+05
1.105583923682428722e+05
9.297327363752042584e+04
1.590926350689619139e+05
1.147417479997039918e+05
9.789755024337997020e+04
8.995272511054208735e+04
1.059149601195684954e+05
9.450603442863468081e+04
5.160738822543517017e+04
1.046003735344455054e+05
1.604892005943262775e+05
5.766772584079088847e+04
9.648146973366512975e+04
1.075964096879528224e+05
1.149883139684613125e+05
9.284790340922705946e+04
1.176764072252052574e+05
7.347895268120021501e+04
9.747283828446149710e+04
2.686948578399482722e+04
1.013880190089757234e+05
1.136473004277341824e+05
9.377451970488202642e+04
1.053265591041389125e+05
9.604118183580668119e+04
1.138172124349506339e+05
1.289593348573272815e+05
8.462613788468657003e+04
1.744064543553553813e+05
1.054460142590024625e+05
9.222123892933010939e+04
9.298297306595822738e+04
9.340609061796058086e+04
1.309780071253732312e+05
9.961238343303289730e+04
9.889611633237077331e+04
8.659653123297730053e+04
9.901875486898935924e+04
9.157112395721393113e+04
1.028355146239376772e+05
1.049512751666080876e+05
1.021663215436177270e+05
1.046113685156843712e+05
9.544627386605863285e+04
1.051151987667223730e+05
1.010792094302617625e+05
9.237865626603110286e+04
9.326794312399433693e+04
7.327915725245268550e+04
1.129734714825849660e+05
1.431607854406683473e+05
6.829340311036414641e+04
9.285389001763628039e+04
9.363572796520724660e+04
1.547753997286197264e+05
8.649510953046925715e+04
1.057152856574646867e+05
1.036077782875201519e+05
6.181038659001075575e+04
1.068491386356410367e+05
8.955165512858086731e+04
1.141837218946361536e+05
1.016751273994806543e+05
1.172110129967378598e+05
5.603527432990716625e+04
8.053733768426068127e+04
7.077225312279358332e+04
1.336404520520262595e+05
5.995843998492140963e+04
7.876644460421449912e+04
4.691940829183633468e+04
5.001041278389762156e+05
1.289925464083510451e+06
1.255088006844764808e+06
1.644898646891652606e+05
1.093560210509106109e+05
1.168121733593338868e+05
1.010725716429016029e+05
1.133992911025033100e+05
2.257882009621104226e+05
5.240619366504944628e+04
1.062156130646004167e+05
1.173877482023775228e+05
2.283053798601023445e+05
2.286325071587271988e+06
1.368470169969626004e+05
2.382759347448969493e+05
7.608806389341397153e+04
9.506256858358142199e+04
2.123241790976304037e+05
8.573843212785610231e+05
5.472097005583822029e+05
2.405572182852596510e+06
4.304398363283289364e+05
3.449008987608743482e+05
1.771215410203846870e+06
1.000000000000000000e+02
9.969322168786171824e+05
1.171154597601801390e+06
1.284216505592448870e+06
1.733676489213037770e+06
1.105670223231301934e+05
1.686012513984651305e+06
6.244423090987477917e+05
3.118293848992156927e+04
1.216527824143733596e+05
1.541948226198096236e+05
8.531496949101379141e+04
1.037327450334062014e+05
7.593263457505441329e+04
1.095953859159691929e+05
1.136413810947241582e+05
2.479849710501105801e+04
1.378375559937926009e+05
1.004236825558277487e+05
1.507981425786226173e+05
1.052353951710372785e+05
9.318212841264887538e+04
1.059502161796777218e+05
9.754542573130047822e+04
1.267583769756792608e+05
9.120549860359849117e+04
9.571207124974504404e+04
5.747908197838174237e+04
1.341987131500216201e+05
1.140823419841469877e+05
8.778440168691125291e+04
1.150676675647398370e+05
1.123862008892787562e+05
1.592591351932441175e+05
1.398880202609860571e+05
1.089701149600567733e+05
9.074688256587814249e+04
1.035060812827694608e+05
9.891727782482169278e+04
8.962701630131158163e+04
9.652280295058489719e+04
9.866139508901187219e+04
1.007213905263210036e+05
9.920396952112542931e+04
1.078290113944140030e+05
9.396323278216624749e+04
7.987411816108168568e+04
9.975234688504747464e+04
9.227215025528818660e+04
1.213402879576757550e+05
1.067068545913929847e+05
9.605276944085450668e+04
4.196975404089382209e+04
1.696677010705050780e+05
1.194556303658105171e+05
4.028975270277129312e+04
4.936607267683732789e+04
1.045853050503073755e+05
1.001403161369429145e+05
9.388001107777059951e+04
1.291880966137741343e+05
4.665528921547879872e+04
1.755078063824041048e+06
1.150884944213760318e+05
1.690052955784001970e+05
8.692987557818440255e+05
8.373722046932564117e+05
1.000000000000000000e+02
9.301718536668470188e+04
1.168792865531562275e+05
8.118211983455216978e+04
2.783804547274154029e+05
1.613319203859798145e+05
2.641505778050230947e+04
1.361486449324708665e+06
9.311882148292188067e+05
1.741391227346996777e+06
8.409132369741424918e+04
1.032089006947917369e+03
1.393265369896505144e+05
1.742172304177377373e+05
1.135915805419291719e+05
2.390742537200016159e+04
9.632960348622403399e+04
1.129192779147628171e+05
1.061886682406805630e+05
6.792104115016208380e+04
1.007426740471928206e+05
8.455962959091133962e+04
9.354403513540189306e+04
8.420521738459252811e+04
1.178312688385058282e+05
1.033471132825551322e+05
8.678833106824383140e+04
8.045183179706269584e+04
6.920324250061408384e+04
1.033509430769669270e+05
1.153177617762662994e+05
9.513530249345710035e+04
9.841883968572552840e+04
1.070283611846659624e+05
1.018103398061818880e+05
8.910036875309867901e+04
6.892089214295931743e+04
9.728192619433012442e+04
1.055009021258766152e+05
8.194370063341650530e+04
1.113722014650468482e+05
9.773735075656897970e+04
9.218245900417122175e+04
9.603793611057027010e+04
1.037056929610618245e+05
7.472209638459132111e+04
1.229661005094733991e+05
1.030023288000316243e+05
9.832203600550311967e+04
9.951762243752079667e+04
9.043482859084925440e+04
1.604113029509491753e+05
9.151337700621111435e+04
1.016534893218246143e+05
1.068888562247050140e+05
8.300732323841667676e+04
6.582668377723768936e+04
1.069779699415272771e+05
9.251576037523856212e+04
1.148150932847409567e+05
1.009650265447757702e+05
6.255493765470176731e+04
1.092671800675949635e+05
1.346536822672568087e+05
1.128490677070017700e+05
8.294488655561028281e+04
2.053129420601009770e+04
1.294451993772051064e+05
1.013552592804720334e+05
1.533298489999579615e+05
1.123727542744932434e+05
7.332599986317816365e+04
9.917098468741361285e+04
1.220669994662425452e+05
1.026906411706885992e+05
9.036041657360075624e+04
6.966420327874871437e+05
1.432144089569593198e+05
8.974412146318888699e+04
8.837217421327070042e+04
8.056298406050138874e+04
9.994531105785067484e+04
1.030951943862956687e+05
1.489150283225855965e+05
1.338291143431212404e+05
9.964941876104447874e+04
1.054855430076080811e+05
9.849007882979878923e+04
1.029196579783759371e+05
9.876926628888258711e+04
1.088015678013940196e+05
9.609120439503222588e+04
8.269649388145413250e+05
1.138803153759573179e+05
1.471366297724809730e+06
1.087376588808043016e+05
9.888061320963244361e+04
1.020606918842010346e+05
9.859333047884107509e+04
1.387064551877978723e+06
7.656868180841217691e+04
8.853430204607047199e+04
1.096017522196834761e+05
6.989574871887189511e+04
2.093770214640484191e+06
7.045967389829370659e+05
1.481239925388794509e+05
1.083009281875132147e+05
3.896756404391293472e+03
7.963492744720957126e+04
9.270448871479762602e+04
8.755512338353080850e+04
1.195941479664905200e+05
1.304447965176921425e+05
1.157796787953250459e+05
9.990271372232367867e+04
1.198510977589292015e+05
9.252189427827540203e+04
9.641475973808088747e+04
1.116405448922522191e+05
5.918470963049024431e+04
7.833661792087151844e+04
3.787126026468578493e+04
1.046435666545139509e+06
1.330971188654316124e+06
1.751142707361012435e+04
1.000000000000000000e+02
9.589911799545938266e+04
8.933173713065154152e+04
1.748977674286922673e+06
8.038407574927735550e+04
1.725101860269823112e+06
1.782028601031022379e+06
1.551526611724550836e+06
1.580474313807322877e+06
9.678231833663108409e+04
1.582426346093015454e+05
9.634667522999949870e+04
8.094206443263564724e+05
5.571833529032601509e+05
2.110940142593759112e+06
1.563911671793762362e+06
1.320247262085896218e+06
6.582210876063859905e+04
8.228368267287724884e+05
7.554682179250287300e+04
9.438110126612582826e+04
1.553893909100964433e+06
8.403044153359119082e+05
9.159516297921893420e+04
1.368513929664293537e+05
1.043733136692548753e+06
2.798976045593699440e+06
1.384533520124365750e+05
4.271282988058803312e+04
1.432562914142667723e+05
1.509360224223415134e+05
1.256100352063333994e+05
4.022883153308517067e+05
3.681003599645318900e+04
1.137645575594512920e+05
1.285511019247154618e+05
4.362837646429105662e+05
2.447602918265047483e+06
7.548298376408719923e+05
1.291342479812340607e+05
1.465565409636566415e+06
1.197306105687393341e+06
1.646251457187218126e+06
6.404373186347845476e+05
7.295718036021011649e+05
1.175650723561037797e+06
7.788530858146442333e+05
1.000000000000000000e+02
1.000000000000000000e+02
8.498588299071286747e+04
1.091363730280629679e+05
1.181112112924117973e+05
1.329479292445871688e+05
1.372935323995257029e+06
8.976742250010835705e+05
1.839207835735501256e+06
2.681460521843834431e+05
9.632216930911283707e+05
1.313160977695408277e+06
1.749911980149344599e+05
1.359376239987336157e+05
1.423318211416558130e+06
1.853732226272556582e+05
3.452954468974579358e+05
2.437605548999231309e+06
1.134644427993395948e+05
1.398001380063271208e+05
1.457457353233008413e+06
2.011723706882242113e+05
1.240308019274601975e+05
1.150417977540033608e+05
1.740757539188485825e+06
7.862110712775030697e+04
7.280041016924944415e+04
9.078365398340989486e+04
1.358640452411547594e+05
2.376418609775948789e+04
8.560286825370471925e+05
1.616261820017965045e+06
8.535879398052110337e+05
9.722885973487728916e+04
1.292398256322675152e+05
1.513738337123513222e+06
1.316104259756636340e+06
8.320650592446102528e+05
1.641127472833499080e+06
1.564636514133243822e+06
1.327318185902636498e+06
8.418573534423424862e+05
1.282332107710237906e+05
1.000000000000000000e+02
1.000000000000000000e+02
4.288885515917905286e+04
6.319221957468515029e+04
1.000000000000000000e+02
1.215231000725970836e+06
1.715964303192621795e+06
1.087494121347221517e+05
3.017189225955618313e+05
9.019938750591881108e+05
1.644189061254485743e+06
3.734504521250511752e+05
2.478214893437977298e+04
7.280426675135105615e+05
1.662431141817114083e+06
4.622968299486221076e+04
5.106457890340907761e+04
1.040221405075427756e+05
1.395930680878180545e+06
2.986590757930692285e+06
6.502121870860085619e+04
7.249759223647402832e+05
1.294295504512670916e+06
1.287287351794979077e+04
1.889526505172270117e+05
1.664219062577076955e+06
1.675669310899425298e+06
3.867901819064458832e+05
1.610861554610060994e+06
2.928106469649042119e+05
1.319464803916677833e+06
1.775300650841257593e+05
8.735616540352074662e+05
6.943926476060585119e+05
2.268419941529354081e+06
2.910424791158717708e+05
7.468174892388969602e+04
1.420907888940501725e+06
1.120590842651718413e+05
1.062003837542885303e+05
1.334156409012062650e+05
1.304268960435094632e+05
1.100350459471360809e+05
1.137904330774543050e+05
1.262487992817572085e+05
1.203517788058898732e+05
1.109824782278339990e+05
8.835872827347507700e+04
1.364258068834073783e+05
1.532140776000099722e+05
1.007785576568047836e+05
9.736631093076060642e+04
9.236027692841851967e+04
1.042860949391613831e+05
1.052296523852241517e+05
1.044521920279931510e+05
1.117420067012972140e+05
1.090758721105420409e+05
1.200970973325906671e+05
8.629965656575403409e+04
1.001907134055877395e+05
1.056818365802539483e+05
8.701823966181595461e+04
1.028482106781396869e+05
1.044192188866138458e+05
9.683494224421540275e+04
8.067071728812796937e+04
9.283012632823460444e+04
8.783606681922261487e+04
8.864011868178403529e+04
1.128318307953291223e+05
1.059433299056001561e+05
1.181413672192454978e+05
1.086744500522922317e+05
9.361407829518672952e+04
1.001594213249086315e+05
1.094127906864327524e+05
1.094434279120867286e+05
8.152088998558920866e+04
1.296574698331690626e+06
3.729046015738294955e+04
1.244321102342137019e+05
1.399114103937881882e+05
6.319643866735989286e+04
7.771563240082129778e+04
1.133058993254912784e+05
1.127817284378428594e+05
9.189538346379026189e+04
8.842937403818890743e+04
1.000624762772353570e+05
9.996334763322553772e+04
1.003016075369564787e+05
9.791781670379273419e+04
1.051764841471130640e+05
1.186833005807765730e+05
1.073768864966832625e+05
9.548763681614359666e+04
1.945874402992767980e+06
7.043266381093871314e+05
6.776185235338292841e+04
1.039088556567413179e+05
1.797487002270350931e+05
9.115324826331991062e+04
1.244678825081346586e+05
9.477319700256575015e+04
1.102266161358286772e+05
9.126453631347250484e+04
6.422038385389385803e+04
9.632369516239110089e+04
1.627940293331309222e+05
1.233614354683909914e+05
8.985502246068285604e+04
1.249827562815143756e+05
1.275477263836232305e+05
4.524421345380247803e+05
1.053592905481795315e+05
8.317536134157779452e+04
9.880667460205609677e+04
1.708918647494186007e+05
8.980104696923922165e+04
9.343398357910310733e+04
9.483771472683578031e+04
1.045000599504677521e+05
4.370051792134487914e+04
1.175783402815444133e+05
8.936785618991097726e+04
9.275467254459091055e+04
1.031693866020834539e+05
7.748143076964990178e+04
5.204098425555022550e+04
6.593166679283493431e+04
8.829465409372688737e+04
1.006368675742731284e+05
1.130974367831119162e+05
8.866082026490977732e+05
1.932764178648070083e+05
1.287666531182517763e+06
9.902102546053616970e+04
6.340376601287751691e+04
8.310571179919799324e+05
2.344909256258244626e+06
1.404487172249436146e+06
1.051812312689502258e+06
2.247763479128883686e+06
1.166748054915940156e+06
1.692407686810981948e+06
1.096314066577529884e+05
1.791628957150438800e+06
1.914357062551685376e+06
1.000000000000000000e+02
1.357484212573381374e+05
1.990901599223945988e+06
7.268080407055091928e+04
2.797845326792453761e+03
1.000000000000000000e+02
1.549889853182494408e+05
1.795860647205034911e+05
1.423593612243676034e+05
7.728835864030390803e+04
1.331238802663061069e+05
6.223003198167013761e+04
1.085897640064182488e+05
1.131663444546172977e+05
1.346151831378668430e+05
8.427062042822669900e+04
9.294152803517731081e+04
1.142057995170041540e+05
9.646577264551167900e+04
6.636189266458383645e+04
1.361100151708561752e+05
7.857833836497228185e+04
1.360216365715752181e+05
1.105506312572695897e+05
1.355347717665997625e+05
1.340551223364826001e+05
8.334473825094786298e+04
9.842458312774004298e+04
1.301394869341978774e+05
1.072520325281883706e+05
9.554843163414399896e+04
9.250329813864052994e+04
1.024842102384022146e+05
1.210688199010656681e+05
9.097125293542507279e+04
1.107587238079858798e+05
8.900233508832470397e+04
8.062957236928462225e+04
1.016660149017841904e+05
9.518089107696329302e+04
1.065741049226801406e+05
1.042963539639634400e+05
9.313102132367569720e+04
2.237225342888248560e+05
1.274599932868203323e+05
1.161732185693950014e+05
7.004120578421780374e+04
6.147261877212930995e+04
4.362659988948338287e+04
7.779770485280314460e+04
1.071142910999573942e+05
1.072361343405198131e+05
9.156196193474002939e+04
2.656727175064888434e+04
9.091711066718233633e+04
9.940424197770848696e+04
8.376973034005762020e+04
4.529132886671762390e+04
1.108709288070879120e+05
9.790650361516578414e+04
8.961967632401385345e+04
1.937127600722374700e+04
1.247488618876954279e+05
8.813327819963287038e+04
4.900791355366818607e+04
7.338258342125036870e+04
9.006244622969406191e+04
9.555965669328537479e+04
1.061866180205499259e+05
8.974831498390370689e+04
6.204873615384281584e+04
4.814069682861880574e+04
2.060614729877879436e+05
1.565065799594022974e+05
1.054891503205132758e+05
8.278940377018517756e+04
1.057719821909861930e+05
1.188489468496474146e+05
9.023807270929821243e+04
5.398861140844153852e+04
7.297796827282522281e+04
1.311533907308536000e+05
8.852002485762354627e+04
1.386170611075657071e+05
1.406150555686357548e+05
1.109972476901240589e+05
8.779028444006877544e+04
1.389513611694812134e+05
1.013455335788237426e+05
9.891099313501332654e+04
9.365047046243853401e+04
1.027987075109671568e+05
1.008363869931543159e+05
9.954086466222610034e+04
1.079527247527462605e+05
1.099081652426806249e+05
1.774806689867591776e+05
7.645792818109221116e+04
4.351509013950989902e+04
1.741919044716639037e+05
1.002781422661680408e+05
1.011918571586290782e+05
6.846322811612603255e+04
1.272310898928018723e+05
9.638244619816607155e+04
1.029575794320921705e+05
1.212328843206267920e+05
1.108123621735103807e+05
1.224132533172009717e+05
1.011181300579095114e+05
7.283814559900686436e+04
1.137724324115494092e+05
4.973083883506260463e+04
1.037566849011522281e+05
1.024129613385874691e+05
9.063476253330364125e+04
1.176685200308630010e+06
3.401275174847417511e+05
1.000000000000000000e+02
1.124229849121705047e+05
1.000000000000000000e+02
3.406077408245272003e+06
4.033088413351430208e+05
9.067829150149965426e+05
1.481597810657416703e+06
3.464605749723368790e+05
1.000214214767615427e+06
8.404558070940349717e+05
1.694992983192433894e+05
5.641104893897323927e+04
1.775673986132835736e+06
1.853299468174917856e+06
6.729223204011752969e+05
3.523645476394564321e+04
1.894771628891346743e+06
1.664509315690077376e+06
1.054998363011326874e+05
1.738217727093291003e+06
1.083932161540269153e+06
1.218762937037101219e+05
1.423782713868118299e+05
1.448819703957359889e+05
2.438224032667553984e+06
2.014240547720213188e+06
3.921242199072230142e+05
5.875211247817182448e+05
1.352631520070354920e+06
2.389277706300484482e+06
9.977392438578904839e+05
8.679649768008283572e+05
1.236838445229398785e+06
1.936170129885077709e+06
2.035897057071279734e+06
1.353616264513230883e+06
1.456502241747345077e+06
1.142302330253987457e+05
1.133744277133518335e+05
1.685527131524437107e+06
9.026530627121485304e+04
8.095960620053984167e+04
9.937944480655320513e+04
9.864761522552151291e+04
8.725659038338485698e+04
9.459202461269861669e+04
8.332976142876192171e+04
1.097998827805659821e+05
9.293575038964407577e+04
8.999648223079263698e+04
6.668427050151042931e+04
1.192534600461980153e+05
1.226240051594370307e+05
1.359525022355263936e+05
9.838861223374270776e+04
1.477431421271677827e+05
4.281890659862024040e+04
1.167522618048088916e+05
1.362861324804467731e+05
8.735291678026792943e+04
1.036063824843660550e+05
1.020915424604599975e+05
8.011109291996971297e+04
1.260173068441830837e+05
1.134209950619778538e+05
7.852914846442523412e+04
8.757800634601672937e+04
8.995214329694947810e+04
1.051464416618570249e+05
1.078709557269456418e+05
1.763628851877597044e+05
8.627131385200990189e+04
8.578054961452182033e+04
5.756071648502024618e+04
7.047687446546102001e+04
1.095911405735758017e+05
1.109174631849782891e+05
8.313633613250045164e+04
1.407669276614273840e+05
1.176424820711520297e+05
1.123367368820709817e+05
1.312586183925661608e+05
1.262904203175251605e+05
1.018071803851350996e+05
9.973435991654051759e+04
2.343676654649132979e+05
1.209658268873229536e+05
1.350880032123186393e+05
9.494124336520799261e+04
1.184808957432043244e+05
7.971095986017675023e+04
5.814406158426647016e+04
9.027594775899154774e+04
7.010848505812439544e+04
9.863308109128974320e+04
9.997076704156451160e+04
8.725953779838141054e+04
1.064973948717588501e+05
9.868313369682263874e+04
9.621656635500508128e+04
1.024753591380644939e+05
1.056723229355963413e+05
1.166049964956894546e+05
1.008475659076995362e+05
5.920542506863996095e+04
1.194769452118489135e+05
8.996476951513683889e+04
1.012181063591455895e+05
1.236466891009514948e+05
9.605448720004547795e+04
9.876914362192022963e+04
1.110030374394862883e+05
4.664939783583234203e+03
8.516947144210222177e+04
1.164267661793884763e+05
1.026907500517555745e+05
1.052819222222128592e+05
1.492728581945022161e+05
1.076647399366759782e+05
1.038238636335978081e+05
5.299034325778891798e+05
1.553643352029411355e+06
9.438683629547787132e+05
1.707171030373020767e+04
1.063263054062133597e+05
1.467614239871524507e+06
8.163423302455706289e+05
1.315983167630089214e+06
2.373787256718773395e+06
1.197907258735683979e+06
1.005087811609481461e+06
1.155008575371031882e+06
2.571243544194092043e+06
7.581142829469584394e+05
9.880571189635917835e+04
1.000000000000000000e+02
4.453750795371634304e+05
1.010320867543394852e+05
6.558568735793483211e+05
2.135496462001087202e+05
1.000000000000000000e+02
4.945094991224414844e+04
6.075414581540648360e+05
1.055461244518922642e+06
1.896021960349575238e+04
6.500706424604463245e+04
1.243262508047148876e+05
1.950746018258447875e+05
4.483271099855749053e+05
1.132174571510116511e+05
7.336203686710864713e+04
8.003415227044619678e+04
1.573705311535440269e+05
9.569749211044666299e+04
1.151144708470325859e+05
1.278086888975667534e+05
8.015157751598003961e+04
7.844700724851079576e+04
8.628654392207274213e+04
1.252331220295217208e+05
3.444393907885923545e+04
6.549599060353394452e+04
9.271783866871084319e+04
8.562972770844848128e+04
8.775514916050808097e+04
1.123211312523576780e+05
1.108885287003897247e+05
1.256887225216170045e+05
1.331860517482840223e+05
9.477928614010622550e+04
9.414107583666840219e+04
9.138632022198716004e+04
9.247673853261537442e+04
1.420729792568551493e+05
7.583702098067452607e+04
9.947696439394429035e+04
9.541269463194622949e+04
9.432843313612816564e+04
1.005383277132403455e+05
1.725400604260691325e+05
1.010464218052113865e+05
1.204043430848490243e+05
9.455737786634091754e+04
1.104748007172944053e+05
6.167496033158151840e+04
9.577836706669216801e+04
1.078214504985392996e+05
8.032244092503073625e+04
1.428403913265174488e+05
6.485007682425418898e+04
1.005678322926456894e+05
1.543526782707858947e+05
9.928232695021823747e+04
8.512527830819004157e+04
1.174236490801129985e+05
1.242323457223774749e+05
1.149159525702147366e+05
1.181925033669602126e+05
8.719057027806031692e+04
1.000619564470277255e+05
1.091062133234157227e+05
9.256340719366879785e+04
1.618756352994471672e+05
2.130194168145402335e+06
1.293835397082544863e+06
9.613745787870270433e+05
6.145895493425896711e+04
3.481168465854231908e+04
1.152107405463147676e+06
9.293388241486782208e+05
1.740682877996058902e+06
1.000000000000000000e+02
1.454357250563085545e+05
7.046136708656804403e+05
1.085396856020083185e+06
9.910035967121628346e+04
7.377291098354043206e+05
5.828212329389438964e+05
1.748165350327150431e+06
1.011404579210428055e+05
1.439579189360545715e+06
2.199817949258975685e+06
1.257607329915448354e+05
1.000000000000000000e+02
1.332114448959642032e+05
5.920656855172976793e+04
7.540461354674008908e+04
1.052268138686914463e+05
1.128358802821255522e+05
8.293085436361032771e+04
1.142536354078486766e+05
6.856695786930077884e+04
1.084116957716756006e+05
5.015707474964584253e+04
6.690757794675137848e+04
1.509174308428603981e+05
7.499170211723781540e+04
5.965458425844049088e+03
9.558372569990721240e+04
5.067492672083558864e+04
1.393669524734926526e+05
8.842513263693959743e+04
1.022434496689318912e+05
9.143192119891378388e+04
1.170310706202619913e+05
1.029035596551319468e+05
8.717850617277271522e+04
7.443439947700241464e+04
9.549758990217569226e+04
4.061388348428862810e+04
1.559349826425457723e+05
1.230524355266137572e+05
1.262019601481962309e+05
9.452095920840860344e+04
1.197649211045374395e+05
5.751865733886536327e+04
8.912219149769064097e+04
8.730359269172001223e+04
2.171204902148399560e+05
1.314191888038681354e+05
7.556407070883749111e+04
1.270041420241602464e+05
1.017856742492344783e+05
1.209593649776419770e+05
7.877599968049481686e+04
2.009346075839736732e+05
1.033909036080629157e+05
9.038091205524132238e+04
1.024870003267223074e+05
1.297262721334310045e+05
4.900592177044926211e+04
9.931723973271394789e+04
8.321492241446631670e+04
8.617536376413289690e+04
9.191985874755069381e+04
9.400756193037518824e+04
1.093819380791485455e+05
1.070087815225647500e+05
9.816460839824275172e+04
9.572423053887099377e+04
1.252988875244976371e+05
5.834644959807307896e+04
1.339851397091618273e+05
1.084606749968602235e+05
9.618251084661984351e+04
1.132782292149261048e+05
1.072008038568163465e+05
6.559663620609517966e+04
1.008817042193188390e+05
9.275429095731380221e+04
1.020999948295209033e+05
9.581996739921430708e+04
1.111238487020565808e+05
9.992702759758225875e+04
9.529575846002782055e+04
9.819873695297038648e+04
8.445980427939814399e+04
1.020408658758573874e+05
5.131611628411430138e+04
1.008143946329975006e+05
9.096021769902719825e+04
1.283312182118335768e+05
1.175453041238670849e+05
6.794691204184893286e+04
1.306899400844529737e+05
1.511557251429395110e+05
1.051520391418173967e+05
9.273157525725601590e+04
1.013538305545013427e+05
1.272952262470400019e+05
5.668329620676856575e+04
4.926401416805148619e+04
1.057879514546382561e+05
9.990777351322227332e+04
8.598098520785632718e+04
7.854967056003521429e+04
9.220339172937111289e+04
1.093151038320084335e+05
6.077212379654534016e+04
1.095990702200611704e+05
6.910313551823841408e+04
1.071534355413693847e+05
6.922335957652734578e+03
1.121470491191636829e+05
4.417369218002193520e+04
8.429337455041811336e+04
1.098037526547161688e+05
1.089006489061356842e+05
1.524454066693778441e+05
1.266905671178412449e+05
9.740750124648540805e+04
8.551720377118511533e+04
9.093861843080111430e+04
8.212322942187488661e+04
8.921480776690477796e+04
9.126293816180186695e+04
1.630211165520951385e+06
7.158892057517027715e+05
4.395660080115124001e+05
1.571149897394027095e+06
1.494307451201381336e+05
8.691671933027284686e+05
1.959168591547920078e+05
2.244992628230776638e+06
1.673350327265701722e+06
1.719085639326201286e+06
1.654942446329512633e+06
9.155882960199968657e+05
3.834260271999906749e+06
8.277168385421551066e+05
8.641911817203453393e+04
3.712710739963921369e+05
9.190931570820948400e+04
1.025653385047302727e+05
9.403971889355640451e+04
1.066055949114066898e+05
1.142942831929347885e+05
9.097920602543940186e+04
6.833352164162712870e+04
2.462579238715519023e+04
4.453043654165159387e+04
1.229429563187705789e+05
2.446516398239010596e+04
1.021824721740616369e+05
1.416675822616302466e+05
1.009766621845543996e+05
2.021582203365013702e+05
4.764088632654859248e+04
2.459826786244908872e+05
1.036832079102497519e+05
1.052032445394428942e+05
1.037275059908010007e+05
1.157805074109297129e+05
1.095648694176934659e+05
9.388401535160420462e+04
9.279156958583289816e+04
8.801484041872466332e+04
1.218839914797871606e+05
8.422891953502762772e+04
9.443210761542218097e+04
8.713790262770328263e+04
1.165206850879648555e+05
1.851428924932899099e+04
2.019123363192507823e+05
1.130452381988086563e+04
1.007705785785946064e+05
6.606519324412099377e+04
8.450618988438353699e+04
1.350945557505552133e+05
4.993333991914743092e+04
9.643701185537464335e+04
9.257435308832707233e+04
7.531518099786725361e+04
9.430777377471147338e+04
1.007244089228840312e+05
8.744721702169111813e+04
1.006035486735690647e+05
1.036505546843854099e+05
8.906104889147072390e+04
7.892382567654874583e+04
1.244807896198057715e+05
9.946894040543145093e+04
9.885075050998137158e+04
9.831181683994912601e+04
1.111350711220759666e+06
2.778026846638479037e+05
9.469478462521352048e+04
1.371648177513124247e+05
3.417904377534308878e+04
2.416175050510764122e+06
1.331593821151188575e+06
1.229501860891145770e+05
2.771998043526715483e+05
1.050178228298579634e+05
1.291552984510672686e+05
6.648781246514499071e+04
1.992268457901039859e+06
1.268061859561270801e+06
9.322063997389527503e+05
8.977801516058647539e+05
9.187004916579887504e+04
8.121695916372362990e+04
7.826773109444622241e+04
6.788658261081158707e+04
1.273565253272238915e+05
9.918399714065220905e+04
1.948412052409483586e+05
5.855769564928504406e+04
1.552923011821547407e+05
9.914688528541621054e+04
1.227304467385529424e+05
1.252570491722763982e+05
9.493699602901715843e+04
9.866077869972903864e+04
7.962714587955495517e+04
2.641922294307441916e+05
1.132297608764771721e+05
8.811202933222027787e+04
1.076818118013323401e+05
2.392742112225164892e+05
4.814637209143406653e+04
9.608050991583941504e+04
1.530930067630018457e+05
6.775441129508271115e+04
1.184965953446048661e+05
1.052119769460227399e+05
1.056572679096378415e+05
9.935633594065420039e+04
1.059246843248270743e+05
9.869448905176954577e+04
1.029357489124779822e+05
9.953976773984683678e+04
1.028256647077054367e+05
9.768403015832918754e+04
1.010317482022541517e+05
1.281659330636399682e+05
9.763622068379558914e+04
8.594951482682113419e+04
9.226667311663927103e+04
1.039991386439261987e+05
8.931321206526328751e+04
9.060021799388527870e+04
8.552938094161789923e+04
9.647713633714306343e+04
9.690485770303155005e+04
1.150639991601568763e+05
1.093604768215212680e+05
1.082251402596744592e+05
9.612222295497129380e+04
1.776335294805226731e+05
8.469770476782055630e+04
1.248864529785819323e+05
9.734828790923806082e+04
3.227556559531485545e+05
1.839331838835295057e+05
1.265734691456745531e+04
1.272700428624069173e+05
3.960065715325989877e+05
1.000518507104236865e+06
1.390202787477253587e+05
1.386502256028658710e+06
7.187823856161268486e+04
3.823223875396255171e+05
1.367326168867148517e+05
1.242230854894324293e+05
6.289064703207773709e+04
1.983404804383599549e+04
3.831001259849355556e+06
2.221164394473191642e+05
9.393989594095850771e+04
5.411467678783328302e+04
5.109205018212872528e+04
1.361510802657315508e+05
1.549259180801182229e+05
8.020447731939987534e+03
7.854260584290965926e+04
1.373840899100519891e+05
9.894233754047124239e+04
1.203650834197594668e+05
1.019142016735734360e+05
8.938563814053733950e+04
7.339019288594575482e+04
1.183407691072347516e+05
9.814963371380233730e+04
1.029417546146443638e+05
7.290557860391536087e+04
6.875529364933092438e+04
1.099519333061906509e+05
1.107289675002516160e+05
9.945238059051609889e+04
1.027315014474062482e+05
1.477246650768120599e+05
1.186740546630828612e+05
1.069401985899589199e+05
1.473437621915452473e+05
5.777743087850135635e+04
8.323977163121821650e+04
1.174379336696459650e+05
1.046274551483510877e+05
3.444582583313935174e+04
1.715522672385911574e+05
8.174104918361172167e+03
9.639398216006618168e+04
1.334496847351698671e+05
9.708586011855637480e+04
8.637947799554016092e+04
6.649921823463810142e+04
8.313066638510345365e+04
1.097644102818137471e+05
4.615402462346910761e+04
1.004137459863082186e+05
9.003371870010503335e+04
1.231707294297127664e+05
7.502393386580776132e+04
1.036499088267624466e+05
1.245166831521917193e+05
9.866960741132959083e+04
7.515281550353026250e+04
1.370456507273822790e+05
1.045655110564117786e+05
8.362154843278558110e+04
1.098551809002706141e+05
7.477102715799539874e+04
1.043578420149127342e+05
1.390488970947840426e+05
9.816051229531347053e+04
1.064172125015049533e+05
9.911758402851657593e+04
1.849306630365356104e+05
1.390506007802601089e+05
9.895007533039791451e+04
7.221279045735450927e+04
1.580451667834675172e+05
8.405719454010236950e+04
9.078328631130217400e+04
1.414871776204143544e+03
5.636798606781342824e+04
1.324315586696530809e+05
4.675241510408950853e+04
5.711995823439593369e+04
9.868804733018846309e+04
9.738563012212609465e+04
1.115655973795044411e+05
2.041890520662506111e+06
1.000000000000000000e+02
1.678470659210797457e+05
7.860754009266478533e+04
2.417385549526285613e+05
9.833770151881056372e+05
5.178695293135638349e+04
9.239590582375816302e+04
1.268019196635534609e+05
1.474317272084579745e+05
1.291322615388820996e+05
2.806203580045757350e+06
4.057547470126116968e+04
1.312392963033994602e+05
3.577681552020528034e+04
1.000000000000000000e+02
7.320717463454026438e+04
5.687945312388900493e+04
1.799144041826383327e+05
1.355043531833291054e+05
8.668443881797812355e+04
9.416772026434321015e+04
7.628661085575772449e+04
1.088792691116629285e+05
9.487463903053714603e+04
1.254384349981340783e+05
9.837167202773998724e+04
1.353586810149805970e+05
1.211953027347415191e+05
9.279894130385476456e+04
1.172660112897182698e+05
8.724004609806905501e+04
1.319036180640269595e+05
7.087076445950663765e+04
1.085995397729655378e+05
9.867187316590354021e+04
1.081907598792543868e+05
1.208492357053307205e+05
7.383114145387917233e+04
9.662287546716800716e+04
9.773876651811241754e+04
4.683390823063197604e+04
8.101180732710262237e+04
1.100614529662251734e+05
1.167749466246497323e+05
8.986774942312604981e+04
9.791394459021095827e+04
1.022168995984965150e+05
9.427944486224399589e+04
6.888715253274631687e+04
1.004149055643601314e+05
8.508996842969667341e+04
9.892740623652281647e+04
8.219144607146013004e+04
5.816221515035670745e+04
9.783618659332742391e+04
1.092141604148292972e+05
1.009546767425912549e+05
9.583227523905629641e+04
1.134587303884133289e+05
1.201507139895980508e+05
1.113805340919616865e+05
1.668884412573076843e+05
1.173576961991788994e+05
9.384583438645675778e+04
1.112804766532162903e+05
1.013802333358140168e+05
1.000895115745774528e+05
1.130531211654565996e+05
1.000087141761963285e+05
1.101543540837004257e+05
6.455791544572886778e+04
8.883439376002294011e+04
9.921211520755627134e+04
9.929816279540014511e+04
9.744240174584527267e+04
8.924355777741706697e+04
7.938530587755539455e+04
1.117528673572944244e+05
8.745148115960287396e+04
8.963259192853086279e+04
1.212641229275014339e+05
8.946219948642131931e+04
6.847225459932979720e+04
1.018383650433895818e+05
9.179539115923360805e+04
1.058055086499018595e+06
5.812009809964859596e+04
1.202294943121313117e+05
