1.115670186282527138e+05
1.048765858284852147e+05
4.114654136082415353e+05
3.709054302062479546e+05
1.074390716015454527e+05
6.283556420682740281e+04
1.236927986450012395e+05
1.385769893694832863e+05
1.779323799301087565e+05
1.027573044931743643e+05
1.315784967392530525e+05
7.645825935019043973e+05
1.759829518664038042e+05
9.370589835485137883e+04
5.290177459840237861e+05
1.308042624491426250e+05
1.147776407144753466e+05
3.696292302888840204e+05
5.081515843431538669e+05
5.148884124555397430e+05
8.931128071405259834e+04
2.766151048143172520e+05
1.213867165698343015e+05
9.176910753152584948e+04
1.162988114795426518e+05
1.338473488637542468e+05
2.185878432093459123e+05
1.543505651433077874e+05
9.171670758667419432e+05
5.780058166304780170e+05
4.919645174415862857e+04
1.948849822468265193e+05
6.933127203521877527e+04
2.402252492293197720e+05
1.256931378027345490e+05
1.065447116945548914e+05
1.354558128466587514e+05
1.411658571183695749e+05
2.202409386864521948e+05
7.253422843506358913e+04
4.119670817678772146e+05
5.249535062824768829e+04
1.181181044089842617e+05
5.759466743272560416e+04
3.720156122683839203e+04
2.709614915082743391e+04
1.770666511180813250e+05
1.159223819220399746e+05
1.029966953089200688e+05
9.199449844825497712e+04
5.099746872407947667e+05
1.374208530533719459e+05
3.452985727169071470e+04
6.504632938539306633e+04
2.343497426853660145e+05
1.496784800060523266e+05
1.847957087511711288e+05
6.711513316874996235e+04
3.172099461087776581e+05
1.558939445068805944e+05
2.599572023428299581e+05
2.311607314626695297e+05
1.524338824508096441e+05
4.727473392058371683e+05
8.939721257550900918e+04
3.428134719354404660e+04
8.283415949568456563e+04
1.174984770909323124e+05
1.461138482293651905e+05
7.694177387516626914e+04
1.652207550886679674e+05
1.151474238924267120e+05
9.010065721994391060e+04
1.863602884229669289e+05
1.221745226745443506e+05
1.656810415039916406e+05
1.337582199300874781e+05
1.608196538586698589e+05
1.713132516314556415e+05
2.824153724520308315e+05
1.332099439966999926e+05
2.048355388099895790e+05
1.704484054506850662e+05
1.053882799672601104e+05
8.328147811506527069e+04
5.894396724436063087e+05
8.027621288765087957e+04
3.263621525656841695e+05
1.831102155272194359e+05
1.751485577569860034e+05
5.782005085977636190e+04
7.684809084053662082e+04
5.728921387928528711e+05
5.879209367680650903e+05
4.973426637062320515e+04
5.551564175003342098e+05
3.045038795650198590e+05
7.749324768966452393e+04
1.240843731943697348e+05
2.215405918649600935e+05
1.912848682499980205e+05
1.438368755219627928e+05
4.711394097475520684e+05
1.411719279382145905e+05
7.802753592660784489e+04
9.529697331140148162e+04
6.279156012213745998e+04
1.337938991375837941e+05
1.097241252863265254e+05
1.308477123284752888e+05
1.272946047836546059e+05
1.037203089519506611e+05
1.464555839831236808e+05
8.062695048944052542e+04
1.245716523313952166e+04
1.536884651342736324e+05
1.183593621237701154e+05
1.032572564509941440e+05
9.599671171337144915e+04
6.606055959772805218e+05
1.180635432463498873e+05
1.399961490658285911e+05
4.300490785989456926e+05
1.266595405668707099e+05
2.451984620464398758e+05
1.152596621991832508e+05
6.316046560319107084e+04
1.540786934273313964e+05
9.002012223166786134e+04
1.583609753089916485e+05
6.276495571328432998e+05
1.263673893721237400e+05
2.220988739267977653e+05
1.181611184718956647e+05
7.277022173497320618e+05
1.057016993283145857e+05
4.472333221013639122e+05
1.031497637589775259e+05
1.124922980541650759e+05
1.472973716595157457e+05
1.411978456653696194e+05
4.483205965626331745e+05
1.928773831147855963e+05
7.367813497589248000e+05
1.828299407061192906e+05
2.393528921055629908e+05
1.691901098718778230e+05
1.246958417092427408e+05
2.123311807223198120e+05
2.458514875019067258e+05
2.347956603304867749e+05
3.185634167711996706e+05
1.000000000000000000e+03
3.640413207183571649e+04
6.820224485212930012e+05
1.836415680133571150e+05
8.528017131306964438e+04
1.012930771951861389e+05
1.749006373588425922e+05
7.509894741334996070e+04
1.348813201553088438e+05
1.556229857517185446e+05
1.556304845600662229e+05
1.863720266418865649e+05
7.429248438834042463e+04
1.228827292115131568e+05
7.372548833906484069e+05
1.184601769895382313e+05
5.013657557068538736e+05
6.866187632581242360e+04
1.395898609730866156e+05
1.639644741685377085e+05
8.485943563582506613e+04
1.491394702694487642e+05
1.122299292615306913e+05
9.608740119811953628e+04
1.064807817501893587e+05
1.382991381036510866e+05
1.983412945913725416e+05
1.217587796633577091e+05
9.283352756647304341e+04
1.330074726063778216e+05
1.361048545542193460e+05
1.234917031939710578e+05
1.441280147849322530e+05
1.691010366685514164e+05
1.084477243112598517e+05
5.701484495107089169e+05
1.075837308261916914e+05
3.879021179833706265e+04
1.253010964995906252e+05
1.175423915059368883e+05
9.813978187453279679e+04
9.501644994266190042e+04
5.087069052246818901e+05
2.487959039326783386e+05
8.692730841419192730e+05
9.052365042549255304e+04
6.741588236254893127e+04
1.079926985396966193e+05
7.577361989579768851e+04
5.361048937662606477e+04
8.607279349126441230e+04
5.676505079366472783e+05
9.324055275000435358e+04
4.204284938996131532e+05
1.083130211110109667e+05
8.974754537686787080e+04
3.786951336733984645e+05
1.660648212441399519e+05
1.552299524177566054e+05
2.992526268813423230e+05
9.773434386414314213e+04
1.028073766937215551e+05
9.232981923331442522e+04
1.317691665681471641e+05
1.461003037421102053e+05
1.247627941580943589e+05
9.822867460712700267e+04
1.028215880723665614e+05
1.134756208224619331e+05
1.090127489313068654e+05
1.029250586512609880e+05
1.188653744932980626e+05
6.815796958533780708e+04
1.048502452093300235e+05
8.247464049972369685e+04
8.344181673622726521e+04
1.114058894785042648e+05
7.893182200556287717e+04
9.585980222430724825e+04
1.886650861611953005e+05
2.177387962613104610e+05
8.164215281816397328e+04
9.901851811387139605e+04
1.995680786176387628e+05
2.779545067051599035e+05
1.230900142272250378e+05
1.333798467544147570e+05
9.450387752035330050e+04
1.481197467381505412e+05
5.313745334747922607e+05
9.320585161841740774e+04
6.049899505431206198e+05
1.141591263224031572e+05
1.140309123241854249e+05
1.989828044327265234e+05
2.213327467149707081e+05
1.971791617961390875e+05
1.321938065259384166e+05
1.998157336339771573e+05
5.567037081514784368e+05
1.498626870341766917e+05
1.076882179381036694e+05
1.270835532446563302e+05
1.116738043693800719e+05
1.081339001495081320e+05
1.458591702642794990e+05
9.226010666588602180e+04
6.734600347621527908e+04
1.981054160117113206e+05
3.170902433619044023e+05
1.111141616706455388e+05
1.144314537254515308e+05
1.186387740016009629e+05
7.524861101869949198e+04
1.861225545042140293e+05
6.664710733563529793e+05
1.267799423142058222e+05
1.377045063759272161e+05
5.198662178305310663e+05
1.430297442836783302e+05
1.057353881297466723e+05
8.366039208354732546e+04
3.628125913520155154e+04
8.938115444803703576e+04
8.534209249345060380e+04
1.186310436571358005e+05
1.594549718997826567e+05
6.928364539641593001e+04
1.846246424404362624e+05
1.037126436623070767e+05
1.333488809669780894e+05
1.164981036417798314e+05
1.980053877228857309e+05
1.455756861865707615e+05
1.002426037849925924e+05
7.479953641471290030e+04
1.456964998458768532e+05
1.187645509315952368e+05
6.465225567381916335e+05
1.018186115582799539e+05
1.843413131504610355e+05
2.014875942599370028e+05
5.073083963746493100e+05
4.770550911571104662e+05
3.458233728416004451e+05
1.135337273348056769e+05
2.113883177203126543e+05
5.283044821606125915e+05
8.397811839295095706e+04
2.096604680554804218e+05
2.473998358645947883e+05
5.057210731984485756e+05
1.000000000000000000e+03
1.474257238767419476e+05
2.714357954349934007e+05
4.559215830655927421e+05
4.455706288362266496e+05
4.790308076077415026e+05
6.099294298070876393e+05
9.425402580556541216e+04
1.240135638993642788e+05
9.474718537491241295e+04
8.240668964215302549e+04
6.061400871374370763e+04
8.736115575230527611e+04
1.234529147555639647e+05
3.486413580302883638e+05
2.108760660564803402e+05
1.713103785630939819e+04
4.224080085692260182e+05
5.232245931160560576e+05
7.505300607775843237e+05
6.483971111130907666e+05
3.912437657709405175e+05
5.689768411273272941e+05
1.829150662514092983e+05
6.281352437094006455e+05
6.945489326999504119e+05
5.335628198171581607e+05
6.774730223765282426e+05
5.808086626414466882e+05
7.130243332566579338e+05
3.168075725251867552e+05
7.432289552740629297e+05
2.047805607400079025e+05
1.894578206923481193e+05
1.496199951204404351e+05
3.041004809031325276e+05
2.367789264335522021e+05
4.985160801850904245e+05
5.498136963737064507e+05
4.885840392827920150e+05
1.375780196654465690e+05
1.608920121436647314e+05
5.749219765618935344e+04
8.159042096778690757e+04
5.585362643951930804e+05
6.090221238261940889e+05
1.873263996349385998e+05
1.715024546324152616e+05
1.804535520388728182e+05
5.562128527945480164e+04
2.013190366651296499e+05
1.240018106387495500e+05
8.008278205376775004e+05
7.533230160752586089e+05
1.584585898039543245e+05
2.984942657160754898e+05
1.685954275387738599e+05
1.617139978336863569e+05
1.027469736864449078e+05
1.177705001204005530e+05
1.734591248014669982e+05
5.293830301470643462e+04
6.821811324599917862e+04
7.705926267120764533e+04
2.141122013359113771e+05
1.650215105462734064e+05
2.427308598630827328e+05
2.174687825196248014e+05
3.986437725283016334e+05
5.545795459231485147e+05
6.391849067910949234e+05
6.039866905368091830e+04
3.755106588324605254e+05
7.505321364582048263e+05
3.063203825726351351e+04
8.623221084233079455e+04
5.880975650532162981e+05
1.111465849193474569e+05
6.861865842881362187e+04
3.936541439577265410e+05
5.504970449340136111e+04
4.905576876819346217e+05
5.205225994973618654e+05
9.901565524518115853e+04
7.798362215763558925e+04
2.428457088603083976e+05
5.877315001098836074e+05
1.161891974117708014e+05
1.868247149529181770e+05
1.163282890971412562e+05
2.242413695197386551e+05
1.903574284529138240e+05
3.044154574752624030e+05
8.753036016289571126e+04
6.426709237883137539e+05
2.083319725920130732e+05
3.682539005326505285e+05
5.206395970448445296e+05
5.653446771340793930e+05
7.845477957469879184e+05
5.400615628725979477e+05
1.895507664014129114e+04
3.875251744493051665e+05
3.524233650145635474e+05
6.323317432779482333e+05
1.440266594395455613e+05
7.745354932246945100e+05
1.017871943962119258e+05
9.412419421725581633e+05
5.036923160586465965e+05
5.531130762296776520e+05
1.852361387055891682e+05
1.008193361529051472e+05
2.568468912029680505e+05
6.482708661188825499e+05
1.904972775789472216e+05
6.311089509746290278e+05
5.359977231254167855e+05
9.881473212085697742e+04
5.388538502083420753e+05
2.400960754756877723e+05
2.877926420721598552e+05
5.187990926038315520e+05
4.552482353339514229e+05
6.076741162569303997e+05
1.250603589056568599e+05
5.961516898155061062e+04
9.009811676738735696e+04
2.418244033650938654e+05
4.963159943612573261e+04
1.169164601894305088e+05
7.386177393486385699e+04
1.007474258731040027e+05
6.840079622730197152e+05
5.816687014730219962e+05
5.777937986656124704e+05
4.508674254921336542e+05
2.481694271365696914e+05
1.942070877655571094e+05
8.778509549708338454e+04
1.518440235740774660e+05
5.909723908810550347e+05
6.767738604165832512e+05
7.899510849274732755e+04
8.509153454732401588e+04
8.694748481658118544e+04
1.179048843644690205e+05
1.746008473756768799e+05
1.120830748031930561e+05
1.264835884837131598e+05
2.006443459470069793e+05
4.993036331112562330e+05
1.148397142557664629e+05
5.577210280636841198e+05
1.030944842375489825e+05
1.000000000000000000e+03
1.000000000000000000e+03
7.367522577779013955e+04
9.032534078175545437e+04
1.017443221183985152e+05
9.387319341033235833e+04
9.732096482472708158e+04
2.800350867848530106e+04
1.097729671057238738e+05
1.209166205986513523e+05
1.448851243441286788e+05
1.777528081492803467e+05
1.651131782736846944e+05
1.559153365481697256e+05
4.125516092696025735e+05
2.273982654939538334e+05
2.988773295217549894e+05
1.791372664107620949e+05
1.215849279077917308e+05
1.102299835740381241e+05
1.247514167769897467e+05
1.452567688795084832e+05
7.832093929830724664e+04
1.526786210785382718e+05
9.477958703234608402e+04
1.161170698881653661e+05
1.231118387958659878e+05
1.289572447443866695e+05
2.040021506896402570e+05
1.118709693640418409e+05
9.987183513316810422e+04
1.000219336758286809e+05
1.053104694466354558e+05
1.107728731809143646e+05
1.634911563596248452e+05
1.034797634610722162e+05
1.119081352683026198e+05
6.881217568186248536e+04
7.723830559332763369e+04
1.627243858832495753e+05
1.379526630544012005e+05
1.755203440655734157e+05
5.824497028251620941e+05
3.453799185376462410e+05
1.120452366543557291e+05
1.280085073720917135e+05
1.369985866160398000e+05
8.361437133419398742e+04
1.692227935932385444e+05
2.548365274389724946e+05
7.969188587336783530e+04
9.574206339206540724e+04
1.087943665066893736e+05
4.928913143226843385e+04
8.622699734636193898e+04
6.679018187380040763e+04
8.165709894054364122e+04
1.626245530659622164e+05
1.281359963170817355e+05
2.644860998066824686e+04
8.287869644147458894e+04
1.058593004116665688e+05
1.274143750800178241e+05
1.034271704439647583e+05
7.516282070959625707e+04
1.251158394846438023e+05
1.503247246612274903e+05
6.976213278279057704e+04
1.003340015838813561e+05
1.000053723769102216e+05
6.998578460190330225e+04
9.446996977033097937e+04
1.228192954220325628e+05
1.393374927364822943e+05
1.839059727435786044e+05
1.610331402136712859e+05
2.136016800769469992e+05
1.173826116816911381e+05
1.894078590684754017e+05
1.533695117015926226e+05
2.983448853670872631e+05
1.257971948706278199e+05
1.421930981985592516e+05
1.179605284391033492e+05
1.221007111319351534e+05
1.206399813152039715e+05
7.441907032535501639e+04
1.281172590302065073e+05
8.251758916836715798e+03
8.043289352367422543e+04
5.759587859477481834e+04
6.796461546559649287e+04
1.159182809799966490e+05
1.111316632057540410e+05
7.408931885135854827e+04
1.029184181677565357e+05
1.329049177136904327e+05
1.673769455686956353e+05
1.266380526224448404e+05
1.249612551854886406e+05
1.385793308612054680e+05
5.819789343168738560e+04
1.032480998620582395e+05
7.232374332013745152e+04
3.339202415329096257e+05
9.913825183570169611e+04
1.062110966068635462e+05
3.299470213643509778e+05
1.463819160097008280e+05
9.231803725356006180e+04
2.818772376754638972e+05
2.347097633131869661e+05
2.414807955224541365e+05
8.935138180578636820e+04
2.417685148331516539e+05
1.221802814448595018e+05
7.485929616003923002e+04
1.019121684977261757e+05
1.203180674685926206e+05
1.098915042224482459e+05
1.562871731476252899e+05
1.261031150715750846e+05
6.728587036470988824e+04
6.169381008874446852e+05
5.494850712837897008e+05
7.663820033208468230e+05
4.974081183980983915e+05
5.249426895423273090e+05
1.293447096910596447e+05
1.686548957836271147e+05
1.291329770929239457e+05
1.602315804943393741e+05
1.293168759289275913e+05
7.204618567274069937e+04
3.518138801678350865e+04
1.007159223842986248e+05
8.225372436855256092e+04
1.033499725987299462e+05
6.719568847009616729e+04
3.528834306001197547e+03
9.196878968040297332e+04
1.090906812714889820e+05
8.117244180994533235e+04
6.401677984467284841e+04
1.821188391116418643e+05
1.163687944669954886e+05
1.086600573314763024e+05
1.763118765251588484e+05
1.203770667543344025e+05
1.137027064093126392e+05
6.852997561738785589e+04
1.300343292328170937e+05
1.142374128099523659e+05
1.065261332987342321e+05
7.095157292835475528e+04
9.825966275747359032e+04
1.407784955791664834e+05
4.664416369428548496e+05
1.000000000000000000e+03
9.692630125431265333e+04
1.213800270622468088e+05
9.922486365586456668e+04
6.053129792217244540e+04
7.690493871169682825e+04
1.112661514304948068e+05
1.842233657267960079e+05
4.371093887328726851e+04
2.064781403105773206e+05
9.260802576329807926e+04
7.199171860661738901e+04
2.912336796761166624e+04
1.084423746907972236e+05
4.704566887044261093e+05
3.289472564596332177e+03
1.302484694675581413e+05
7.553945611105950084e+05
2.248010417947408278e+05
6.634103841005277354e+05
2.557237810223209672e+05
5.179353770709983655e+05
3.649077542310519493e+04
6.155090109468562878e+04
1.033212247224842431e+05
6.526810274337554583e+05
1.019209842369249091e+05
2.060988930014096841e+05
1.198632634992528474e+05
5.633386142782361712e+05
2.786198303125867969e+05
7.833428488399097114e+04
1.320581656587741163e+05
5.766495788354377728e+05
9.908140673456464719e+04
1.136954180874533049e+05
5.747735859548317967e+05
6.837770534488834674e+05
1.020372314711941144e+05
1.240073979281403299e+05
5.357060779881353665e+04
7.190150290690652328e+05
5.913028052133969031e+05
2.115328037465033995e+05
5.747921761791611789e+05
1.217137059583136725e+05
2.101967415834752028e+05
1.278718925194273615e+05
9.117548737433874339e+04
3.189383514111183467e+05
7.919680402832054824e+04
3.954467441126547055e+05
1.874428254687222070e+05
2.305662318936181255e+05
6.698151629938856931e+05
5.874057122039830574e+04
1.693992934413918410e+05
1.305521902972873359e+05
1.036115788320914871e+05
2.680802639659449924e+05
1.086259540429367044e+05
1.506892550821751647e+05
2.106399192507510888e+05
2.238814852861485269e+05
1.756968003191350435e+05
9.926750324580441520e+04
1.284763348631740664e+05
9.987478298152005300e+04
5.199999676969988650e+04
3.123311899283162202e+05
5.739887361906844890e+05
9.017581279103488487e+04
9.535121883819953655e+04
1.546303571000364609e+05
1.790604855952643557e+05
8.354176323034486268e+04
1.028661493348951772e+05
1.026348827476091392e+05
1.278950994299746526e+05
1.677642650439118734e+05
2.144786797969587788e+05
6.573054295009917405e+04
5.645781312037386233e+05
4.768159993031613412e+05
1.496645149157765845e+05
5.822177840317254886e+05
6.383058469995539635e+05
8.785725956868315116e+05
9.995749469112556835e+04
8.639751592239877209e+04
9.338937513366948406e+04
3.334095647418369190e+05
1.207313006547167315e+05
4.926358991410769522e+05
1.350969764405178139e+05
1.979245071653070772e+04
5.581090153739603556e+04
2.007265794787897321e+05
4.081477701462269179e+05
4.494394273709965637e+05
1.129360874629094178e+05
1.243288308051899658e+05
3.552622090530858259e+05
1.424905392762518022e+05
1.369498514556677255e+05
2.161930884555574739e+05
3.666087396840323927e+05
2.043041014713316399e+05
8.329601188083410671e+04
9.250320734580777935e+04
5.133015406828025007e+05
1.996226230949092715e+05
8.552998190607421566e+04
5.810236996925667627e+05
1.156324199836256012e+05
1.000000000000000000e+03
1.307115404221241624e+05
1.082556277974294790e+05
1.000000000000000000e+03
1.406719999972207297e+05
1.263269209317593777e+05
3.959445281205741921e+05
4.332595646068815840e+05
9.078723294811852975e+04
5.923807803977634758e+05
4.901727220524236909e+05
1.234081178931980394e+05
6.530558236894326983e+05
1.294953795418699738e+05
4.238601585117597278e+04
1.836149423212563561e+05
5.170046557800679584e+05
1.250551645991459663e+05
1.665790740294245188e+05
1.131037242161851609e+05
4.204607900873915059e+05
5.979302450142208254e+05
1.188102827856876975e+05
5.639732150231207925e+04
1.159850398372318887e+05
1.830213510954370140e+05
1.055213402337181906e+05
1.441847664218794380e+05
1.016978757281713915e+05
2.464890970531043713e+05
2.053519681388142926e+05
7.402343765965757484e+04
1.543076428207158169e+05
1.726688868214164977e+05
1.075452606396576739e+05
2.437958007260981249e+05
1.722068764512563357e+05
1.729325565467037377e+05
6.490122219152397884e+04
2.378888459624972893e+05
8.951719575233272917e+04
1.228484354590462171e+05
1.542983475858505408e+05
7.044709251195922843e+04
9.779963254063716158e+04
1.241259593907907692e+05
5.597548543686641642e+04
1.354403516585882462e+05
1.350052401554775424e+05
9.636060162479510473e+04
1.259871026818548853e+05
1.315888151562394632e+05
9.088117808853983297e+04
1.718669976511152345e+05
9.970054118791129440e+04
1.099629980836617906e+05
9.153732129483920289e+04
1.045337090307426552e+05
1.349964260966622678e+05
1.607139280257404898e+05
9.678387207839352777e+04
9.629954206876279204e+04
2.350719742025597370e+05
1.931678267436333699e+05
1.406101536642634019e+05
1.890292842165454058e+05
9.268491259689576691e+04
4.307264625194765540e+04
8.662648822153126821e+04
1.065974589616535959e+05
7.921447274287062464e+04
9.056557814625991159e+04
7.986220691838217899e+05
1.445727927761208848e+05
2.261874969474898826e+05
1.009662191272691416e+05
8.180899707943237445e+04
9.325796814561275824e+04
5.614601293466617790e+04
9.525877541921826196e+04
1.409145194308530190e+05
1.149882053913178243e+05
1.416185235890791228e+05
1.633892637723750668e+05
1.083165859299073200e+05
5.309975689516948478e+04
1.000965976966608578e+05
4.204172194013375702e+04
1.389571911114428076e+05
1.025901455482539750e+05
9.135361799809669901e+04
1.298061947736079746e+05
9.593082363566984714e+04
4.752585203066499525e+04
1.000000000000000000e+03
7.669217133197911608e+04
7.818505125135123671e+04
1.174463959853592096e+05
1.059687529669847863e+05
1.091126763550367177e+05
1.285493890867328882e+05
8.563749902647233102e+04
8.994352350324873987e+04
8.441740787672057922e+04
6.106416900009859819e+05
7.498432867090727668e+05
2.602554232911411091e+05
4.191060430046524270e+05
7.212343038769668201e+05
6.702880218426552601e+05
4.858424861884510028e+05
5.262143573419679888e+05
5.069801122970047873e+05
4.731518951591160730e+05
5.568739074675032170e+05
1.603940932743950689e+05
3.189165529435495409e+04
1.434364880647801328e+05
5.101184879325440270e+05
1.014923596459777473e+05
9.572626155146466044e+04
8.408402310114918509e+04
4.905217034532271209e+05
4.903959961929389392e+05
2.299126730936426902e+05
1.869430543257225654e+05
1.884856629437416850e+05
1.118575371095422743e+05
1.309534094488596747e+05
9.467473357672293787e+04
1.062194803672772687e+05
9.708586915454544942e+04
1.255561769396683230e+05
3.173174069641027745e+04
8.148931932321043860e+04
1.009333173137467529e+05
1.292026971642525314e+05
6.616342523638675630e+04
6.287679290057666367e+04
1.273486415292276361e+05
7.858567447320434439e+04
6.941837498552513716e+04
5.890769862787277816e+04
5.923706678400584497e+04
1.717351299284191628e+05
1.701946883404231921e+05
2.020885438621212379e+05
1.144652096782182780e+05
1.264780066859412618e+05
2.837736691040294318e+04
1.022667658786830580e+05
7.742981846051262983e+04
2.036953144357829588e+05
1.456219381675326731e+05
6.936074064692258253e+04
8.457123453043415793e+04
8.360079158838471631e+04
7.348489039288801723e+04
9.659570708985472447e+04
1.001097731533141632e+05
8.336152421192906331e+04
1.213767427170210722e+05
9.296403698810264177e+04
7.502468491841180366e+04
8.110619877400004771e+04
2.564007749258031254e+04
1.000000000000000000e+03
1.839716733573675447e+05
9.512517029640868714e+04
8.572239750180540432e+04
8.224835359868602245e+04
7.791685396840301109e+04
8.450822253292246023e+04
6.214460519272024976e+04
8.687407671903385199e+04
1.387722336887930287e+05
1.373956812186775205e+05
2.702826984396481421e+05
9.167701662410321296e+04
8.968565832111518830e+04
6.844016641592821106e+05
6.416824606102980906e+05
1.231019751163872716e+05
8.597290898464155907e+04
8.615661439341792720e+04
3.720745258026002557e+04
1.260829715109099052e+05
1.279008945814793115e+05
2.005771395661546849e+05
2.292459838253989583e+05
9.556719937075904454e+04
4.568411194184652413e+05
2.679390407663418446e+05
1.653502330765485240e+05
3.115172094740405446e+05
2.133760015880853753e+05
2.478703520373791398e+05
6.780364347302016104e+05
6.730390160584819969e+05
2.134617080082879402e+05
8.084649757457991363e+05
6.900859447686901549e+05
2.485297172774718492e+05
1.871170413466115424e+05
1.179832764850411477e+05
4.441345011224420887e+04
1.663578003539709025e+05
1.338292708897626144e+05
2.896081335614737691e+04
8.578199756276413973e+04
8.526426873841151246e+04
5.259423539519710466e+05
8.837237419852035237e+04
1.810500156824150763e+05
4.428164485199153569e+04
7.371079700716288062e+04
1.017598078630577947e+05
1.028925922307139408e+05
1.126012947004244488e+05
1.016322815935867111e+05
1.014496607202731975e+05
1.537881033494297299e+05
1.043988877950048191e+05
1.487568335514268256e+05
2.182297809957002173e+05
6.773982249431612436e+05
8.666800832202950551e+04
8.856453262208623346e+04
1.631155696045263030e+05
1.435653931373015512e+05
9.542624086975866521e+04
1.703315075209194911e+05
2.622287460116702132e+05
8.808905221391720988e+04
7.897760791144410905e+04
2.390126149030758243e+05
4.016053661104536877e+04
2.384172535427110270e+05
9.627753755357618502e+04
7.756389806206423091e+05
8.263806183052119741e+04
9.655558827697375091e+04
1.092288226363702706e+05
8.638037007446578355e+04
1.144194321977575455e+05
7.131583437206500093e+04
2.016691241186686093e+05
1.684805378976556240e+05
5.009258016955907224e+05
6.292625852126257960e+05
2.855306833098391653e+05
2.027059325848237204e+05
2.584693545147287368e+05
1.583250196328920138e+05
1.238230296462749830e+05
1.388860480419031228e+05
7.305313150895171566e+05
8.253604377973518567e+05
1.217604349209671491e+05
6.359663589926848654e+05
7.739800375323418994e+05
1.361584166627573723e+05
1.289348758549937193e+05
1.796847231282643916e+05
8.079697223821579246e+05
1.362982739289090387e+05
1.527595410735654004e+05
7.101028823563111946e+05
2.289242803555648425e+05
6.449118797869817354e+05
1.446829137791352696e+05
4.480238634770542558e+04
6.877827671100627631e+05
6.916487624162606662e+05
8.067507431879497599e+05
9.402387468360245111e+04
2.825096546664362540e+05
5.167895297593398718e+05
4.421276061353398836e+05
1.367550177837753436e+05
9.684026013523564325e+04
3.736382813751539798e+05
6.749519602587573463e+05
1.899427939947819978e+05
1.654329785905527824e+05
5.028687307151358691e+05
1.000000000000000000e+03
2.855409998482360388e+05
5.430418685193976853e+04
1.215110577992609906e+05
4.650078277443007682e+05
4.525015728533427464e+05
1.049196691673105233e+05
7.496232808258688310e+05
5.195261670595179894e+05
6.559939556774114026e+05
1.737719907147506019e+05
7.403289597933959449e+05
7.455776110580952372e+05
5.418681665016693296e+05
5.012675709226060280e+04
2.982314582751255148e+04
6.020748477722864482e+04
7.823688423779663863e+05
5.525345974762623664e+05
5.589769309467627900e+05
7.639308794712157396e+04
8.003290599971996562e+04
7.350548157012832235e+04
1.115903432789059880e+05
1.193603854335285287e+05
7.125631764128171199e+04
9.146754751116914849e+04
1.490032120077390573e+05
1.287654130112481507e+05
1.000000000000000000e+03
1.240267376100761030e+05
2.771333273447381798e+05
6.369815273436175630e+04
1.168047293452671729e+05
5.312872455808217637e+04
4.038399677242200123e+05
7.657175303863392037e+04
5.642056568045318272e+04
1.000000000000000000e+03
8.960317140587637550e+04
1.388010631029435608e+05
1.547339991374844976e+05
2.290194881223642151e+05
7.519654705722418148e+05
7.808400633136539545e+04
3.137303653446909157e+05
2.459012375097059994e+05
2.573925635179364181e+05
1.678243891036707500e+05
9.287788209252055094e+04
7.008704201587375428e+04
7.130940669364756905e+05
7.221607548888487509e+05
5.286960201911696931e+05
5.928118453714828938e+05
2.649535461693938123e+05
8.078085202274056792e+04
6.551698544838792441e+04
3.232746679369758349e+05
2.561976941978979739e+05
2.242340310314437083e+05
9.269749867076065857e+04
3.480388594924706849e+05
5.181096292686472880e+05
1.760231427492246148e+05
1.298441582996435900e+05
8.843832439203499234e+04
2.495309373683309968e+04
1.324781115777638624e+05
1.978978898498209601e+05
7.056976155690033920e+05
5.847672655459980160e+04
1.268628986651923042e+05
5.384381244346175663e+04
6.721540993871325918e+04
1.311999835796790430e+05
5.718688979941128491e+04
9.200560597035854880e+04
1.894773675895550405e+05
2.494223775250817416e+05
2.308127477889816219e+05
7.140002871452968102e+05
1.022495422356805066e+05
1.319798571219720179e+05
2.638511553987835650e+05
1.529064585160350252e+05
1.143316932745084050e+05
1.009396292670805415e+05
3.939397044756516116e+05
3.719164592141161556e+05
1.000446955139180791e+05
8.955865513554075733e+04
1.122110043778837280e+05
1.267865288071941177e+05
9.862028854622608924e+04
3.455229891379706096e+05
4.392676440443846514e+05
4.724742332119336352e+05
3.113684628950237529e+05
2.752473938006158569e+05
9.050638715802726801e+04
8.437889147280805628e+04
2.709419548407034599e+05
2.306725416278532648e+05
4.616624784908073489e+05
5.293973533553903690e+05
4.434600104354749201e+05
2.186279928527129960e+04
4.889439846345476108e+05
1.645690017414440517e+05
1.451819718253900064e+05
1.306635859432472789e+05
1.056823037531925511e+05
1.046644437105965917e+05
1.206874571358027315e+05
5.284663491426719120e+05
7.102118460638041142e+05
4.184084921132511809e+05
1.409056553365738364e+05
9.377267316814117657e+04
8.760086864507042628e+04
3.125158458699763869e+05
4.516063208143013762e+05
3.217998308496021200e+05
1.661004010919879365e+05
2.408062796517736861e+05
1.312859643520101672e+05
1.595071777254972840e+05
7.893980629108800786e+05
3.449957376532282215e+05
9.427645922739189700e+04
1.179177268651362392e+05
5.158956486769926851e+05
3.983603466060801875e+05
9.309445023921206302e+04
2.651979272359869210e+05
1.501996946387605858e+05
2.963976708578352700e+05
1.000000000000000000e+03
1.167888858791577659e+05
1.739303328667923051e+05
1.125282569547975145e+05
1.306353672240350279e+05
1.772150372231550864e+05
2.909120261883775820e+05
1.009781875618645863e+05
7.769453580579483241e+04
7.745021938115869416e+05
1.158200672237352846e+05
5.140286801353796618e+05
1.426810141596594185e+05
2.252582095999835001e+05
1.481842840137787280e+05
2.352155851521304867e+05
1.508524360759832198e+05
1.043816105655699212e+05
1.337790122641169291e+05
1.614759796456369513e+05
6.622134935012643109e+04
7.565996044038418913e+05
6.882030485432111891e+05
5.409859918574261246e+05
3.919971263028578833e+05
6.663785437003728002e+05
1.581540981852732657e+05
1.361196181120626570e+05
1.206976759363932360e+05
1.983904697124870436e+05
4.258279777249852486e+04
4.141323237638319551e+04
7.643101454346749233e+04
1.242247450592015957e+05
7.651260165995385614e+04
9.908563957632349047e+04
7.292899189637386007e+04
9.886207813064836955e+04
3.073298474695940968e+04
5.234918161214194697e+04
1.223846798530633678e+05
6.853662661081338592e+04
5.500759021893965109e+04
1.170958042920501466e+05
1.413462883864774776e+05
4.945825012029887148e+04
8.429551695774769178e+04
1.131585761163660936e+05
1.535927008651994984e+05
1.124789903648992040e+05
1.428442573242360086e+05
1.096131223674536304e+05
1.049336680425451777e+05
1.007849649007849075e+05
1.166120439609667810e+05
1.301890181882085308e+05
1.036567767075112206e+05
1.158599218164037593e+05
7.617470742833829718e+04
6.978457811447096174e+04
1.387510644070075650e+05
1.113927146739561431e+05
1.164028969791528070e+05
8.906562136038762401e+04
1.073521098652884684e+05
1.077195152227412327e+05
7.279550895224302076e+05
1.117962501567066065e+05
1.011287924194701045e+05
5.847837611322500015e+04
6.664449384502967587e+05
1.000000000000000000e+03
2.130294725133819156e+04
7.846189894176009693e+04
1.147912425570989726e+05
1.000000000000000000e+03
7.323956604409414285e+04
1.712906673477604345e+05
9.041947297666549275e+04
7.311854414209566312e+05
1.159577948190723109e+05
8.782025885568986996e+04
3.739477068050397065e+04
4.436326980121397355e+04
3.774126226658793748e+05
3.043917132018721895e+05
9.188422910218736797e+04
8.287736453574095503e+04
1.078809219038433657e+05
1.869589379132921749e+05
4.123499060894098948e+05
1.138233136920571997e+05
1.584396045752712525e+05
9.876821208763073082e+04
3.587787695950484485e+05
4.536901432421893114e+05
6.347166224855698965e+04
1.100911955083139910e+05
5.137972028766671428e+04
5.324324188759712270e+05
1.531684130376868707e+05
6.157928174550306285e+05
7.029962333510091994e+05
6.197004635879925918e+05
4.843211732804754865e+05
9.179547313535644207e+04
2.872399303939054371e+05
1.770016044336584455e+05
1.758015041854699084e+05
1.346330867303160194e+05
2.628715851297426852e+05
1.645238431364293210e+05
1.641744811574435153e+05
1.364658873218271474e+05
1.046951142090286157e+05
2.833172953884224262e+04
4.207787952301507903e+04
9.294951346179615939e+04
1.369114913793970481e+05
1.513649058657831629e+05
1.469137961882693053e+05
6.302492162495398952e+04
8.138570867676024500e+04
3.534398413504150813e+04
1.449335172874821001e+05
7.497887220025762508e+04
9.608086961999874620e+04
1.133377899494165613e+05
1.301944095576131949e+05
8.295760076930822106e+04
7.522304944502007856e+04
5.534589245525622973e+05
5.672531589419591473e+05
5.677407012257656315e+05
9.022644204654252098e+04
1.006313158497930708e+05
9.463187780618433317e+04
5.521069761878706049e+05
1.031809510985845845e+05
2.150921016401151428e+05
1.034694445945387706e+05
1.046690434710786794e+05
3.924968566859699786e+05
1.130721147248117340e+05
7.142765680421558500e+04
1.802614867185669136e+05
1.621224286357605597e+05
4.260090621154905966e+04
1.168233818056233140e+05
5.972444522294317139e+05
1.710062301381617726e+05
1.404362381674452918e+05
1.012767463006018370e+05
6.338234369671224849e+05
2.767318781458869344e+05
1.179099794500969583e+05
2.780658001801595674e+05
7.812202468297418091e+04
1.101270267303121364e+05
8.211207828363268345e+04
9.981635662887859507e+04
2.188251147323049081e+05
1.717993969001177466e+05
2.604098436439028010e+05
4.223705158412680030e+05
3.259329528446161421e+05
2.889473064103632933e+05
9.796567377193320135e+04
5.238856074879085645e+05
1.311511414534635260e+05
4.616998167314663297e+05
7.393430323750599055e+05
4.584756698158895015e+05
9.396755644464187790e+05
1.353576910264138423e+05
1.079834846553435054e+05
2.245785112041279208e+05
1.053556429668588680e+05
1.692296513992391119e+05
1.190718469339017320e+05
1.160413334177816287e+05
1.722459294418404170e+05
1.444368636883714935e+05
9.466770241463894490e+04
1.012926003111821192e+05
1.278241684257112647e+05
8.538667002106129075e+04
2.130015406270222156e+05
1.291628345299083303e+05
1.174075769892904209e+05
6.202292733251901518e+04
1.194598802568990213e+05
1.161603983713975613e+05
2.230924572421180492e+05
1.059267660821803147e+05
1.448371622232301452e+05
7.478816147223318694e+04
7.430149111362137774e+04
1.281524781420570507e+05
1.506642968149847875e+05
7.145123987105993729e+04
2.984391916031924775e+05
1.889706769677274569e+05
3.233331260992982425e+05
9.220143225760663336e+04
1.653056556037156843e+05
2.192982352042903658e+05
1.526135078548961028e+05
1.556886748275856662e+05
8.742967390326622990e+04
6.511771915368075861e+04
1.108435807333681441e+05
3.819267484438040992e+05
1.039175506913549179e+05
1.360615083025227068e+05
9.834266122323913442e+04
8.560894141291695996e+04
2.620252529064052796e+05
1.812153902634702390e+05
7.037811330911582627e+04
5.806090750592006953e+04
1.940109631191132066e+05
4.193388424884077540e+04
1.075077739498758601e+05
1.582185709805479273e+05
6.841290404231756111e+04
1.117139228380398272e+05
6.379129682383005274e+04
8.487518240649500513e+04
5.486314249788018788e+04
1.214730240923666279e+05
1.303906361140398076e+05
2.646381740232937736e+05
1.000000000000000000e+03
6.651856657068207278e+04
1.051945619600959762e+05
7.707559786412386457e+05
7.962198295934917405e+05
3.309626270282585756e+05
5.712248906751614995e+05
1.492075069499315287e+05
1.092762224567457597e+05
1.345281279484436964e+05
1.834565501211276569e+05
1.431354530425697449e+05
1.968205054548701737e+05
6.550508809585466224e+04
1.445254479513808037e+05
1.267986079687534366e+05
7.490176877588228672e+04
2.862653019266187330e+05
4.040822239283596282e+05
4.732978075282644131e+05
1.220186044365133712e+05
4.325145090108431032e+04
3.212945055469790823e+05
1.541236095691009832e+05
1.285243666193843092e+05
1.017919660491517425e+05
8.942887032793904655e+04
1.648280282126313250e+05
2.771439689053135226e+05
1.127369409894752025e+05
1.096578639265444217e+05
1.618361698223249405e+05
2.855134025925957831e+05
9.453411294293092215e+04
4.714096303906408139e+05
9.423490751197717327e+04
6.741294488004586310e+04
2.659165008433254552e+05
6.169038876444941707e+04
1.150345829364709789e+05
1.627552146320883767e+05
2.476070189614977280e+05
9.864485068843697081e+04
1.557525639461725659e+05
1.558243766727512411e+05
8.914029486754770915e+04
6.787112413808729616e+04
1.130900389692017343e+05
7.693734740840698942e+04
1.075646151943032164e+05
1.380242215306813596e+05
8.505924477130807645e+04
7.757258545450211386e+04
9.661765511896859971e+04
9.303570017541911511e+04
1.076392766509344510e+05
1.141094176905924396e+05
1.224376147532155301e+05
4.452603932527391007e+05
1.273595803982165235e+05
1.008727872319243179e+05
8.611340927385924442e+04
1.357249052893611079e+05
1.208005306720857770e+05
9.664721979657732300e+04
2.308781285975555365e+05
1.465842598256375932e+05
1.194775831796652492e+05
8.726714362611519755e+04
4.922132502641376777e+04
8.788152362522570184e+04
8.099511177441515611e+04
1.014298261728637153e+05
4.823884182378700643e+04
1.070598189081052842e+05
6.194414385617137305e+04
1.891809276845540735e+05
7.857537774116583751e+04
3.024798956118933274e+05
6.476707037960164016e+05
4.910791170308499131e+05
8.446664428010104166e+04
6.920967839185697958e+05
5.527210574807109078e+05
5.930765698724028189e+05
5.372488822974914219e+05
6.305226659773658030e+05
4.037733267055665492e+05
6.072656435653391527e+05
5.555705957319864538e+05
5.403663112392987823e+05
8.532118264304510376e+04
4.852154073554472998e+05
5.974979900914379396e+05
2.015388593967838096e+05
9.880503698064071068e+04
1.036142314285753819e+05
1.458634419218670810e+05
4.989676469808767433e+05
2.493945660664299794e+05
2.596144649237122212e+05
5.908581683392695850e+05
1.122548261697727721e+05
4.839039551288424409e+05
1.800790313995001779e+05
7.079223671359948348e+05
1.569699485355804500e+05
5.598293177570704138e+05
8.497360479354871204e+05
1.245019582276894071e+05
1.278888123979786615e+05
5.132884672508510994e+04
1.534586779400896921e+05
7.879751165633401251e+04
1.531851939295736083e+05
1.555029169199689059e+05
5.280729052033696789e+05
1.692993995072712132e+05
8.726215924828886637e+04
1.651888928414856200e+05
1.305147663999705401e+05
3.558974250115480390e+05
1.441783337713791116e+05
3.154111513273452292e+05
4.518945068172130268e+05
5.329586394020252192e+04
9.839087680702943180e+04
5.514054464288105955e+05
4.219244795050892862e+05
9.793473000973551825e+04
7.488594207587462151e+05
8.569206426002067747e+04
3.421004127249403973e+05
2.180782292488043022e+05
2.530715688429799338e+05
9.878364535259464174e+04
4.527089810112741543e+05
1.308768540779575269e+05
1.469302722985841974e+05
1.050983663415160700e+05
8.830416673605823598e+04
1.230353195819238463e+05
4.451607502122578444e+05
5.221914202680551680e+05
9.490202329692635685e+05
4.192982145502348430e+05
9.565719027130813629e+04
1.349598115610118839e+05
1.336264024376086600e+05
9.680480462896915560e+04
5.116086887414510129e+05
1.641497175347834127e+05
3.004934229864825611e+05
1.444931579324061167e+05
7.598298946557650925e+04
6.072213840067195706e+05
1.500456506337852916e+05
6.597501830926670227e+05
4.246054297454478219e+05
4.595915063464387204e+05
9.099811345872591482e+04
1.002605769199293427e+05
1.030674988079975737e+05
5.750342592873289250e+05
5.250695872109847842e+05
2.902785917086839327e+05
2.582099853004488687e+05
5.655235845623393543e+05
1.034896372430908668e+05
7.692701377042832319e+05
1.112213598877759359e+05
7.991616804476451944e+04
1.298064637410422292e+05
2.618488214433873654e+05
1.867150578128205962e+05
5.777145267961610807e+04
2.316558611689749814e+05
2.703984524621043238e+05
1.344309110039392544e+05
4.933006738851320551e+04
3.033608770929983002e+05
5.650724019366159337e+04
1.289359135478400422e+05
1.000000000000000000e+03
1.813351439119059069e+05
1.145923280967181927e+05
2.115362735105648462e+05
3.413891542260549613e+05
4.414877389915014501e+05
2.789109686777945026e+05
1.376464705512650544e+05
1.405954314713953354e+05
2.514225475820073916e+05
2.777909806771704461e+05
7.121602557537832763e+04
8.041878570986056002e+04
1.031526626572087407e+05
3.578595118736164295e+05
1.474827426899074635e+05
3.980600901350348140e+05
9.243747206898221339e+04
6.457622919650393305e+04
2.042553533021179901e+05
7.824118188651899982e+04
5.085249625211468810e+04
2.121762442518526514e+05
1.188673515801387548e+05
9.521458218472552835e+04
8.957388530930448906e+04
6.303949253607120045e+04
1.347117602136719797e+05
1.189190442845211510e+05
5.317913929866420949e+04
2.327263109525207256e+05
1.075587109504996188e+05
1.174530571735943959e+05
1.145043943870648363e+05
8.288037802499532700e+04
1.329417131948551105e+05
4.348090518462322507e+04
1.040264668882056430e+05
3.727454325472245109e+05
1.511085794160690566e+05
1.074910036257855099e+05
2.223269733553235710e+05
8.505293262061192945e+04
9.795357726386770082e+04
5.489442760816696682e+04
1.001421008152009308e+05
8.692213202782381268e+04
1.074851433598630974e+05
7.266755913339204562e+04
1.185293305844704009e+05
9.794820978331484366e+04
8.343741305250430014e+04
1.094264686432480812e+05
8.181794291732755664e+04
8.788066782680293545e+04
8.985180809568816039e+04
8.499054045618172677e+04
7.298305001314892434e+04
1.027211809609589836e+05
1.057592470063612564e+05
8.270533412947364559e+04
1.116789641342004761e+05
9.592811378763320681e+04
1.059974901895813528e+05
1.002864292348189774e+05
7.829538808478134160e+04
1.345074585001526575e+05
1.065500081502214889e+05
7.475618218020397762e+04
9.258126652992244635e+04
2.302401502069791604e+05
1.110189890352145885e+05
5.334049520456822211e+04
1.417743679161058390e+05
9.472834381313652557e+04
1.136294283634664898e+05
5.728942746744937904e+04
1.395779090571123234e+05
6.775826272025972139e+04
1.000000000000000000e+03
2.377292867622181657e+05
7.289781566746796307e+04
8.241158911924260610e+04
6.462414827821654035e+04
7.728629892323809327e+04
1.629217224612527643e+05
7.460650961346806434e+04
1.019204982038531743e+05
1.026884553590849973e+05
7.104628653323282197e+04
1.464100993200027733e+05
5.073602343890313205e+04
1.288125483759241179e+05
9.338730954638530966e+04
7.668833583000472572e+04
1.497395821311291365e+05
5.180305978144654655e+05
4.015921883122182335e+05
1.716657818561213790e+05
6.844231840321603522e+04
1.128094690660848573e+05
4.356584428817815497e+05
8.761932149720542657e+04
1.406825210049571469e+05
1.037918644989477616e+05
1.563767059218003124e+05
1.323239075477080478e+05
1.271234745197170560e+05
3.574944576648311340e+05
1.691279252979148587e+05
1.437233202082279604e+05
6.851162032822302717e+04
1.201784434203518758e+05
1.516168729884930945e+05
3.228508865072076442e+05
5.825263664449695352e+04
1.464922053650735179e+05
5.349099184957221150e+05
1.026666451968425972e+05
1.422414548601093120e+05
5.748639609344499186e+05
2.278671042930633703e+05
6.621644426905445289e+05
2.899200234036122565e+05
5.117695701009022305e+05
5.358451746080638841e+05
4.772857510348304058e+05
5.706894631687969668e+05
2.932317824583349866e+05
2.944068117485931725e+05
3.085125494073245791e+05
4.869023248483253410e+05
8.713803504547571356e+04
2.115565410805361753e+05
3.954090084109872696e+05
6.292754772042757832e+05
1.000000000000000000e+03
4.128732951511930441e+05
3.928038178665570449e+05
3.288794051434866851e+05
3.474526509822144290e+05
4.770210135626828414e+05
5.372399386623234022e+05
3.421965540032096906e+05
4.848782759213449317e+05
1.071524198818123259e+05
2.369846739699296886e+05
5.216796889252571855e+05
2.534713164962892770e+05
4.508650174678644980e+05
4.356716879792421241e+05
7.352841173017054098e+05
6.177120523983073654e+05
5.885326325432852609e+05
3.717660595419479650e+05
1.308835536719979718e+05
4.849528460223118309e+05
7.035850679642293835e+05
1.000000000000000000e+03
2.382570385422810214e+05
3.901388875910793431e+05
3.189708421202489990e+05
4.894117854305398650e+05
4.455617793386142002e+05
8.109313982824487612e+05
4.881826764875713270e+05
5.928130274185020244e+05
5.057426232024108176e+05
7.300974145794701762e+05
7.231611829493701225e+05
3.209013142599029234e+05
3.503015643277946510e+05
6.558492575299340533e+05
6.125798732765736058e+05
5.310867473080764757e+05
1.945406162215358927e+05
2.990301726729543880e+05
5.500170096280482830e+05
5.684051155623339582e+05
3.029678371574165067e+05
7.299304987159608863e+05
3.071021783841327415e+05
6.608551961196010234e+05
1.502384838543493534e+05
6.803260186295917956e+05
5.977803600855377736e+05
2.789897512691034353e+05
1.000000000000000000e+03
4.500626444971055025e+05
4.720427556924010278e+05
4.223499829370643129e+05
4.911058658192074508e+05
1.000000000000000000e+03
2.476050631345492147e+05
5.850371492063167971e+05
2.868716885564389522e+05
1.486499886195173603e+05
2.643206797688318184e+05
1.252299063777042757e+05
2.025665331391605723e+05
5.136724892278713523e+05
2.418732647694843763e+05
2.241277040121081809e+05
2.538344456153201463e+05
7.945033121456224762e+04
2.620227519109913846e+05
7.731983574893693731e+04
1.070511767989902728e+05
4.824507929250332381e+04
1.098326028266562498e+05
1.603497914944826916e+05
6.736190970525806188e+04
2.093990692279911891e+05
8.542227732876884693e+04
1.000000000000000000e+03
2.183547141180711915e+05
2.768305838611427462e+05
2.067909111697476765e+05
1.962348990805398498e+05
8.720002094573841896e+04
3.443006458895172109e+05
1.286284066972160363e+05
1.371295233689185698e+05
1.390963779938108055e+05
1.435938542950456031e+05
1.255215122918655543e+05
1.095340809737886593e+05
1.185122546237784118e+05
7.214011665211465443e+05
7.347386260823075427e+05
2.657184116155900992e+05
3.171665761189404875e+05
4.134757646172011155e+05
2.673397455790829263e+05
2.395221933564867068e+05
5.944723750823375303e+05
7.275874265406349150e+04
1.739996243208688975e+05
1.350934658012178261e+05
1.384831777240854281e+05
9.117944249029029743e+04
1.348561843750463449e+05
1.187683636064134625e+05
1.875494676512768492e+05
6.987278829004093132e+04
1.119131242619682453e+05
2.348395562007445551e+05
1.003640582954681886e+05
3.415831270967330056e+04
1.611396111674417916e+05
1.443767431048638246e+05
2.698980595963435189e+04
1.369700785018825263e+05
1.358899689837667684e+05
8.976884687857619429e+04
1.013016459964528331e+05
1.013838418492193741e+05
8.132506914734885504e+04
1.107926066353349743e+05
8.435746944221912418e+04
9.640284824255752028e+04
1.348787358590069052e+05
1.441934027728913934e+05
4.410466466149172447e+03
1.000000000000000000e+03
1.771265062431682891e+05
9.631839761281407846e+04
9.878071471663528064e+04
7.790630560339063231e+04
1.371837894174733083e+05
6.988102813630325545e+04
1.302044324772082182e+05
8.976169726119881670e+04
1.044160047349843953e+05
1.082757373568664480e+05
1.136156928098720819e+05
1.198408027612171136e+05
9.406653306192513264e+04
8.231759746742536663e+04
1.667344566731580126e+05
7.490018507314097951e+04
1.065695767731987871e+05
1.233997860162403667e+05
1.912432857711771212e+05
8.035856480719278625e+04
1.226677036539397086e+05
2.050325954560278624e+05
1.361650734684642812e+05
9.821226190574452630e+04
9.810622381885086361e+04
3.766814777487737010e+05
1.876230219557408127e+05
1.248362176397372677e+05
1.319174378213090531e+05
1.541410268874974645e+04
1.253146744734461827e+05
1.765799416943760007e+05
1.961349027612768696e+05
1.221432343406906439e+05
1.263538251912635606e+05
9.813377908043644857e+04
1.008674334887119185e+05
7.898280554141879838e+04
1.230693162747091556e+05
1.172485883904778457e+05
4.515508258512431348e+04
4.712792562856713630e+04
8.855247176988658612e+04
1.357257053557893087e+05
1.418429585833007295e+05
1.180432907486156037e+05
1.216481117794648453e+05
1.189361449895609403e+05
9.068460264881595504e+04
9.504386796899778710e+04
1.548711413702659192e+05
1.090226590684916446e+05
9.911040591281894012e+04
9.933560783561902645e+04
1.436615347723374143e+05
8.935207509405244491e+04
1.696278519690149988e+05
1.205187523478330695e+05
1.455319240167922690e+05
1.014832993824587757e+05
1.689690498882275424e+05
1.028924226700787112e+05
1.205581852988220344e+05
1.276868489665366506e+05
7.722503687468735734e+04
1.499474332724215637e+05
4.477106412491023657e+05
4.828208746435104404e+05
5.060398712407841231e+05
2.717846804459654377e+05
2.169765355706235277e+05
2.454316498093949631e+05
1.533228958209067641e+05
1.532392032721077267e+05
2.187870018111015379e+05
2.600560750517222623e+05
1.616041849448012363e+04
2.152815484779517574e+05
2.105591489390360948e+05
5.165385588121022447e+05
1.741192645351666142e+05
2.270777564031063812e+05
2.268582358655864373e+05
2.724524113274358097e+05
3.100622253992321203e+05
3.083680853420249186e+05
3.421358218646603636e+05
5.209924190627239877e+05
3.084684292625679518e+05
5.099099029803169542e+05
2.997749664201051346e+05
3.448655401677314076e+05
3.884722846171697020e+05
4.393130241389204748e+05
5.418324277819178533e+05
4.736047329261772684e+05
5.449242852870018396e+04
5.082535550700940657e+05
5.774753860933637479e+05
2.052571660940770234e+05
2.572433645000613178e+05
8.206936230409602285e+04
1.043757433933077846e+05
1.837452131926049769e+05
1.161168599186471984e+05
7.617971609482595522e+04
1.278631323339675728e+05
1.006292899253738142e+05
8.439936551751696970e+04
9.998283001223040628e+04
1.203761870575342182e+05
1.500410703887193813e+05
1.330304021875078906e+05
8.461797943109014886e+04
1.181924208213089296e+05
1.565216350049368921e+05
6.492642049330425652e+04
1.516130080074279103e+05
1.129034852005063294e+05
8.964384902034756669e+04
9.485523642205866054e+04
1.015901629673829302e+05
1.395836259475692641e+05
1.066340906687741372e+05
1.464629551286131900e+05
1.207836758218996983e+05
9.191484979045078217e+04
1.375251710805854527e+05
8.994892085521908302e+04
5.729998111171928031e+04
9.269499656604521442e+04
8.521510297637239273e+04
6.710617625616889563e+04
1.451528298362685018e+05
1.133733588777973928e+05
1.201227283089409029e+05
9.683737564088279032e+04
1.436047150341804954e+05
1.498173036007339833e+05
1.280441234443450812e+05
7.428500298349722289e+04
1.101334163096968405e+05
3.301861083673521352e+04
8.528530161788378609e+04
1.504458535154381243e+05
1.234204740300058620e+05
9.014206097204232356e+04
1.560126437578882906e+05
9.759394076603015128e+04
1.034600435850763315e+05
1.028339004073283868e+05
1.629906656282269396e+05
1.421337186707962246e+05
4.586439863286330947e+05
4.282881932134672752e+03
6.240849967928644037e+05
3.362860865628479514e+05
4.835811399060451076e+05
3.641474709671960445e+05
1.901697983161294542e+05
1.805093243238885771e+05
1.411187150893468061e+05
4.796068362346761278e+05
1.321927815475165844e+05
9.279648842484399211e+04
6.920115646140954923e+05
5.828357183168743504e+05
5.474813277507127495e+05
1.066151630655298504e+05
2.645949886790741002e+05
1.423512161629206676e+05
1.221930722314334998e+05
2.114870192867842270e+05
4.455388803814365529e+05
1.000000000000000000e+03
5.425313909519798472e+04
5.176357854988466715e+04
4.478816916561735561e+05
9.301754144991906651e+04
1.547427424654087517e+05
8.226984250713112124e+04
7.576337968424848805e+04
2.773254644996976276e+04
7.699499503178319719e+04
3.955066547424878809e+04
2.283433385921259469e+05
8.101474321955564665e+04
6.681324376470278366e+04
1.209132823977002845e+05
8.265808838368701981e+04
1.023667241757633747e+05
1.342059845588783210e+05
1.092808951793895103e+05
1.548722369485626696e+05
7.799549143584030389e+04
1.173952138530294033e+05
7.665956444172424381e+04
1.148502898923797766e+05
9.115616118811687920e+04
1.139900772425730684e+05
1.502872402164829255e+05
1.422759362805681012e+05
7.619008384775395098e+04
7.271443843730255321e+04
6.799023969351952837e+04
1.196115476041894872e+05
1.423356640330284717e+05
1.221115812067088846e+05
9.612997947850445053e+04
3.122077611893959111e+05
9.538928908323406358e+04
1.050574478219599841e+05
7.634951626300836506e+04
1.117833603312355990e+05
8.946512247880514769e+04
6.019025696899960894e+04
6.989548360871718614e+04
4.583565150081274624e+04
1.009506115973801352e+05
1.000000000000000000e+03
9.810784078305288858e+04
1.000000000000000000e+03
1.672291206812775345e+05
1.271150250574391539e+05
1.105281186189690343e+05
1.400296953603140137e+05
1.360743346132692241e+05
2.334208939165325428e+05
2.261887659756052308e+05
4.844637257799220606e+03
1.000000000000000000e+03
1.302982024043947167e+05
1.038700334828217310e+05
9.073206998988251144e+04
4.421561542677076650e+05
1.021468024729018216e+05
1.156669654357679246e+05
1.332621035869396874e+05
5.104394436977528676e+04
1.150868364566788950e+05
2.741078412962115835e+05
4.777755894612337579e+04
1.290051257492164732e+05
6.006797013826345210e+04
1.261782388158212125e+05
1.283841278538963816e+05
8.157424785128080111e+04
3.523564965786353423e+04
1.791796672250035626e+05
6.871107548775567557e+04
7.454446975780178327e+05
1.225168411372077389e+05
6.149681632865660358e+05
2.867726718965361943e+05
2.435732028984532808e+05
9.070453634723165305e+04
1.529838865358567564e+05
4.776219989707780187e+05
1.251665726914253319e+05
2.774861381904218579e+05
2.393236256259806105e+05
2.610746124538076401e+05
4.968974875121903606e+05
4.262111362205721089e+05
1.698829477821305627e+05
8.956041637482406804e+04
6.908907091844028037e+04
1.858705529346589756e+05
1.216337227729962324e+05
1.314128262451986375e+05
1.116724995906866679e+05
8.436476147347413644e+04
1.096782581466053089e+05
2.365166552028887963e+05
2.649391410988692078e+05
1.195976851274489163e+05
2.694148341626101173e+05
1.092730443346094835e+05
1.063516878828221088e+05
1.915292462404492253e+05
2.010467433611191518e+05
5.837464047670179280e+05
6.258108885132520227e+05
2.264953202244210988e+05
2.151380539941746392e+05
1.336004947105764877e+05
2.783067922222426860e+05
6.074790617946173297e+05
1.404523758902287809e+05
4.544931442495189258e+05
5.223684160387260490e+05
6.131009250807608478e+05
5.317928773480416276e+05
5.104793790960516781e+05
2.266766733409340377e+05
6.666721605179646576e+04
5.662869223783574998e+05
5.282882904447594192e+05
6.757329821668264922e+05
6.063241192061756738e+05
4.774535113565804786e+05
2.807551552736260928e+05
5.640232811841696966e+05
3.704967917444182094e+05
1.669015553515342181e+05
5.097818877863271045e+05
4.403926623437980888e+05
6.683728112646321533e+05
4.342372966746513703e+04
6.446236242057121126e+05
5.670113967948924983e+05
1.709950201262561895e+05
9.968373324558891181e+04
1.329368810099305701e+05
1.572797891505408043e+05
1.805794962402231467e+05
5.303355069827723783e+05
1.000000000000000000e+03
2.069682528252110351e+05
2.594897482521656202e+05
5.534202420793646015e+05
5.068768590027926839e+05
5.938150529540324351e+05
2.227050720402244187e+05
4.450840042584690964e+05
6.187972493729079142e+05
6.016662342192260548e+05
5.621579480121184606e+05
5.428861650021802634e+05
6.747785137470962945e+05
4.848155473790001706e+05
5.348075186739943456e+05
4.191110943283242523e+05
2.088920900150119560e+05
1.794306466932953626e+05
1.716241370623043040e+05
1.976981892044024135e+05
5.555852974809348816e+05
3.502271931814560667e+05
5.486163557478078874e+05
2.987755094765293761e+05
3.281637248333380558e+05
4.075736129661379964e+05
2.935646255462884437e+05
2.877586219493955141e+05
4.711456602148738457e+05
2.333958701511907857e+05
4.495244277700457023e+05
7.073782378625224810e+05
2.539865851666495146e+05
2.090369574763021083e+05
6.203275547417063499e+05
1.289213157978381059e+05
2.276380172859135491e+05
2.839214250138244824e+05
4.167681410796754644e+05
3.985299132360111689e+05
2.449871754705261847e+05
4.066652013912153197e+05
5.400985053713559173e+05
2.131082749743191816e+05
5.339284955701502040e+05
6.473636599212610163e+05
4.472881167321176617e+05
2.096688086372878170e+05
3.221367579900004202e+05
6.453086510301386006e+05
6.142238247081846930e+05
7.952853346578759374e+05
4.889144193786073010e+05
6.944689443123907549e+05
6.157240068340373691e+05
4.146965472327949246e+05
4.182657235272732796e+05
1.491932002164390578e+05
3.959979181755738100e+05
3.938977712977596093e+05
2.303959974711825489e+05
3.510516657732619205e+05
2.970497346157386201e+05
5.709164122583225835e+05
2.194916083114532812e+05
3.802794990982124000e+05
3.062733120588894235e+05
4.617080977844098816e+05
4.500099921000580653e+05
3.163541055866630049e+05
5.084304735750554828e+05
5.749560800424100598e+05
2.689042132376122754e+05
2.290611089608832845e+05
7.950857262322783936e+04
5.524115093225823948e+05
6.172197939817939186e+05
4.915317970560147078e+05
4.363094829658952658e+05
4.543471994900376885e+05
1.909877847317312844e+05
2.136879323957680026e+05
4.235582661130260094e+05
4.374880878482243279e+05
2.680404649995123618e+05
4.528045342837952776e+05
2.704095026032599853e+05
3.400708714341865852e+05
2.030851053973281523e+05
6.958660965506441426e+05
7.511371341356060002e+05
5.450512875486013945e+05
3.081419587253023055e+05
2.251336703643714427e+05
5.326669535570454318e+05
1.511476652599333029e+05
1.064691512749387475e+05
1.045061839647231391e+05
1.039792618016880442e+05
1.682666680197235546e+05
1.522224353903763986e+05
1.249033407224548428e+05
1.895917759429026337e+05
5.127068222540675924e+04
1.637243528670086816e+05
1.838238395783509186e+05
3.454979429279851611e+05
1.452931719262490806e+05
6.760677422915355419e+04
1.348849709388135816e+05
1.232351889252874244e+05
8.869578514048518264e+04
1.016341460305542860e+05
9.998338981154590147e+04
1.949104119129532046e+04
1.182028059982581181e+05
1.167030652414628712e+05
1.074710095328959287e+05
1.271772014671478828e+05
1.184797896167198778e+05
1.011567655873383628e+05
1.039978151005908876e+05
3.630360598061513156e+04
1.412928237914053025e+05
1.336567293970149767e+05
1.036264032577253238e+05
8.441266703360488464e+04
2.061910166227364680e+05
5.273300911285220354e+04
8.325239173048603698e+04
1.593042900692194526e+05
6.174705024468345800e+04
7.978936993341751804e+04
1.314902239111269591e+05
2.050947352664237551e+05
1.204723654570380750e+05
4.817516533134313649e+05
2.507608786265853560e+05
1.855633332864891272e+05
1.886518512113492761e+05
1.656012373646603373e+05
1.275851311120330647e+05
1.356419375666737615e+05
2.465946542515039910e+05
5.174065048829055013e+04
1.221440272402234841e+05
9.058166563004434283e+04
1.132320432977488090e+05
8.902045488140579255e+04
1.314319087996884482e+05
9.320813853736167948e+04
9.168706876217789249e+04
1.113263057924888999e+05
3.141954193952427158e+04
4.371844995291491505e+05
2.499012505278581521e+05
2.075943635556499648e+05
1.159593024775482481e+05
1.386282786674613890e+05
2.126979623183394142e+05
1.057354786208223231e+05
1.204941183463339548e+05
1.169443889500209189e+05
7.966036615111034189e+04
1.271011948391383048e+05
1.392684343250363891e+05
1.626436321131260484e+05
2.244368955506164057e+05
1.289318251794685493e+05
1.116539581984514371e+05
3.884726388961301418e+05
2.324169053084553452e+05
1.729214158021855983e+05
1.015830042993137031e+05
2.060351366547096695e+05
1.037024298968273943e+05
2.239778302487487381e+05
5.635382559844475327e+04
6.261843648596027197e+04
1.032663172469818528e+05
1.603328480913956591e+05
1.335610168258693884e+05
1.405614300008241262e+05
1.372777193326259439e+05
1.201961972573813400e+05
2.366318423582205141e+05
1.000000000000000000e+03
1.367862112712475355e+05
1.326768231295299192e+05
2.073884688613260805e+05
2.617639702446970914e+05
5.952837863895192277e+05
4.833723113643739489e+05
6.316440224928729003e+05
2.078019235445651866e+05
4.156890074323217850e+05
5.706613193427267252e+05
4.570580941198001383e+05
5.070324099329155870e+05
5.781065721823414788e+05
5.724512683975147083e+05
6.512946338573119137e+05
7.025591992806342896e+05
2.234070417242781550e+05
4.664734406314430526e+05
7.290797008456973126e+05
8.400325312623354839e+05
2.583387983128209889e+05
6.295256190415639430e+05
1.995354565656859777e+05
3.192033996748924255e+05
8.400130053978047799e+05
2.410296566573870368e+05
9.251486587002969463e+04
1.000000000000000000e+03
4.607273213623193442e+04
3.703854651957289025e+04
1.000000000000000000e+03
5.660509373320494342e+04
9.501849155269918265e+04
1.083186879519376234e+05
8.570268462817146792e+04
1.922567882356080809e+05
1.000000000000000000e+03
2.102652041679741815e+05
1.000000000000000000e+03
1.000000000000000000e+03
3.648871052455208701e+04
1.602789312386628008e+05
1.408398912117241707e+05
1.142614747099221131e+05
1.000000000000000000e+03
1.000000000000000000e+03
1.365640783595443936e+05
1.260787922185356147e+05
1.311826246901493869e+05
1.056666084250468994e+05
4.255410817388563737e+04
5.594186048157927871e+04
5.103984522664165706e+04
1.138127295698277157e+05
5.422673660015761561e+04
1.105879183049686253e+05
9.749687279479071731e+04
1.000000000000000000e+03
6.710682763312445604e+04
1.194207950083970354e+05
1.814706141046703851e+05
8.962588955100935709e+04
1.786395420689619787e+05
2.854599309842158982e+04
1.000000000000000000e+03
9.744572579130914528e+04
1.538006292546822515e+05
2.417805246715575631e+05
5.315936426041230152e+04
6.688768475014364230e+04
1.393358109955223917e+05
1.584148194757835299e+05
9.101428117164186551e+04
8.998725707786495332e+04
2.109397770252886112e+05
1.215884179121267225e+05
7.599696709970376105e+04
1.082471967082596384e+05
7.724396679501055041e+04
6.019533536281333363e+04
5.473556185681268835e+04
1.854165311189554050e+05
1.131128142907150032e+05
4.278795517177631700e+04
8.985432167788546940e+04
5.140267505937207170e+04
9.483974319934492814e+04
1.059839677232133399e+05
1.380347841758501017e+05
4.742096080730867106e+04
1.628415923405087087e+05
2.652164817156890058e+05
1.000000000000000000e+03
1.670865968333689962e+05
6.623018353978167579e+04
1.293403244873248332e+05
3.953370903389870364e+04
1.155122711591751868e+05
1.135585455763619102e+05
4.462204776339721138e+04
9.025284718763978162e+04
7.964109742063139856e+04
1.305187083338319353e+05
8.328359621789354424e+04
1.266939107458601065e+05
8.277185185834929871e+04
1.322344387221061334e+05
9.539379907831942546e+04
7.489043639845029975e+04
8.010995380631931766e+04
1.098844255513430253e+05
1.174203900418417325e+05
9.174619090086242068e+04
1.376324490654535566e+03
1.340341326598557353e+05
9.361496353948055184e+04
3.742363936241814827e+03
8.931296204589941772e+04
1.000000000000000000e+03
1.660809490376663234e+04
1.133274471891019639e+05
9.944132637110321957e+04
3.206742757336264913e+04
7.509672051070808084e+04
1.365061720920172811e+05
9.332776345483760815e+04
8.921896203596275882e+04
9.776788083912109141e+04
7.135090786597740953e+04
7.840513067954483267e+04
1.000000000000000000e+03
7.440706503569830966e+04
9.028752855564487982e+04
1.282601372794320196e+05
9.309458061428465589e+04
3.210635056796476129e+05
3.419541858088626759e+05
4.863790172229402815e+05
2.505195080038465094e+05
1.856990319630765589e+05
4.763200984616067144e+05
3.685691297081460361e+05
3.849663201548851794e+05
4.237081311674057506e+05
4.187104788456474198e+05
3.859606043812087737e+05
3.490881905618417077e+05
2.673943354891562485e+05
3.842621199851693236e+05
3.914303513951909263e+05
5.628331215373477899e+05
6.145694007315895287e+05
3.356418756930030650e+05
4.962824207381273736e+05
4.266238828009216231e+05
2.917209420635949937e+05
6.186747726519241696e+05
5.009855976830525324e+05
2.901251476298244670e+05
4.189297417072878452e+05
2.075059784627277986e+05
4.571763661141759367e+05
4.648294646300204913e+05
4.611528717745317845e+05
2.878052401970198844e+05
5.309129771230998449e+05
6.815405987627663417e+05
4.893429282387099811e+05
4.117166970362708671e+05
4.657511085088544060e+05
6.620426086361821508e+05
4.696934510936824954e+05
5.832765649847189197e+05
4.902823025529380539e+05
2.909991277868788457e+05
3.721912728820201592e+05
4.832706247372119105e+05
2.205593719065998448e+05
1.840957618666120397e+05
1.063454049272356351e+05
1.119506579090514715e+05
1.633571944640412112e+05
1.456530213079009263e+04
9.806033633619479951e+04
1.281447913332645840e+05
1.133613170237551094e+05
1.127744348888844106e+05
8.645593052046056255e+04
9.845289000802503142e+04
1.192355991268367070e+05
1.319372878095237538e+05
1.323027416730186378e+05
9.164463404273046763e+04
1.249095523156395211e+05
1.259440370968059142e+05
8.546453323481953703e+04
8.797599755212503078e+04
1.266308378743961948e+05
1.110778906616531167e+05
1.000000000000000000e+03
1.766159251894776535e+05
1.532881881530137325e+05
1.000000000000000000e+03
1.591250882216172467e+05
7.697732415478452458e+04
1.070773532920531288e+05
8.423585190717014484e+04
1.256266538830093632e+05
1.888612101064182352e+05
1.824415018078965077e+05
1.397488590414628852e+05
1.029207302117291983e+05
1.288345896364830551e+05
1.232490328854805848e+05
1.069885143094143714e+05
1.200538926065395499e+05
8.089946153701722506e+04
9.738055569524050225e+04
7.420426765770181373e+04
1.142826772749617521e+05
1.622064121031039394e+05
6.101041571185640350e+04
1.005920348986178287e+05
1.190503335971972556e+05
1.047521398972813622e+05
1.747105359897162707e+05
9.531281774546025554e+04
9.107242017663567094e+04
1.411367058594892151e+05
9.304116214174556080e+04
8.595189811902859947e+04
2.224883414406418524e+04
8.296414190193501418e+04
7.987340923329631914e+04
8.846394648514263099e+04
7.195556452530006936e+04
9.350514220269222278e+04
1.075322354578596278e+05
1.210345936152213835e+05
2.015170940899008128e+05
7.653020425986296323e+04
1.492776243718136393e+05
7.839361715104278119e+04
8.911819494885305176e+04
1.305441045774274680e+05
1.286030140946160245e+05
1.038720330840052775e+05
9.724394493190853973e+04
6.422841403550000541e+04
6.570946854377168347e+04
6.752427394886166439e+04
8.627074347841869167e+04
1.160379913441671379e+05
1.333584216729523614e+05
8.366227668249630369e+04
1.820670125870549819e+05
1.134519277129772381e+05
5.167175159031167859e+05
5.043238512438602047e+05
5.123842055353958276e+05
2.940082518764254055e+05
3.159009559046740178e+05
4.139922166240027873e+05
4.971299870958081447e+05
4.090838041036832728e+05
2.935571374905097764e+05
5.516962286782565061e+05
4.575112514065742143e+05
4.461378852122735698e+05
3.728882230945042684e+05
4.406909596769321361e+05
3.312850063670560485e+05
4.071662051496329368e+05
4.225149624041544739e+05
5.011218113661897951e+05
4.107675813622165588e+05
4.909264512499716366e+05
2.871329772477635997e+05
4.289086199847337557e+05
4.383381935660797753e+05
5.487161354944228660e+05
3.756883337946258835e+05
2.006317298820770811e+05
1.540277610675600008e+05
2.398540214288380521e+05
4.998824576732478454e+05
9.631439014163301908e+04
7.119813911296550941e+04
1.215104630711019272e+05
2.200850188542679243e+05
2.033298676608690876e+05
1.081872906821764482e+05
5.732022610070176597e+04
9.044776379277353408e+04
1.123564073339297756e+05
7.158836609368617064e+04
1.413893780354143237e+05
1.069384170484531060e+05
1.043012671767903521e+05
1.317174114235367160e+05
1.873305212822566100e+05
6.012775843724123115e+04
9.714850816917874909e+04
1.504961241014856787e+05
8.621481584266987920e+04
7.749119144571296056e+04
1.505826807403856656e+05
8.457189681489988288e+04
1.439906621545016533e+05
1.115878589384361549e+05
1.060800631788510800e+05
3.288190649184176436e+04
5.594361066243020468e+04
6.599024023936282902e+04
8.288818691937427502e+04
2.297655315044605595e+04
1.459058464801872324e+05
1.277022906434430770e+05
2.346545054773613811e+05
6.655252174066442240e+04
5.052534517338121805e+04
7.831251036684536666e+04
1.100864355606604222e+05
1.609761701354452525e+05
1.493796773997517885e+05
2.094071454950404586e+05
1.155884771848985984e+05
7.500737174022603722e+04
2.617694073719413136e+05
1.065921213366865995e+05
6.489582729493162333e+04
1.131168656996431091e+05
1.112234475212265825e+05
6.797151039104421216e+04
8.806878260267691803e+04
1.468848798139722494e+05
2.760958332966531743e+05
1.289503104341598955e+05
1.016959340575795068e+05
2.145665511764393596e+05
5.974517993676400511e+05
2.909646246023029089e+05
5.175066321525186650e+05
6.720316444966677227e+04
1.537967144351158349e+05
3.976310768944204319e+05
4.467994048350106459e+05
6.159947034223794471e+05
6.401716457854928449e+05
5.395464631361027714e+05
4.575371472620436107e+05
3.798902194326150930e+05
3.040022516778110294e+05
4.752561804490811191e+05
4.611532536493416992e+05
5.533738407563918736e+05
1.959680193520820467e+05
4.079712449340056046e+05
4.304224098415075568e+05
1.760158202934778528e+05
5.551052829690289218e+05
2.409095307328782801e+05
4.053792087616166682e+05
3.610185831357220886e+05
4.090953044203859172e+05
9.073788828627488692e+04
9.337070196108869277e+04
9.438668404894326522e+04
4.418782849127938243e+04
1.284061133673840377e+05
1.227619565912907274e+05
2.966821583425491190e+04
1.000452084293948574e+05
1.216790199374992517e+05
1.238206041251214629e+05
2.474158904240010597e+05
2.142992700813141128e+05
4.284490570070250396e+04
1.310188030841449217e+05
1.000000000000000000e+03
6.344082896838823217e+04
7.065172247408835392e+04
8.793322475889210182e+04
8.275912783708926872e+04
1.349251331289511290e+05
1.305774502877821360e+05
6.471648291223882552e+04
1.062667086897421541e+05
9.540214933461343753e+04
5.151388921731265145e+04
1.002947609399824578e+05
8.653763840131457255e+04
4.558106692023701908e+04
8.856008429367768986e+04
1.172101171625428397e+05
1.331249641729863652e+05
5.540405414145893883e+04
2.662752002554222781e+04
9.910670208015780372e+04
7.795321093845118594e+04
1.401034619622107130e+05
1.168207010025068885e+05
2.069514618822204357e+05
1.877016577946970647e+05
1.628452887355049024e+05
1.164297582175009156e+05
1.088616859562755708e+05
1.267087208052184433e+05
8.740349747812614078e+04
1.128568217139776534e+05
1.243519999991404475e+05
1.196487840429781354e+05
1.264658150585375261e+05
8.556359923185178195e+04
1.176471217474431760e+05
2.197195833145987999e+05
1.695804269815118751e+05
1.834711540317954496e+05
1.487276762673819903e+05
1.145375842115642881e+05
6.669333404007717036e+04
6.875198703336012841e+04
1.432656701328658673e+05
2.554016261388981075e+05
9.231346098636127135e+04
1.173537360680365382e+05
1.537116670946635131e+05
1.469714191115618451e+05
1.695023437124375487e+05
1.641644499399025517e+05
8.425025056716456311e+04
1.399282066405617225e+05
9.547937230838490359e+04
1.161553288320012944e+05
1.097788441527992545e+05
1.528392964620812272e+05
1.922616239824144577e+05
1.102999541952178261e+05
1.115771592082072020e+05
1.875752244596085220e+05
1.087240685376813926e+05
1.747839516912827094e+05
1.271121383868599951e+05
1.216850804333503620e+05
1.254327960083385697e+05
9.314550320703326724e+04
9.970042290591089113e+04
9.957621341450845648e+04
1.411267602606590372e+05
6.419091885731539514e+04
1.121510295954214234e+05
4.491841467296345945e+04
1.055676760777017334e+05
8.388834285680613539e+04
7.563780126742893481e+04
1.187835961037064117e+05
8.733847079266117362e+04
1.085281704078648618e+05
8.842479809204969206e+04
2.328309041775556980e+05
9.729213489044226299e+04
1.593350878471978940e+05
1.654038430089749745e+05
1.007470614127119188e+05
9.628719486081213108e+04
1.928441135929461452e+05
1.576666314913891256e+05
6.434052298514836730e+04
9.006883820086113701e+04
1.391811221800842613e+05
9.062141344506140740e+04
9.849929004157536838e+04
1.000000000000000000e+03
5.968993554758320097e+05
4.823972398919772240e+05
6.260792481953247916e+05
5.658755539917072747e+05
3.214854980722799082e+05
2.466496041979303409e+05
2.526177337771451275e+05
5.029759597204301390e+05
4.638376511569601716e+05
4.391142077522184700e+05
4.778487729756868212e+05
4.516502370344217052e+05
5.504645206799730659e+05
5.088476492867173511e+05
2.019813494149596663e+05
6.716634805851538840e+04
6.778889162560125988e+04
9.566893630027995096e+04
9.842341731210688886e+04
1.715429406270952604e+05
8.431568031101567612e+04
8.948154938872421917e+04
4.420992123633970914e+04
1.000000000000000000e+03
8.306024003444913251e+04
1.162036599549801467e+05
1.715376391423685127e+05
5.690650421567614831e+04
6.774920356025808724e+04
1.300625682683524356e+05
7.523070983263396192e+04
1.000000000000000000e+03
4.160963703559320129e+04
8.991459805856466119e+04
9.099969116564563592e+04
1.039162667533709900e+05
1.037256153528734576e+05
7.165574623529413657e+04
1.014412472355783684e+05
9.064433566901690210e+04
9.282111218928992457e+04
1.075889574780608236e+05
5.977555684842725168e+04
1.235522715434217971e+05
1.446669011984626995e+05
1.259522379589313641e+05
1.287986141796487937e+05
7.009211433048897015e+04
9.224553686349303462e+04
9.347989431939148926e+04
1.227950024745829141e+05
2.939410638096743060e+04
1.000000000000000000e+03
1.000000000000000000e+03
7.477486880999653658e+04
7.671459705393081822e+04
8.640785351726367662e+04
7.189511510246100079e+04
1.079560632687180769e+05
6.991618734557040443e+04
9.364630505717043707e+04
9.934699737223413831e+04
1.211256407331577357e+05
9.504380176155420486e+04
1.094083471433980303e+05
1.032426613755815342e+05
3.017266427839003518e+04
8.982267343507557234e+04
5.650103566327870358e+05
2.135773100707203557e+05
1.767486827457749750e+05
3.397714977395805181e+05
2.437199832018508459e+05
5.732058396768170642e+05
3.346909010164574138e+05
2.502410830518572184e+05
2.700928000430515385e+05
1.553454164990212303e+05
1.337976240836224461e+05
2.206100675867307000e+05
5.604340361444646260e+05
5.122138877735922579e+05
6.312254085991422180e+05
5.239715244810294244e+05
3.623623668787687166e+03
3.362002655773236766e+05
5.885712591619108571e+04
9.888487699175189482e+04
8.882549338974899729e+04
2.263334966398583492e+04
4.088806375015974045e+05
1.020075415416190226e+05
1.750942417293550388e+05
1.447142378479130566e+05
7.410329371357528726e+04
2.081202689388230210e+05
1.604062061917480605e+05
6.814360954789533571e+04
1.558779046336462488e+05
3.520299068245143862e+05
3.805981969624736812e+05
1.723883807828074787e+05
1.401272907646387175e+05
1.400834882205159520e+05
1.098203574221413146e+05
1.494003595003731898e+05
1.437678937557510799e+05
9.728241955538229377e+04
1.834047480385667586e+05
9.814980629576715000e+04
9.800956870072016318e+04
6.334323470003237162e+04
7.955170349468859786e+04
1.560102279108328221e+05
6.332243470218782750e+04
7.694599022599264572e+04
9.984089660102335620e+04
1.023577508134719974e+05
1.595927223387846898e+05
1.501181946843239130e+05
5.093929664894454618e+04
1.000000000000000000e+03
1.456325850056780328e+05
1.180648479349162953e+05
2.177832797742549155e+05
1.470252226208721695e+05
1.085569903598234814e+05
7.009998513176129200e+04
1.065613921590470127e+05
1.251318114274633263e+05
7.552319486005695944e+04
2.893864506971437004e+04
2.309979064150383347e+05
3.493421392891666037e+05
5.524865831314279931e+05
6.453750401632903959e+04
1.541878362770879758e+05
3.253538114660999854e+05
3.703542610170593252e+05
3.162009669402371510e+05
1.000000000000000000e+03
2.333875802676327294e+05
4.564133471053700196e+05
4.367066557081235806e+05
5.647865868381256005e+05
1.737576101630787016e+05
1.424471548119156505e+05
2.838593819002780365e+05
1.660834968252700055e+05
1.719047391513529583e+05
2.812852991082812077e+05
6.520964990037707612e+05
6.653637009302671067e+05
3.071099436429865309e+05
2.078574352118951210e+05
2.529878522439598164e+05
1.420730919842608273e+05
2.569043219776311016e+05
1.891404555343721586e+05
1.694161357721288514e+05
1.256602420364698773e+05
5.259999730330320745e+04
6.768212877293594647e+04
5.947184309303503687e+04
4.511187533775660995e+03
9.467819065417069942e+04
1.029375955538176204e+05
5.991119838889066887e+04
1.404466723925580154e+05
1.418498861405191419e+05
1.082801363794645731e+05
1.217909204919876647e+05
1.261712193287590926e+05
6.602324083794336184e+04
1.067561340881886135e+05
6.447071740425092867e+04
9.040475664954660169e+04
1.073230023410529975e+05
8.405175752260176523e+04
1.480198905570528004e+05
7.617234141615362023e+04
8.978342514100608241e+04
6.120362730703195848e+04
1.215312875751649262e+05
1.781604422445053060e+05
1.083753806927862170e+05
1.178788406648311793e+05
2.575176711897141286e+04
9.549266074426681735e+04
1.001494149587244174e+05
1.490670055540990143e+05
1.173779786155619222e+05
1.178304448251680005e+05
8.178375435694066982e+04
1.035656284358018602e+05
1.318876264853418397e+05
1.474350202283583058e+05
1.350996742457082437e+05
1.516144994462072500e+05
1.529507927333977423e+05
1.912735901400800503e+05
1.630583670443932060e+05
1.475769739125679480e+05
8.557865351647256466e+04
8.312060095319212996e+04
8.644733183371000632e+04
1.032856989472970017e+05
1.675022488520860497e+05
2.157267939118245267e+05
1.046338373447997001e+05
6.104767687155627937e+04
1.288839859675229527e+05
1.248627662079803558e+05
5.995540618392378383e+04
5.269616852051306341e+04
4.907830847441428341e+04
1.715743028620057739e+05
5.868277025204228994e+04
4.016037126346455625e+04
1.149568951318444451e+05
5.852920431770994037e+04
1.129105403446555429e+05
1.191071843781451898e+05
1.930127882649852545e+05
1.639282573357110668e+05
6.214705554671657592e+04
2.372627044527428516e+05
4.453978253025570302e+05
6.952054155134931207e+05
2.084654481330630952e+05
3.590509587922110222e+05
2.668780376804101397e+05
3.126800748045418295e+05
2.543347800132253615e+05
2.210382915450936707e+05
2.393662106401005876e+05
2.104518230727808550e+05
2.272756344098371919e+05
4.944537305448673433e+05
3.279092636707696365e+05
2.129877317883499200e+05
2.573597965244976222e+05
2.236422403416802117e+05
1.705493063360281812e+05
2.663213903809703770e+05
2.817911883033379563e+05
7.475139636548967974e+04
7.655895739204064012e+04
9.831193276865837106e+04
9.164426341717614559e+04
7.058024284207247547e+04
1.287575516145477450e+05
1.227516064585028362e+05
5.665461012660330016e+04
9.404288716970907990e+04
6.593265139493561583e+04
9.962751019551475474e+04
1.423740303046591580e+05
2.114312143053168547e+05
7.826548249158878752e+04
5.502495832150742353e+04
1.142157165866168507e+05
1.083485532087107713e+05
1.438065000410774956e+05
1.324072044519828924e+05
7.704302978864090983e+04
1.161488774875194649e+05
1.102774399867558241e+05
7.205921672951379151e+04
5.287215278038765973e+04
1.102919712876765552e+05
7.741810975238037645e+04
1.000000000000000000e+03
1.347947311997495708e+05
1.123997927957247157e+05
1.047108935342206969e+05
9.360111117297365854e+04
1.665198858645051951e+05
1.852130140597136342e+05
5.340015542233777524e+04
1.682721380060210649e+05
3.324399893343724398e+04
1.177651082580506918e+05
2.055440131647793169e+05
1.000000000000000000e+03
5.192984429955980158e+04
1.010367289873944828e+05
7.751922969967746758e+04
1.337391286847033189e+05
2.704768981683982420e+05
1.833859359895210655e+05
1.678368405519944790e+05
8.921049017226166325e+04
4.193908527404326596e+05
6.324314136280227103e+04
1.216302084814653790e+05
1.000000000000000000e+03
2.539304237368119939e+05
2.022215365192489116e+05
1.640424191785803996e+05
3.087544163491597865e+05
9.825263866141109611e+04
1.000966497455495992e+05
1.384300366061320237e+05
1.016051593780661642e+05
1.741997639234981907e+05
1.303534214282995090e+05
5.495433165951619594e+04
1.410963030188273115e+05
1.347698154028614517e+05
1.239073197095319338e+05
1.281007617834994307e+05
1.190139654097232560e+05
4.554220992681092466e+05
3.739420454112892039e+05
2.347704818321560742e+05
