0 0 1000.0
1 1 1000.0
2 2 1000.0
6 6 1000.0
7 7 1000.0
8 8 1000.0
12 12 1000.0
13 13 1000.0
14 14 1000.0
18 18 1000.0
19 19 1000.0
20 20 1000.0
24 24 1000.0
25 25 1000.0
26 26 1000.0
78 78 1000.0
79 79 1000.0
80 80 1000.0
84 84 1000.0
85 85 1000.0
86 86 1000.0
192 192 1000.0
193 193 1000.0
194 194 1000.0
198 198 1000.0
199 199 1000.0
200 200 1000.0
384 384 1000.0
385 385 1000.0
386 386 1000.0
390 390 1000.0
391 391 1000.0
392 392 1000.0
528 528 1000.0
529 529 1000.0
530 530 1000.0
534 534 1000.0
535 535 1000.0
536 536 1000.0
624 624 1000.0
625 625 1000.0
626 626 1000.0
630 630 1000.0
631 631 1000.0
632 632 1000.0
720 720 1000.0
721 721 1000.0
722 722 1000.0
810 810 1000.0
811 811 1000.0
812 812 1000.0
816 816 1000.0
817 817 1000.0
818 818 1000.0
906 906 1000.0
907 907 1000.0
908 908 1000.0
912 912 1000.0
913 913 1000.0
914 914 1000.0
1050 1050 1000.0
1051 1051 1000.0
1052 1052 1000.0
1056 1056 1000.0
1057 1057 1000.0
1058 1058 1000.0
1242 1242 1000.0
1243 1243 1000.0
1244 1244 1000.0
1248 1248 1000.0
1249 1249 1000.0
1250 1250 1000.0
1356 1356 1000.0
1357 1357 1000.0
1358 1358 1000.0
1362 1362 1000.0
1363 1363 1000.0
1364 1364 1000.0
1416 1416 1000.0
1417 1417 1000.0
1418 1418 1000.0
1422 1422 1000.0
1423 1423 1000.0
1424 1424 1000.0
1428 1428 1000.0
1429 1429 1000.0
1430 1430 1000.0
1434 1434 1000.0
1435 1435 1000.0
1436 1436 1000.0
1440 1440 1000.0
1441 1441 1000.0
1442 1442 1000.0
1446 1446 1.0
1447 1447 1.0
1448 1448 1.0
1449 1449 1.0
1450 1450 1.0
1451 1451 1.0
1452 1452 1.0
1453 1453 1.0
1454 1454 1.0
1455 1455 1.0
1456 1456 1.0
1457 1457 1.0
1458 1458 1.0
1459 1459 1.0
1460 1460 1.0
1461 1461 1.0
1462 1462 1.0
1463 1463 1.0
1464 1464 1.0
1465 1465 1.0
1466 1466 1.0
1467 1467 1.0
1468 1468 1.0
1469 1469 1.0
1470 1470 1.0
1471 1471 1.0
1472 1472 1.0
1473 1473 1.0
1474 1474 1.0
1475 1475 1.0
1476 1476 1.0
1477 1477 1.0
1478 1478 1.0
1479 1479 1.0
1480 1480 1.0
1481 1481 1.0
1482 1482 1.0
1483 1483 1.0
1484 1484 1.0
1485 1485 1.0
1486 1486 1.0
1487 1487 1.0
1488 1488 1.0
1489 1489 1.0
1490 1490 1.0
1491 1491 1.0
1492 1492 1.0
1493 1493 1.0
1494 1494 1.0
1495 1495 1.0
1496 1496 1.0
1497 1497 1.0
1498 1498 1.0
1499 1499 1.0
1500 1500 1.0
1501 1501 1.0
1502 1502 1.0
1503 1503 1.0
1504 1504 1.0
1505 1505 1.0
1506 1506 1.0
1507 1507 1.0
1508 1508 1.0
1509 1509 1.0
1510 1510 1.0
1511 1511 1.0
1512 1512 1.0
1513 1513 1.0
1514 1514 1.0
1515 1515 1.0
1516 1516 1.0
1517 1517 1.0
1518 1518 1.0
1519 1519 1.0
1520 1520 1.0
1521 1521 1.0
1522 1522 1.0
1523 1523 1.0
1524 1524 1.0
1525 1525 1.0
1526 1526 1.0
1527 1527 1.0
1528 1528 1.0
1529 1529 1.0
1530 1530 1.0
1531 1531 1.0
1532 1532 1.0
1533 1533 1.0
1534 1534 1.0
1535 1535 1.0
1536 1536 1.0
1537 1537 1.0
1538 1538 1.0
1539 1539 1.0
1540 1540 1.0
1541 1541 1.0
1542 1542 1.0
1543 1543 1.0
1544 1544 1.0
1545 1545 1.0
1546 1546 1.0
1547 1547 1.0
1548 1548 1.0
1549 1549 1.0
1550 1550 1.0
1551 1551 1.0
1552 1552 1.0
1553 1553 1.0
1554 1554 1.0
1555 1555 1.0
1556 1556 1.0
1557 1557 1.0
1558 1558 1.0
1559 1559 1.0
1560 1560 1.0
1561 1561 1.0
1562 1562 1.0
1563 1563 1.0
1564 1564 1.0
1565 1565 1.0
1566 1566 1.0
1567 1567 1.0
1568 1568 1.0
1569 1569 1.0
1570 1570 1.0
1571 1571 1.0
1572 1572 1.0
1573 1573 1.0
1574 1574 1.0
1575 1575 1.0
1576 1576 1.0
1577 1577 1.0
1578 1578 1.0
1579 1579 1.0
1580 1580 1.0
1581 1581 1.0
1582 1582 1.0
1583 1583 1.0
1584 1584 1.0
1585 1585 1.0
1586 1586 1.0
1587 1587 1.0
1588 1588 1.0
1589 1589 1.0
1590 1590 1.0
1591 1591 1.0
1592 1592 1.0
1593 1593 1.0
1594 1594 1.0
1595 1595 1.0
1596 1596 1.0
1597 1597 1.0
1598 1598 1.0
1599 1599 1.0
1600 1600 1.0
1601 1601 1.0
1602 1602 1.0
1603 1603 1.0
1604 1604 1.0
1605 1605 1.0
1606 1606 1.0
1607 1607 1.0
1608 1608 1.0
1609 1609 1.0
1610 1610 1.0
1611 1611 1.0
1612 1612 1.0
1613 1613 1.0
1614 1614 1.0
1615 1615 1.0
1616 1616 1.0
1617 1617 1.0
1618 1618 1.0
1619 1619 1.0
1620 1620 1.0
1621 1621 1.0
1622 1622 1.0
1623 1623 1.0
1624 1624 1.0
1625 1625 1.0
1626 1626 1.0
1627 1627 1.0
1628 1628 1.0
1629 1629 1.0
1630 1630 1.0
1631 1631 1.0
1632 1632 1.0
1633 1633 1.0
1634 1634 1.0
1635 1635 1.0
1636 1636 1.0
1637 1637 1.0
1638 1638 1.0
1639 1639 1.0
1640 1640 1.0
1641 1641 1.0
1642 1642 1.0
1643 1643 1.0
1644 1644 1.0
1645 1645 1.0
1646 1646 1.0
1647 1647 1.0
1648 1648 1.0
1649 1649 1.0
1650 1650 1.0
1651 1651 1.0
1652 1652 1.0
1653 1653 1.0
1654 1654 1.0
1655 1655 1.0
1656 1656 1.0
1657 1657 1.0
1658 1658 1.0
1659 1659 1.0
1660 1660 1.0
1661 1661 1.0
1662 1662 1.0
1663 1663 1.0
1664 1664 1.0
1665 1665 1.0
1666 1666 1.0
1667 1667 1.0
1668 1668 1.0
1669 1669 1.0
1670 1670 1.0
1671 1671 1.0
1672 1672 1.0
1673 1673 1.0
1674 1674 1.0
1675 1675 1.0
1676 1676 1.0
1677 1677 1.0
1678 1678 1.0
1679 1679 1.0
1680 1680 1.0
1681 1681 1.0
1682 1682 1.0
1683 1683 1.0
1684 1684 1.0
1685 1685 1.0
1686 1686 1.0
1687 1687 1.0
1688 1688 1.0
1689 1689 1.0
1690 1690 1.0
1691 1691 1.0
1692 1692 1.0
1693 1693 1.0
1694 1694 1.0
1695 1695 1.0
1696 1696 1.0
1697 1697 1.0
1698 1698 1.0
1699 1699 1.0
1700 1700 1.0
1701 1701 1.0
1702 1702 1.0
1703 1703 1.0
1704 1704 1.0
1705 1705 1.0
1706 1706 1.0
1707 1707 1.0
1708 1708 1.0
1709 1709 1.0
1710 1710 1.0
1711 1711 1.0
1712 1712 1.0
1713 1713 1.0
1714 1714 1.0
1715 1715 1.0
1716 1716 1.0
1717 1717 1.0
1718 1718 1.0
1719 1719 1.0
1720 1720 1.0
1721 1721 1.0
1722 1722 1.0
1723 1723 1.0
1724 1724 1.0
1725 1725 1.0
1726 1726 1.0
1727 1727 1.0
1728 1728 1.0
1729 1729 1.0
1730 1730 1.0
1731 1731 1.0
1732 1732 1.0
1733 1733 1.0
1734 1734 1.0
1735 1735 1.0
1736 1736 1.0
1737 1737 1.0
1738 1738 1.0
1739 1739 1.0
1740 1740 1.0
1741 1741 1.0
1742 1742 1.0
1743 1743 1.0
1744 1744 1.0
1745 1745 1.0
1746 1746 1.0
1747 1747 1.0
1748 1748 1.0
1749 1749 1.0
1750 1750 1.0
1751 1751 1.0
1752 1752 1.0
1753 1753 1.0
1754 1754 1.0
1755 1755 1.0
1756 1756 1.0
1757 1757 1.0
1758 1758 1.0
1759 1759 1.0
1760 1760 1.0
1761 1761 1.0
1762 1762 1.0
1763 1763 1.0
1764 1764 1.0
1765 1765 1.0
1766 1766 1.0
1767 1767 1.0
1768 1768 1.0
1769 1769 1.0
1770 1770 1.0
1771 1771 1.0
1772 1772 1.0
1773 1773 1.0
1774 1774 1.0
1775 1775 1.0
1776 1776 1.0
1777 1777 1.0
1778 1778 1.0
1779 1779 1.0
1780 1780 1.0
1781 1781 1.0
1782 1782 1.0
1783 1783 1.0
1784 1784 1.0
1785 1785 1.0
1786 1786 1.0
1787 1787 1.0
1788 1788 1.0
1789 1789 1.0
1790 1790 1.0
1791 1791 1.0
1792 1792 1.0
1793 1793 1.0
1794 1794 1.0
1795 1795 1.0
1796 1796 1.0
1797 1797 1.0
1798 1798 1.0
1799 1799 1.0
1800 1800 1.0
1801 1801 1.0
1802 1802 1.0
1803 1803 1.0
1804 1804 1.0
1805 1805 1.0
1806 1806 1.0
1807 1807 1.0
1808 1808 1.0
1809 1809 1.0
1810 1810 1.0
1811 1811 1.0
1812 1812 1.0
1813 1813 1.0
1814 1814 1.0
1836 1836 1000.0
1837 1837 1000.0
1838 1838 1000.0
1839 1839 1000.0
1840 1840 1000.0
1841 1841 1000.0
1842 1842 1000.0
1843 1843 1000.0
1844 1844 1000.0
1845 1845 1000.0
1846 1846 1000.0
1847 1847 1000.0
1848 1848 1000.0
1849 1849 1000.0
1850 1850 1000.0
1851 1851 1000.0
1852 1852 1000.0
1853 1853 1000.0
1854 1854 1000.0
1855 1855 1000.0
1856 1856 1000.0
1857 1857 1000.0
1858 1858 1000.0
1859 1859 1000.0
1872 1872 1000.0
1873 1873 1000.0
1874 1874 1000.0
1875 1875 1000.0
1876 1876 1000.0
1877 1877 1000.0
1878 1878 1000.0
1879 1879 1000.0
1880 1880 1000.0
1881 1881 1000.0
1882 1882 1000.0
1883 1883 1000.0
1884 1884 1000.0
1885 1885 1000.0
1886 1886 1000.0
1908 1908 1.0
1909 1909 1.0
1910 1910 1.0
1914 1914 1000.0
1915 1915 1000.0
1916 1916 1000.0
1917 1917 1000.0
1918 1918 1000.0
1919 1919 1000.0
1920 1920 1000.0
1921 1921 1000.0
1922 1922 1000.0
1923 1923 1000.0
1924 1924 1000.0
1925 1925 1000.0
1926 1926 1000.0
1927 1927 1000.0
1928 1928 1000.0
1929 1929 1000.0
1930 1930 1000.0
1931 1931 1000.0
1932 1932 1000.0
1933 1933 1000.0
1934 1934 1000.0
1935 1935 1000.0
1936 1936 1000.0
1937 1937 1000.0
1938 1938 1000.0
1939 1939 1000.0
1940 1940 1000.0
1959 1959 1000.0
1960 1960 1000.0
1961 1961 1000.0
1962 1962 1000.0
1963 1963 1000.0
1964 1964 1000.0
1965 1965 1000.0
1966 1966 1000.0
1967 1967 1000.0
1968 1968 1000.0
1969 1969 1000.0
1970 1970 1000.0
2004 2004 1000.0
2005 2005 1000.0
2006 2006 1000.0
2007 2007 1000.0
2008 2008 1000.0
2009 2009 1000.0
2010 2010 1000.0
2011 2011 1000.0
2012 2012 1000.0
2019 2019 1000.0
2020 2020 1000.0
2021 2021 1000.0
2022 2022 1000.0
2023 2023 1000.0
2024 2024 1000.0
2025 2025 1000.0
2026 2026 1000.0
2027 2027 1000.0
2028 2028 1000.0
2029 2029 1000.0
2030 2030 1000.0
2031 2031 1000.0
2032 2032 1000.0
2033 2033 1000.0
2034 2034 1000.0
2035 2035 1000.0
2036 2036 1000.0
2037 2037 1000.0
2038 2038 1000.0
2039 2039 1000.0
2040 2040 1000.0
2041 2041 1000.0
2042 2042 1000.0
2043 2043 1000.0
2044 2044 1000.0
2045 2045 1000.0
2052 2052 1000.0
2053 2053 1000.0
2054 2054 1000.0
2055 2055 1000.0
2056 2056 1000.0
2057 2057 1000.0
2061 2061 1000.0
2062 2062 1000.0
2063 2063 1000.0
