-7.658299266402746053e-02
-6.800956296164268326e-07
-4.934077527122443518e-02
-7.343674114268605724e-02
9.681003984771023119e-05
5.176991692954784757e-02
-7.507552695508525054e-02
-1.601298006007884772e-02
-4.951878693803065529e-02
-7.178423143439412180e-02
-1.589827710082913556e-02
5.177569126741126543e-02
-7.507200725066688618e-02
1.599421084216754232e-02
-4.952461500622693663e-02
-7.174400869950227355e-02
1.608519953120375601e-02
5.176434869361039998e-02
-7.011318484919122629e-02
-3.123052195385656385e-02
-4.961805532571050836e-02
-6.691492370263045497e-02
-3.127385861003852824e-02
5.175917041126652796e-02
-7.015531172030697871e-02
3.121724773131184100e-02
-4.962655719350600458e-02
-6.680255895209356864e-02
3.143344214091593758e-02
5.172011668226642739e-02
-6.907381476146154387e-02
-4.630507852143830503e-06
-4.097618400014703399e-02
-6.635172146688807227e-02
7.559765443565328051e-05
4.334314406945457415e-02
-6.759619979579543914e-02
-1.438937475811920448e-02
-4.105971423220599464e-02
-6.486642302005596328e-02
-1.443139041223158794e-02
4.334381516709316651e-02
-6.768351784905789204e-02
1.444279854027163967e-02
-4.109240963129028729e-02
-6.398559264318347262e-02
1.521605466932421900e-02
4.251083357835191284e-02
-6.260472170304307027e-02
1.648593975814294232e-04
-3.317807188969645188e-02
-6.024249994875070097e-02
3.511180503052251903e-04
3.534458805072571846e-02
-6.326920428617810455e-02
-2.823993462355404299e-02
-4.113839865999674439e-02
-6.047838668555007013e-02
-2.838553214324090676e-02
4.332584360708710558e-02
-6.327655194906713076e-02
2.828971207590767756e-02
-4.121749569340422970e-02
-6.037049217562410336e-02
2.852626427789291610e-02
4.328554868849952136e-02
-6.146011162178897230e-02
-1.320888733129013844e-02
-3.329466638784434052e-02
-5.917136065727369998e-02
-1.322898431092310936e-02
3.565186254143049710e-02
-6.142762781919844373e-02
1.318227809772736306e-02
-3.342700025188843210e-02
-5.913840120689911606e-02
1.336205235539309789e-02
3.566618282222024788e-02
-6.212728731452576286e-02
-4.512949387322476302e-02
-4.961609787730980603e-02
-5.892469142439561020e-02
-4.528223458580631772e-02
5.165019142577636363e-02
-6.216998153795074561e-02
4.517032886949186310e-02
-4.972094341858713379e-02
-5.875915696786102732e-02
4.540280711666676294e-02
5.163737999017108116e-02
-5.764869094176713199e-02
4.702369650888205068e-04
-2.634411402890171963e-02
-5.571742360886867279e-02
6.189964882638098029e-05
2.862406704145644548e-02
-5.749497552859668403e-02
-2.586783161379537996e-02
-3.346542083622530694e-02
-5.536866044913226620e-02
-2.562058047395655500e-02
3.571407517984869634e-02
-5.754472979640959385e-02
2.584187711156004166e-02
-3.353354334578188128e-02
-5.529608041737758828e-02
2.600424864097741415e-02
3.584155887522067624e-02
-5.609535406025764614e-02
-1.159625061522893096e-02
-2.580795687933119115e-02
-5.465360527839819432e-02
-1.276779758096641647e-02
2.897660698707993018e-02
-5.644074411260918689e-02
1.228563569819454519e-02
-2.632718389923258129e-02
-5.458801601811953674e-02
1.166202899624756845e-02
2.863325623782493612e-02
-5.539583663310074929e-02
-4.044851916163480499e-02
-4.023635090642031092e-02
-5.326574227609047474e-02
-4.110771991455677149e-02
4.321027261780752138e-02
-5.554392220222770238e-02
3.973012320751313081e-02
-3.993872223552403372e-02
-5.351919055792545704e-02
4.092971531279235298e-02
4.345339810298850386e-02
-5.344019058194833527e-02
-4.516211175584030534e-06
-2.000151100309524935e-02
-5.185989571071359522e-02
1.170851851692488252e-04
2.213564264413853122e-02
-5.222385357976670750e-02
-1.152906848450487888e-02
-1.974946729209248880e-02
-5.085308268904372569e-02
-1.155227433665058367e-02
2.200580967829718348e-02
-5.231669166202402438e-02
1.154755234855896207e-02
-1.978496284973694716e-02
-5.082986643153383777e-02
1.171304109875175893e-02
2.204635048649594697e-02
-5.280472817024623594e-02
-2.399669256836400172e-02
-2.637194307111085864e-02
-5.091894663337433180e-02
-2.408127679888727099e-02
2.856847666717030054e-02
-5.285788689623574510e-02
2.401631112669605148e-02
-2.639852539218844399e-02
-5.081121680172857175e-02
2.421249665226860720e-02
2.854585340593177034e-02
-5.028933196688127605e-02
5.680362303026734779e-04
-1.365206386071634269e-02
-4.909875042709303111e-02
-1.037314365847698554e-04
1.569300149068520236e-02
-5.097754467921455923e-02
-3.740403376192227847e-02
-3.354123730649904295e-02
-4.863332800444351151e-02
-3.764487745483288683e-02
3.550971686626858831e-02
-5.099857421919481298e-02
3.744173664066222790e-02
-3.357177026743574100e-02
-4.847039639868758187e-02
3.773879925219832815e-02
3.550383971275097167e-02
-4.922743895756530319e-02
-1.105714034102430257e-02
-1.351236775078765509e-02
-4.817376645769860799e-02
-1.178466158204080627e-02
1.629559165444448288e-02
-4.939756518321517659e-02
1.155729315348427537e-02
-1.404062348571581340e-02
-4.828071764451979941e-02
1.155117361628063208e-02
1.630846691378940241e-02
-5.146017487303908983e-02
-5.716332056810730089e-02
-4.978089133695840635e-02
-4.817720514279082156e-02
-5.732136874693328360e-02
5.145296334197356491e-02
-5.147544805415415342e-02
5.718949398360802239e-02
-4.979088272358293127e-02
-4.800069116579396694e-02
5.740807739051395631e-02
5.147638809365129992e-02
-4.806350080982605549e-02
6.622005973831562571e-05
-7.428258513841608235e-03
-4.740408799503271348e-02
9.641887571700313161e-06
9.542362694543038079e-03
-4.940690644767813805e-02
-2.265412334570438002e-02
-2.050483731472925106e-02
-4.772901694912601300e-02
-2.319292610996628173e-02
2.267322020362382701e-02
-4.960402038748016468e-02
2.266938963314717864e-02
-2.082148380577607261e-02
-4.744931664194969312e-02
2.274949188841761741e-02
2.196560722410263039e-02
-4.693036295312431189e-02
1.353205969021278215e-04
-1.202770489604646897e-03
-4.685002442970115366e-02
-3.973267420101454762e-06
4.562609667781038388e-03
-4.709500849510420833e-02
-1.068188158004275759e-02
-7.563614015992112770e-03
-4.649867659583911683e-02
-1.069527051695605066e-02
9.822923031734574068e-03
-4.707527077855846315e-02
1.060950971799253829e-02
-7.603191036506808456e-03
-4.646931150104890301e-02
1.091828670702851833e-02
9.822027436495069791e-03
-4.605456426845324497e-02
-1.053107952500573902e-02
-1.732180017305694686e-03
-4.582427721092032641e-02
-1.051928521236240345e-02
4.021630875865722828e-03
-4.597566294455585761e-02
1.066965556344540850e-02
-1.735811361938434817e-03
-4.577474689934889207e-02
1.072161429372349775e-02
4.011642723459959634e-03
-4.619542759314997082e-02
-2.154633159296932485e-02
-1.358232062662650258e-02
-4.512803184795348421e-02
-2.165069313501975096e-02
1.577241046516022691e-02
-4.611770337702394973e-02
2.155785828556311748e-02
-1.364139350047788996e-02
-4.493840027367636270e-02
2.176604522425376956e-02
1.577974602145585173e-02
-4.678500202428356736e-02
-3.466014911754525946e-02
-2.644562536687153007e-02
-4.487695990791452927e-02
-3.484967142047344646e-02
2.843360347454225792e-02
-4.685988022809197545e-02
3.470277597110308504e-02
-2.650460519127642925e-02
-4.471788618464127979e-02
3.495156910605405620e-02
2.843058661827715244e-02
-4.638560905584136751e-02
-5.181666346716407717e-02
-4.133774401790592939e-02
-4.354049877473880475e-02
-5.202804508513055037e-02
4.301453314618829821e-02
-4.643468907149883584e-02
5.177215229767942462e-02
-4.139437218822333148e-02
-4.336493663067539361e-02
5.210722250041582848e-02
4.303992108521354637e-02
-4.421722707656357276e-02
-2.084420043174223247e-02
-7.640106549527111990e-03
-4.359635855273918253e-02
-2.090364015482813753e-02
9.770392062158973420e-03
-4.406964359440619650e-02
2.095752627258511483e-02
-7.670584642863187419e-03
-4.339249755006816672e-02
2.104760880306617496e-02
9.764647904974246145e-03
-4.318397424466972195e-02
-2.054936721332216443e-02
-1.831298558461345611e-03
-4.292673176207351116e-02
-2.056346557730653890e-02
3.951555994726121609e-03
-4.289929721203837587e-02
2.072460579422528634e-02
-1.354687538368458139e-03
-4.269772278772100693e-02
2.068517275746322229e-02
3.941803691901049275e-03
-4.342030818207077286e-02
-3.252233800284542314e-02
-1.990591645372950802e-02
-4.212589667322617221e-02
-3.325715567748591811e-02
2.266524720148701058e-02
-4.372721613777161981e-02
3.327618859980404492e-02
-2.106161430229341880e-02
-4.179606994973066036e-02
3.280486081302636664e-02
2.184230279486438012e-02
-4.217426838523487265e-02
-4.794030645889241909e-02
-3.426577491473024872e-02
-3.974394137020337975e-02
-4.764352551619494697e-02
3.533013240075811440e-02
-4.221424344194461137e-02
4.740500539473664621e-02
-3.370404730249315639e-02
-3.956243503341339007e-02
4.826984226542083145e-02
3.592690085914922865e-02
-4.086592495730848734e-02
-3.102614876397895294e-02
-1.371194473904220786e-02
-3.986887335232105339e-02
-3.120343366280320038e-02
1.560685087339861062e-02
-4.089807865905476653e-02
3.110571400964656438e-02
-1.374424413662505770e-02
-3.977393235972982027e-02
3.095461658585276984e-02
1.564247585046913552e-02
-3.913262386903695877e-02
-3.003769477514531619e-02
-7.777936372121724978e-03
-3.855662056256564663e-02
-3.017751709656059725e-02
9.610895359796504597e-03
-3.898275702121668101e-02
3.012613869041410805e-02
-7.810171673025409142e-03
-3.830050816689051230e-02
3.021740195907422419e-02
9.639709039428840179e-03
-3.820339160215055485e-02
-2.963085022430270513e-02
-1.967348063488426595e-03
-3.801240849607342986e-02
-2.966555551759173306e-02
3.785296740616185627e-03
-3.802524178828913665e-02
2.961221918142536297e-02
-1.983053548122654282e-03
-3.777829624058284819e-02
2.971508915353112540e-02
3.810499611111700484e-03
-3.865976652751343390e-02
-4.387251939036384413e-02
-2.661264546263646807e-02
-3.726669380852529190e-02
-4.419188700940634984e-02
2.902981272209056995e-02
-3.873111531051139089e-02
4.393153689540022638e-02
-2.664069666070716796e-02
-3.650465548272156108e-02
4.417811810210293955e-02
2.829058554888147503e-02
-3.851993451122946027e-02
-6.666932632009314741e-02
-4.985037688231368919e-02
-3.513867308698035569e-02
-6.687020281193133131e-02
5.116059100679647836e-02
-3.848389245079662097e-02
6.668179651952566012e-02
-4.979784671675584196e-02
-3.496265323935060509e-02
6.690518384813505526e-02
5.124101713006094794e-02
-3.564101686748476910e-02
-4.172799973569460419e-02
-2.065721959728621451e-02
-3.447963527485176094e-02
-4.153378860408370177e-02
2.210205870764958211e-02
-3.590876692992030911e-02
4.175776951887408273e-02
-2.087776350713225343e-02
-3.425920535819869384e-02
4.174791439313719349e-02
2.226329998292838480e-02
-3.370151851472603238e-02
-3.922550653657472935e-02
-1.381737248875200379e-02
-3.211744196406724622e-02
-3.973566331326790907e-02
1.532272085633364610e-02
-3.371283754129929255e-02
3.930556399837458609e-02
-1.383723910087526418e-02
-3.190695534339354350e-02
3.980840456202564687e-02
1.532196102603838525e-02
-3.468418241059702950e-02
-6.049916784844509149e-02
-4.140489896885291704e-02
-3.195364993361429762e-02
-5.958216796814127386e-02
4.172690572293744071e-02
-3.432628079820023576e-02
6.055621548401956405e-02
-4.132618255805056012e-02
-3.157005207649827422e-02
6.072493624990407679e-02
4.280430473793234158e-02
-3.221699517111293459e-02
-3.793827021533032612e-02
-7.876338517304178749e-03
-3.161744991485145040e-02
-3.802894620474741444e-02
9.481794690543051546e-03
-3.214611327274894542e-02
3.801973947275284066e-02
-7.898583050242942438e-03
-3.141171080421575196e-02
3.808839073205604747e-02
9.472522832648157601e-03
-3.138477262960622655e-02
-3.737751806749158717e-02
-2.064798935466721948e-03
-3.118782349091906922e-02
-3.736472518863350606e-02
3.680959988398671643e-03
-3.126326323983824595e-02
3.740224216314073230e-02
-2.095084155515537609e-03
-3.101693879117806835e-02
3.739198063443562037e-02
3.663468321164421899e-03
-3.099011144778247503e-02
-5.561316709513697276e-02
-3.385359516541467523e-02
-2.896045296147335343e-02
-5.556722008730522605e-02
3.506370158766584921e-02
-3.147754019122522839e-02
5.536049424558971144e-02
-3.377620523034494115e-02
-2.878874237108893300e-02
5.561636566985844743e-02
3.513184191765179182e-02
-2.877917995281895069e-02
-5.122152825387523561e-02
-2.670790510445669383e-02
-2.672908147704016954e-02
-5.144090831566099781e-02
2.800020660678941703e-02
-2.881794126505793710e-02
5.127555601712763256e-02
-2.673318606490862961e-02
-2.656290124138997386e-02
5.149999752938631825e-02
2.805977304351464988e-02
-2.659440116114132960e-02
-4.801464134799594830e-02
-2.016788479615868462e-02
-2.502810631146418219e-02
-4.822134535869287281e-02
2.142879864363397835e-02
-2.660872987312541335e-02
4.805413577510237594e-02
-2.020261352050511938e-02
-2.486925913421857495e-02
4.826911720946542445e-02
2.148031088204973779e-02
-2.493486972187764633e-02
-4.570613080820398744e-02
-1.397878395246710155e-02
-2.382321335497626646e-02
-4.586744532841894456e-02
1.522731290123156139e-02
-2.492796747316321920e-02
4.577473266746857200e-02
-1.400350532250477925e-02
-2.364864237036214470e-02
4.591660908706681615e-02
1.527005067963938499e-02
-2.348139432152657191e-02
-4.458346547829532963e-02
-8.846153428580990838e-03
-2.291626543064774132e-02
-4.438311404384400610e-02
9.301111499330577681e-03
-2.385491362211679053e-02
4.428201518778546175e-02
-8.469291502901569665e-03
-2.249284849162944133e-02
4.454495367803570915e-02
9.325327556479650129e-03
-2.303226097095785463e-02
-4.351286848002232366e-02
-2.250274480810973959e-03
-2.282782321345050783e-02
-4.351635970255008506e-02
3.494602547450267709e-03
-2.294077866044485006e-02
4.354227064092436317e-02
-2.258173458332056807e-03
-2.256123500334178411e-02
4.372667182016720666e-02
4.365465999098107862e-03
-2.378314935753599035e-02
-7.330570393057578293e-02
-4.990759822655391198e-02
-2.040454602693617461e-02
-7.347419209487018876e-02
5.076687899326190467e-02
-2.379802865648546553e-02
7.330446303378533590e-02
-4.991025187596878632e-02
-2.023266819970957059e-02
7.349326769055726516e-02
5.086506857251969077e-02
-2.138993587049701009e-02
-6.650247969879945209e-02
-4.152190193387928635e-02
-1.838538584067609880e-02
-6.665700003121302619e-02
4.238582349111216091e-02
-2.139995230870384707e-02
6.647582009229531519e-02
-4.154707844026432617e-02
-1.821019392991431868e-02
6.667672968004655087e-02
4.247604891879383504e-02
-1.932328737543913613e-02
-6.086489829629734838e-02
-3.388077999987408606e-02
-1.673661015129244631e-02
-6.103070826779326968e-02
3.474931112216445711e-02
-1.933645516326212496e-02
6.085939736625813751e-02
-3.390122435033673942e-02
-1.656601022311912641e-02
6.104239589756375872e-02
3.483456211355086263e-02
-1.721315343983993371e-02
-5.697335692530670209e-02
-2.765465809478173317e-02
-1.518327962197083686e-02
-5.676893375805215636e-02
2.802847643760578503e-02
-1.836320287917489816e-02
5.660274114017171954e-02
-2.765852409727622904e-02
-1.526989852645943210e-02
5.650783478129172560e-02
2.779248947547743182e-02
-1.621786350743254293e-02
-5.304660446277506547e-02
-2.075609500475487576e-02
-1.445452845997653550e-02
-5.295033655019425189e-02
2.117275310708771618e-02
-1.612403351076499222e-02
5.342723428686388387e-02
-2.136888954648852312e-02
-1.370026381375735736e-02
5.339665749663525390e-02
2.174927124203518761e-02
-1.496780072219102038e-02
-5.026391858643849964e-02
-1.410340893729227114e-02
-1.379017956808957328e-02
-5.035593160519380440e-02
1.499743450532315704e-02
-1.495774911378367801e-02
5.032013024675636298e-02
-1.412853326665682724e-02
-1.365660263282052894e-02
5.038494154776824996e-02
1.505731187196417652e-02
-1.409744518845283331e-02
-4.856021635504264439e-02
-8.188360792738538438e-03
-1.341096887242874264e-02
-4.864085260196625987e-02
9.066548812102408553e-03
-1.406273159065404843e-02
4.861501982340207806e-02
-8.194594443912963169e-03
-1.326260014779027593e-02
4.867230143439311291e-02
9.112098930917213874e-03
-1.355491674735319688e-02
-4.775303742380141575e-02
-2.428656093945900929e-03
-1.334280743412312974e-02
-4.777875790536270650e-02
3.288815578146600527e-03
-1.348843660120385701e-02
4.779999933642960913e-02
-2.409898876969135059e-03
-1.323034924859271995e-02
4.781122552954507332e-02
3.323633582248322789e-03
-8.034799633258897164e-03
-7.672243663694575111e-02
-4.997639681230022640e-02
-4.621035430893355618e-03
-7.685825954817139538e-02
5.036047975398436072e-02
-8.030308636272942210e-03
7.672377640740393745e-02
-4.996274946552273222e-02
-4.445467167770814423e-03
7.685052452582523397e-02
5.047116265473145652e-02
-7.124586718369875331e-03
-6.960139266636405919e-02
-4.160421580851519918e-02
-4.670702681228137802e-03
-6.957372049195439945e-02
4.199513837075828648e-02
-6.931021503055934466e-03
6.844598525597517247e-02
-4.014043660418029763e-02
-3.910613971386655424e-03
6.972179060808926521e-02
4.213028903628477512e-02
-5.887912765945609375e-03
-6.404240709633669815e-02
-3.440749405752877715e-02
-3.917137168993414971e-03
-6.398686378400515740e-02
3.468866077134062642e-02
-6.435093449072486899e-03
6.292580728679440794e-02
-3.293291623258226553e-02
-3.493028605429661284e-03
6.383147555436689824e-02
3.450471193873904524e-02
-5.503384291644452565e-03
-5.897652270261672519e-02
-2.697754772441716617e-02
-3.334671090250298977e-03
-5.907331354154066183e-02
2.741146504504743397e-02
-4.882248277546320618e-03
5.898216305103719942e-02
-2.698804319593081300e-02
-2.431453459600433752e-03
5.902023788819048961e-02
2.732762110674292685e-02
-5.532495363118128569e-03
-5.552051145277847599e-02
-2.108222710698995014e-02
-3.117855094026907893e-03
-5.536328822662665849e-02
2.089937277950257993e-02
-4.155584255889692609e-03
5.573017231967066637e-02
-2.125269461319805389e-02
-2.988972687794699129e-03
5.537519816961177649e-02
2.095709351135215462e-02
-4.235706652814696070e-03
-5.257564364622054759e-02
-1.427645745243518588e-02
-2.405948693473959014e-03
-5.271923662568073210e-02
1.490462582213184818e-02
-3.681015654016410194e-03
5.258684964074784168e-02
-1.429484944220736457e-02
-3.602896580727026326e-03
5.273671387540217192e-02
1.531676609459801074e-02
-3.750692185785994576e-03
-5.078983632014902327e-02
-8.374311314311606858e-03
-3.042356678637809109e-03
-5.083507752551417319e-02
8.859989255552492768e-03
-4.316658841739779567e-03
5.059787105349281694e-02
-7.815086553956872295e-03
-2.902101773270941449e-03
5.091210371252543471e-02
8.879540669244298870e-03
-3.372079477923611325e-03
-4.993824924388064884e-02
-2.620165661652382010e-03
-3.147568165068174301e-03
-4.997177351054494371e-02
3.088113925321749314e-03
-3.312511621156563873e-03
4.997956921486410714e-02
-2.610657455256381806e-03
-3.047270673530975277e-03
5.002894494629756689e-02
3.107638726725543265e-03
2.830464125288539509e-03
6.974289375816916919e-04
-5.001184536728566637e-02
3.505086773127388637e-03
-2.363342671438026753e-03
5.029288065953927550e-02
7.157847924099200107e-03
-4.993911152083203159e-02
-2.140567770121568417e-03
7.286865966869564455e-03
-4.994958401793958558e-02
2.884478434965490490e-03
7.121791504186289652e-03
4.999263373736084759e-02
-2.801114183149104771e-03
7.385384544954822633e-03
5.001817781760205944e-02
2.893581872764814950e-03
6.866484972469850262e-03
-5.085720512504604551e-02
-8.550166262430601224e-03
7.598853628476000439e-03
-5.083005837771450292e-02
8.609206859063392794e-03
6.884973767979528023e-03
5.087456189412236512e-02
-8.550620301793982261e-03
7.713511160736269932e-03
5.087941413503722227e-02
8.659602272194789896e-03
6.184254327294191021e-03
-5.264231592615288557e-02
-1.443557226490230910e-02
7.372551014346174179e-03
-5.290640269581038668e-02
1.510308520760856449e-02
7.381157477866090617e-03
5.283485486669853293e-02
-1.513511000349323371e-02
8.092326380664821225e-03
5.264973309563988207e-02
1.453241590033693513e-02
6.771876220286005173e-03
-5.537618224697641450e-02
-2.059555274901041233e-02
8.485980999390891830e-03
-5.536223661737791485e-02
2.061053182168132158e-02
6.752965660435711857e-03
5.536943987665848138e-02
-2.060505840859938945e-02
8.582432137463354149e-03
5.534683399997917391e-02
2.067697451121029706e-02
6.864385507013636561e-03
-5.906619821007567939e-02
-2.710912753685588983e-02
9.055934691322223284e-03
-5.907100724748041987e-02
2.710287495428325560e-02
6.865918806344555730e-03
5.905414636070624446e-02
-2.711882452843128455e-02
9.507562279832612595e-03
5.935836742424332318e-02
2.772063557735195138e-02
7.920784693471995264e-03
-6.418798823079105431e-02
-3.479686452790412693e-02
9.251652108467674912e-03
-6.445967509438975396e-02
3.489524007389740307e-02
7.455375944929854178e-03
6.367641333482672306e-02
-3.402412783724668988e-02
9.243532719008823451e-03
6.431146301304990764e-02
3.482581641066401917e-02
7.465124393100348345e-03
-6.968781924828974794e-02
-4.171533504381245983e-02
1.055343208605912832e-02
-6.972886003829381618e-02
4.164534005850991510e-02
7.493424522332996565e-03
6.967547894041903334e-02
-4.169778941692132979e-02
1.070560919223914262e-02
6.969924671864392851e-02
4.172582088492411689e-02
8.110471449954709949e-03
-7.678204533167991286e-02
-5.004893595609029300e-02
1.151132458007925012e-02
-7.686495233565056318e-02
4.995169956686917184e-02
8.072161899458139486e-03
7.676460115068199641e-02
-5.004412226620768428e-02
1.169450611045303769e-02
7.683828879601878326e-02
5.003955546761208045e-02
1.730788634342534868e-02
-4.783810525754536580e-02
-3.009441070373849395e-03
1.750348492972648648e-02
-4.779205307890541793e-02
2.665254608873166443e-03
1.730895106822601462e-02
4.777580652071650863e-02
-2.986811548355745600e-03
1.756705118712162048e-02
4.773421030566755291e-02
2.699708065799359333e-03
1.730583141184339688e-02
-4.870089331635218954e-02
-8.747841342395899084e-03
1.802086226417614484e-02
-4.861540192103482733e-02
8.366384752409892350e-03
1.731245124918113359e-02
4.865947460119569162e-02
-8.717148824525008249e-03
1.811058492794449803e-02
4.857378016381020541e-02
8.413555292839129326e-03
1.756849028790663861e-02
-5.040609425142870276e-02
-1.463869386220568829e-02
1.878256019135536234e-02
-5.033713140133258546e-02
1.422078826958825086e-02
1.757430398199320148e-02
5.040318550946401577e-02
-1.460268629856998658e-02
1.886114579843419653e-02
5.026877805239639285e-02
1.427564729718841172e-02
1.814136981262941262e-02
-5.299177829151633518e-02
-2.077676585400246162e-02
1.983173643610294801e-02
-5.293937102763032060e-02
2.033110984654787692e-02
1.869584903204922141e-02
5.317482685653498325e-02
-2.145565903537941313e-02
1.990757648730195201e-02
5.286260860241528275e-02
2.038914677973179337e-02
1.969840529780325991e-02
-5.671846405338228092e-02
-2.797394953323239022e-02
2.075542676031828793e-02
-5.703552944122498858e-02
2.746787554586635483e-02
1.840152048054028919e-02
5.733667115613370197e-02
-2.821216272669582401e-02
2.125948190223599446e-02
5.640209978590744744e-02
2.686219073311325173e-02
1.971271763942410507e-02
-6.219428704632074673e-02
-3.550522247108744978e-02
2.268333073928850696e-02
-6.167029647257277897e-02
3.449841975042532149e-02
2.050320637322823603e-02
6.207169542815484109e-02
-3.555429509886073175e-02
2.293220776101109748e-02
6.095381729606252214e-02
3.381589599400788154e-02
2.226477788447700848e-02
-6.702241192648288048e-02
-4.233343536217478581e-02
2.485625875417330974e-02
-6.667917255152243372e-02
4.128353050673578412e-02
2.183009056718243288e-02
6.672019407805349078e-02
-4.178816155777136804e-02
2.516075853807698409e-02
6.542030281607766340e-02
4.009563120860790836e-02
2.388230643951461812e-02
-7.346968102310312554e-02
-5.010928738669952198e-02
2.728743089727127605e-02
-7.350698447262728197e-02
4.954645084395008919e-02
2.388864552549496353e-02
7.347917084885531580e-02
-5.010705917839335111e-02
2.742855246564458727e-02
7.340940390037790919e-02
4.963542117338844845e-02
2.688272546862800413e-02
-4.360487730856724142e-02
-3.196689731712829170e-03
2.708308050009045759e-02
-4.356041825322902461e-02
2.453891420538444491e-03
2.687071508484381935e-02
4.351285001820781595e-02
-3.188346752580697736e-03
2.711415328475835426e-02
4.348626296751380987e-02
2.469834235032976767e-03
2.706496884990261531e-02
-4.437274904365352823e-02
-8.927636471829760237e-03
2.820402458205381602e-02
-4.397078527437414674e-02
8.199253761682618116e-03
2.696841239042523444e-02
4.457035037590206111e-02
-9.527157077407524474e-03
2.747500243947527052e-02
4.438397272023247159e-02
8.240007624003954992e-03
2.770051204035919520e-02
-4.595034692351573219e-02
-1.478693962993953524e-02
2.886030792223370778e-02
-4.583812042470218617e-02
1.397877988109566191e-02
2.766466305603727457e-02
4.591579642375749615e-02
-1.476419892689700974e-02
2.891176100236630270e-02
4.575271079181637834e-02
1.403180025365295507e-02
2.879721021507553047e-02
-4.833277689756478729e-02
-2.090490008974876801e-02
3.042316551003045044e-02
-4.820285421376118568e-02
2.007148514249561602e-02
2.875357459199346863e-02
4.830541524795160802e-02
-2.089154510297467487e-02
3.048520101110879094e-02
4.811491225080395673e-02
2.012827945910183186e-02
3.038231353326616840e-02
-5.154966185360401049e-02
-2.740909427678246343e-02
3.247675873994425311e-02
-5.143452789564056937e-02
2.651897283137954336e-02
3.036770230164132986e-02
5.152873306118369023e-02
-2.738927351050920653e-02
3.254610079297005215e-02
5.134301737350463468e-02
2.658251218055015380e-02
3.253727200005193665e-02
-5.570933817141582312e-02
-3.435779352341859771e-02
3.505560333692064184e-02
-5.558388503852097762e-02
3.343932379028991680e-02
3.250208412281780507e-02
5.566610794347256336e-02
-3.436335315025366988e-02
3.528119922099681727e-02
5.548028239751089108e-02
3.362519739660421031e-02
3.539298956867650836e-02
-3.745835764792854877e-02
-3.379588028832050672e-03
3.524548903299058039e-02
-3.776620984098376377e-02
2.738343226398521311e-03
3.535322516840880280e-02
3.735786582429782149e-02
-3.356741353229886638e-03
3.526298131313903433e-02
3.768556479497770645e-02
2.764104497882175458e-03
3.573206101740705742e-02
-3.811301458236436568e-02
-9.104391900699414231e-03
3.640423584154761638e-02
-3.801256412416584296e-02
7.952943824201193918e-03
3.572339468241115396e-02
3.808187094192558297e-02
-9.053711553322638453e-03
3.643636076107113764e-02
3.794918148315729739e-02
7.986496874783559005e-03
3.525562766430831441e-02
-6.055301758101426512e-02
-4.161108642199249502e-02
3.821375334682775710e-02
-6.071402864926846166e-02
4.094662844118968081e-02
3.526799699165783508e-02
6.080756301196969804e-02
-4.189763143852993227e-02
3.830915117839132911e-02
6.060419303346118586e-02
4.102111769320281737e-02
3.618396002268640249e-02
-3.995834158625521243e-02
-1.519332979721010717e-02
3.777346881796041916e-02
-3.933933328379929373e-02
1.378152456084363701e-02
3.666026009767237026e-02
3.945079105230631100e-02
-1.491007087475173035e-02
3.729854710930679412e-02
3.960594191261144342e-02
1.375249900690693645e-02
3.811572677768629291e-02
-4.215361260394900195e-02
-2.179752045013546441e-02
3.981720041265157661e-02
-4.137573922645354507e-02
1.985330392375782640e-02
3.819289762573226804e-02
4.148148847087272661e-02
-2.102129878330430759e-02
4.000854988102005294e-02
4.143214504385885760e-02
2.025687270142527419e-02
3.868151550013489842e-02
-6.697496374787390017e-02
-5.021196885223259271e-02
4.201199885264826628e-02
-6.693133843026929930e-02
4.917365653021813637e-02
3.866024900967125061e-02
6.696529122301168868e-02
-5.019567062214946862e-02
4.285216600200229820e-02
6.628120532701899104e-02
4.924202048420928124e-02
4.066500974395056284e-02
-4.497594154898693075e-02
-2.851938963801335658e-02
4.248864085191134815e-02
-4.413653092562277308e-02
2.628457808397025031e-02
4.046948328457833366e-02
4.430749214605311792e-02
-2.745210738514312215e-02
4.254257086003172122e-02
4.403557778604667156e-02
2.633829443789436481e-02
4.243634499490599871e-02
-2.962449973647149001e-02
-3.530523184491873422e-03
4.294132414279380056e-02
-2.947501286403078624e-02
3.085377475409174959e-03
4.260855495680071492e-02
2.927028040575901935e-02
-3.049755876691109813e-03
4.311299607372521409e-02
2.905747519512597021e-02
2.934506986500844041e-03
4.296409461298560106e-02
-3.020055259730781635e-02
-9.205734315005651910e-03
4.357338155055873186e-02
-3.009443514953558108e-02
7.780740649743773073e-03
4.289686259628419651e-02
3.010428165097285905e-02
-9.168289578638163032e-03
4.358790330314227940e-02
3.002365410196262963e-02
7.826271339140598512e-03
4.442795223029692014e-02
-3.081491631600266623e-02
-1.505597947369893136e-02
4.519956585553126099e-02
-3.113216708734389132e-02
1.360855550857175029e-02
4.408975547793758665e-02
3.121075783454553207e-02
-1.502116579782398868e-02
4.538518038572474794e-02
3.075022080888474563e-02
1.364649136566246750e-02
4.343355018390653022e-02
-4.786236809439376599e-02
-3.444646245001013046e-02
4.588270567960744256e-02
-4.769123679563910811e-02
3.317573879485750249e-02
4.339750202370475790e-02
4.782572226649730446e-02
-3.441371167268832132e-02
4.713136187538857075e-02
4.767170121611667005e-02
3.441491398361247456e-02
4.613981237224837328e-02
-3.291338673753963634e-02
-2.112733148174987530e-02
4.792944817338180841e-02
-3.258921677888951957e-02
2.002935021507115665e-02
4.617125668712064590e-02
3.304211160460438640e-02
-2.148185292813381206e-02
4.761609208333476145e-02
3.263486892224344571e-02
1.972076568990685855e-02
4.787529117142727553e-02
-2.006811879392926545e-02
-3.220863917551791949e-03
4.778130401228095764e-02
-2.104175690236420246e-02
2.717191982445614322e-03
4.773594800874832178e-02
2.048293196284528203e-02
-3.613177879174237720e-03
4.810883636874950520e-02
2.045416611791134667e-02
2.855253653206601527e-03
4.836767397439308697e-02
-2.091352445888716369e-02
-9.301641140351316756e-03
4.892978953749131665e-02
-2.083375094834616012e-02
7.675731400899729086e-03
4.830344130287642784e-02
2.085962497319587827e-02
-9.283243776138703704e-03
4.893243936451029119e-02
2.077172448492663540e-02
7.697783217407249030e-03
4.717294270772286191e-02
-5.226494227173893170e-02
-4.198462366040980193e-02
5.004239149397211872e-02
-5.209707672552359864e-02
4.065730544089934950e-02
4.765623052314089947e-02
5.239863014453463586e-02
-4.247716739072911196e-02
5.011114372117952964e-02
5.197157944770330884e-02
4.072742453333781654e-02
4.888715383557393906e-02
-3.508734662196580367e-02
-2.758037564237841160e-02
5.078412402126790404e-02
-3.492029113812818858e-02
2.608929894953768841e-02
4.885717590244103431e-02
3.507878050102990197e-02
-2.756885941550273056e-02
5.080011602459776759e-02
3.480437371330527552e-02
2.614537516030138523e-02
4.931155227446806788e-02
-2.219323246129649083e-02
-1.474727633929327417e-02
5.071878550549990122e-02
-2.155030207553097765e-02
1.349020446240801509e-02
4.964466165384674029e-02
2.181670861103971598e-02
-1.523130524205500679e-02
5.073506536838006536e-02
2.146899471959074629e-02
1.351285979099820130e-02
5.096353930962452955e-02
-1.049375645591477980e-02
-3.662366853260508922e-03
5.119280520256767886e-02
-1.048929003061785901e-02
1.939604091160445016e-03
5.102052269989997002e-02
1.046322473736500253e-02
-3.680251842326641432e-03
5.141279263221941453e-02
9.959803434794748528e-03
2.677075829855215909e-03
5.170383790790999967e-02
-1.070534981584246245e-02
-9.344887126188156784e-03
5.213285873595546738e-02
-1.098044438247552587e-02
7.620900863597826827e-03
5.158572933331088961e-02
1.106218773386396896e-02
-9.433614536447375992e-03
5.206597109213120106e-02
1.122028368924199958e-02
7.694355718149243142e-03
5.213237490004662966e-02
-3.109521579280711200e-05
-4.047796982448700724e-03
5.230440633044190768e-02
-1.393445123884073917e-05
1.914083462836017142e-03
5.191605667313139300e-02
-2.202040136842687776e-02
-2.034399055543642185e-02
5.340355218868172299e-02
-2.266104694582344800e-02
1.953947682564999982e-02
5.198766114561922946e-02
2.280819175502710183e-02
-2.122546903984336153e-02
5.342223058161400112e-02
2.257014099788678604e-02
1.957008850640254774e-02
5.280080319558388968e-02
4.698230267189431567e-04
-9.336897686853274161e-03
5.335878591946299765e-02
-2.112690866669092647e-05
7.584835748367047860e-03
5.179965278582394916e-02
-5.749912122069619075e-02
-5.026255568301068316e-02
5.505070185054922877e-02
-5.744049906448413234e-02
4.885579253347685502e-02
5.174793649322458056e-02
5.746583550090583747e-02
-5.013830518474098052e-02
5.513699183601506598e-02
5.729394995232675591e-02
4.893312968674220359e-02
5.322646141523856844e-02
-1.109692130179397267e-02
-1.520484821770359644e-02
5.423496295649600507e-02
-1.149789313025512821e-02
1.392359422877552030e-02
5.332836076664681374e-02
1.042240837160578366e-02
-1.527468859218381395e-02
5.414615170824917806e-02
1.096139245892091378e-02
1.344193804315977833e-02
5.240772978051543018e-02
-3.870687516236653164e-02
-3.518266226125010138e-02
5.467696244990354060e-02
-3.761875209684686916e-02
3.268649599773148368e-02
5.241225962504290903e-02
3.762676573908398797e-02
-3.419639943517525232e-02
5.501447464978359569e-02
3.864446039138867001e-02
3.403666051423372835e-02
5.441025280319415625e-02
1.711242563600552105e-04
-1.529458437298741522e-02
5.525043435537783931e-02
-2.516349716321147553e-04
1.331186123225802653e-02
5.515543670284311917e-02
-2.429808874498689056e-02
-2.764768110934828424e-02
5.698408199380525924e-02
-2.418032742060866394e-02
2.594834386123747935e-02
5.513757220334998543e-02
2.428251440360239266e-02
-2.766568148027798504e-02
5.699806812361376401e-02
2.407244891586926908e-02
2.598474437446378002e-02
5.567484837900845557e-02
-1.167743174450844822e-02
-2.125896864187007060e-02
5.699842585969792930e-02
-1.160592116866296722e-02
1.947262229579509521e-02
5.566414428855796098e-02
1.166903422929053101e-02
-2.127684350349494033e-02
5.700804674472993716e-02
1.151736455074564743e-02
1.949177037803288132e-02
5.697935603500319662e-02
-3.631460499544801690e-06
-2.142777508018288771e-02
5.821840731733391588e-02
-4.474230455931962398e-05
1.944765993001694449e-02
5.702679826471373364e-02
-4.134976234974812453e-02
-4.194246030757917132e-02
5.982955252168329491e-02
-4.121908645241807723e-02
4.042467878744118032e-02
5.578154324059034219e-02
4.138044884496745734e-02
-4.086897718918358624e-02
5.986708714858804403e-02
4.107954866735984839e-02
4.048107225335546150e-02
5.901639109650265447e-02
-1.243212617940940568e-02
-2.770392189924032397e-02
6.058763031207826943e-02
-1.294048376054495256e-02
2.580928838173401907e-02
5.905144731246559503e-02
1.172173095618807628e-02
-2.765427341339547068e-02
6.059505585026277175e-02
1.283589577875183727e-02
2.583094339568038633e-02
5.959571591635307725e-02
-2.573559357020025265e-02
-3.486062203002138898e-02
6.181006308528343152e-02
-2.623976099550826696e-02
3.317503086027166759e-02
5.910610836755310349e-02
2.614609886074265033e-02
-3.428537300417927591e-02
6.155155625794499208e-02
2.600749248555786139e-02
3.285562289966915267e-02
6.035174761261431764e-02
1.690144243651393473e-04
-2.778625277620579842e-02
6.212092533848161818e-02
-5.318831817635447161e-05
2.584766525483416996e-02
6.258424301280135493e-02
-4.548734396207853442e-02
-5.020374426164741360e-02
6.583648854903592640e-02
-4.544787488411840271e-02
4.859976003224307506e-02
6.260694958824919443e-02
4.547784636749817311e-02
-5.024697729918509853e-02
6.589435778903555974e-02
4.529132412716741635e-02
4.865915834000329732e-02
6.341704749268578523e-02
-1.342970994972152859e-02
-3.465607255752151117e-02
6.567730517388166434e-02
-1.338488013961404433e-02
3.272700073779196556e-02
6.348247946788634910e-02
1.342998054752993740e-02
-3.459135812931167508e-02
6.568308802083436260e-02
1.326723582982362870e-02
3.275089081283606013e-02
6.444855250514305856e-02
-2.864296211190532279e-02
-4.206999364740731523e-02
6.714550584280712386e-02
-2.854326562488134975e-02
4.026195466970614728e-02
6.441715747718221308e-02
2.863553943736231108e-02
-4.207398507085900047e-02
6.716592515545316555e-02
2.840641342308984976e-02
4.030520775285024310e-02
6.467195175484274916e-02
3.087068262400093619e-04
-3.430454985370411797e-02
6.708698879780697344e-02
-5.930228869294747304e-05
3.270438275742980350e-02
6.903702763469037051e-02
-1.465526339489481127e-02
-4.210523984405453723e-02
7.167358895536786456e-02
-1.462325028825847695e-02
4.016002154746491082e-02
6.895849224272794509e-02
1.464219726433748855e-02
-4.209706843677891996e-02
7.167792574449291521e-02
1.448993999718853516e-02
4.018770484589098690e-02
7.049348278146994051e-02
-4.495570382881204080e-06
-4.207756586186306436e-02
7.214216978202991903e-02
-4.937193160486511110e-04
3.890212713599081745e-02
7.075231926383371284e-02
-3.150284323440872419e-02
-5.032134586604810472e-02
7.390974735436255105e-02
-3.147417053435010853e-02
4.841809210154084109e-02
7.073968093569553417e-02
3.150813306218964993e-02
-5.035183461025742602e-02
7.393229022904493353e-02
3.131804595156009730e-02
4.846589523968341390e-02
7.576793639567933059e-02
-1.609798315013915432e-02
-5.036095393238482210e-02
7.870145208266354775e-02
-1.674086149121984529e-02
4.830943040739096861e-02
7.576012466725480510e-02
1.607740372630564116e-02
-5.026040781977721833e-02
7.890634444788474644e-02
1.597304914550861515e-02
4.833506057291012126e-02
7.736001210617488022e-02
-6.209943175993561408e-04
-5.032083057870651716e-02
8.058878424398639717e-02
-7.548977206970095910e-05
4.828142895637822091e-02
7.225694657612828295e-03
-7.873463959354322361e-03
-5.634921260111146364e-03
-1.485073042346361089e-02
-2.865192873583927765e-03
1.556771633295754922e-02
-2.106691206160137345e-02
-2.636451622026650507e-04
-3.103616326497959585e-02
-2.192549286131183911e-02
-3.290983977072471645e-02
-9.649629083042069594e-03
-2.244097761278276634e-02
3.173810515673935323e-02
-1.010094700912069973e-02
2.563233051232757798e-02
3.196723186898482033e-02
-1.159275436353143264e-02
-1.082968807172786548e-02
-2.065062406541878087e-02
-3.336414386447153144e-03
3.201034861447023955e-02
-7.913681756668532186e-03
1.904959147661845417e-02
2.206728825385271056e-02
-1.830193131957700767e-02
2.821809337309336141e-02
5.689246861455693471e-03
-4.480674024393789534e-02
-3.446656998969662572e-02
-1.901240787432800436e-02
-2.241365165312516824e-02
-2.462248025854434433e-02
-4.389266101416161581e-02
-3.314964461127781897e-02
-3.932350046470278748e-02
-3.991033043683244602e-02
-1.414568534092023808e-02
2.801968727245694735e-02
-4.595040818077913286e-02
-1.892365453985154003e-02
4.108099573339520083e-02
-5.289557637704330600e-02
3.724627838395395529e-03
-3.720866094492796677e-02
-4.486275600389730972e-02
-7.569800727330845084e-04
-2.604837089826005439e-02
-4.240574003706346073e-02
2.294995812950282373e-03
2.616234638870054696e-02
-4.956128337170601778e-02
2.064933085914958007e-03
4.031392509259644485e-02
-4.821186694822658658e-02
2.099378074759558968e-02
-3.811013488256185383e-02
-4.125519138557275783e-02
1.437388359847764814e-02
-2.664300651004898948e-02
-4.728627935950282385e-02
1.875584727316194009e-02
4.025408664059194896e-02
-4.354114791404069956e-02
3.434150786000157024e-02
4.206480924443786740e-02
-1.319937822012072839e-02
4.162008034806238127e-02
-2.550837002107662205e-02
-3.270816460038880602e-02
-4.508235859920167038e-02
-4.009559062479824826e-02
-2.862366400372394482e-02
-4.561216535604168537e-02
4.126798383655136404e-02
-2.799925885499738101e-02
-3.348126596645153302e-02
-3.673444232023911210e-02
-2.982726312489223514e-02
-3.373156046070248382e-02
-2.367488164914791776e-02
-2.958257523994718349e-02
-3.058377192471667047e-02
2.484978402817903873e-02
-3.260452137169627534e-02
-3.261242942599236472e-02
3.812732435802786840e-02
-3.972449636291441877e-02
-1.802133422857371547e-02
-2.680355830139706172e-02
-3.345470441208164836e-02
-1.663342040687203205e-02
-1.011059411281736015e-02
-3.125835096047403089e-02
-2.004205713107407721e-02
8.148977830468357234e-03
-2.735159451927635793e-02
-1.429316502473921419e-02
3.775958284622816380e-02
-3.614619153724771272e-02
5.493269308545704888e-03
-9.795591142123477243e-03
-3.583540339343881109e-02
1.384926578567631603e-03
9.266208493160628390e-03
-2.696921782811763715e-02
-5.031851637098539018e-04
2.612325427302006689e-02
-3.460264368538814445e-02
-2.738783286016733143e-03
3.755931490671103601e-02
-3.187701688426530094e-02
1.694707866372875682e-02
-3.706273441580935912e-02
-3.113816665104374506e-02
2.077914955039048342e-02
5.505063573466298897e-03
-3.603464704191571000e-02
1.882108521051112371e-02
2.568454601743015361e-02
-3.180553339520012651e-02
1.378319573396417919e-02
4.052413899769076455e-02
-3.585123441800716626e-02
3.642021627393703803e-02
-3.785485031466065409e-02
-3.080684305493691308e-02
3.169174918812645708e-02
-2.542487589406653911e-02
-2.694296253040133135e-02
3.437510391581424102e-02
2.486630971906831494e-02
-3.247345317377034468e-02
3.255208886714647948e-02
3.854146035998858716e-02
-2.744453230190015830e-02
4.568209656046234857e-02
3.955881935529073634e-02
-1.661480125002975580e-02
-5.077598968387916911e-02
-3.897378508387790846e-02
-1.305117375442514834e-02
-5.269821484546819562e-02
3.983128036273787809e-02
-1.544373484734197152e-02
-3.577913626829757471e-02
7.776247826163181290e-03
-1.345084860264619646e-02
-3.986806486891689150e-02
2.648277072771790253e-02
-1.842837053092019964e-02
-1.778338891621328646e-02
2.223426718881708897e-02
-1.344649597671913714e-02
-2.244189246111632369e-02
3.802340200303141321e-02
-1.281363381037732910e-02
-1.763476587319264552e-03
-6.178369755528348613e-03
-1.327860014336812444e-02
-1.197282258772987230e-03
3.590293889546371242e-02
-1.736633786285407891e-02
1.906924804404968796e-02
-3.781019164934610460e-02
-1.641991096356201774e-02
1.735769662409219344e-02
-1.969046883960928057e-02
-1.345343619832174535e-02
1.888020652745740074e-02
7.501499881209873315e-03
-1.282541187826362339e-02
1.827098086486765929e-02
2.549354905181711733e-02
-1.302169098673075162e-02
1.696434020491903449e-02
3.930886264231123889e-02
-1.541872256622299660e-02
3.651003088116170497e-02
7.593880783002299184e-03
-1.135107711983144099e-02
4.293105977377319193e-02
2.405440552687407654e-02
-1.481294796236367999e-02
3.565654707256235567e-02
3.782779059567092234e-02
-1.681283069980774383e-02
4.982807782731711599e-02
-3.846260509417821771e-02
-1.455240966830768576e-02
5.215306380918078438e-02
3.961598457194015488e-02
3.856830256098504276e-03
-4.675525928780625146e-02
2.617700043736754037e-02
4.354173790190907743e-03
-5.220895246372388165e-02
3.882054081165418891e-02
-9.849292104254201569e-03
-4.157726358175752729e-02
-2.513317942321793494e-02
3.378098534568525681e-03
-3.837043563425378973e-02
-7.123734941691776262e-03
2.796164549261827281e-03
-3.356759751710385736e-02
3.524533597980909760e-02
-1.557153599474494273e-03
-1.573900349050323319e-02
-2.900693373010193934e-02
2.641234506093978040e-03
-3.989594320652675025e-02
1.330307647520675290e-02
8.931178830550536886e-04
3.669617559879454014e-03
-2.611369884274844858e-02
-6.974709516632229996e-04
2.068810487606546553e-02
-3.376790186454965009e-02
9.495923525898543327e-03
1.464972020159005864e-02
-4.325592868866832280e-03
4.957957915411196313e-03
1.373115596974086236e-02
1.804822906503350533e-02
6.000963441960562549e-03
1.778479004443912770e-02
3.832587778613345125e-02
1.120842636397037214e-03
3.855797435099463794e-02
-8.975750793256149357e-03
2.221589989256270593e-03
4.042193948237864792e-02
2.027285352911172012e-02
1.860087853064712688e-03
3.238589782628973485e-02
3.613846285415003856e-02
9.724347586117878563e-04
5.440721329505043141e-02
-3.910343430738872500e-02
4.055147527473518254e-03
4.578189806592136701e-02
-2.817746830772725752e-02
2.909143099034283697e-03
4.941263824894551876e-02
3.440508177604689743e-02
1.890696946122668101e-02
-3.734503918436748310e-02
-2.057972593020503116e-02
1.987105166650199664e-02
-3.560139262445180530e-02
6.578600749897180362e-03
2.465187789307123414e-02
-3.681464810625216522e-02
2.299888520987027757e-02
1.961577469349875744e-02
-4.268613516338974623e-02
3.750692985656420286e-02
1.977159700669224585e-02
-1.677632414560573451e-02
-2.361047314737858144e-02
2.190940422806671867e-02
-2.224262138351157381e-02
-4.386032942369614412e-03
1.923461092635364925e-02
-4.688317437801971656e-04
-3.588876470435259369e-02
1.546835342557423103e-02
-8.915012378246417631e-04
-1.917845868179147636e-02
2.260956029585457772e-02
4.360217624718634027e-03
1.165662719449009517e-02
2.120349236314026178e-02
-2.075337481299446114e-04
3.332950886391718159e-02
1.892586684140392869e-02
1.707925276952592525e-02
-3.835973866232338797e-02
1.556209086796170663e-02
1.577123622412565651e-02
-2.226843086437574337e-02
2.538103293091842003e-02
1.746438046339659697e-02
3.371991049717082412e-02
1.900624492656779324e-02
3.891160575611584543e-02
-2.556036249507842237e-02
1.872801389722814069e-02
3.612051130578054076e-02
6.877296522732129908e-03
1.915871055684357019e-02
3.811889570041648856e-02
2.683731309527071646e-02
3.327952643454606257e-02
-3.545089370095113462e-02
-2.787359202557606122e-02
3.607509160058468278e-02
-4.072888248767624064e-02
3.845685211629740197e-02
3.862391117222795101e-02
-1.805440431194298145e-02
-3.692348169460652613e-02
4.171943286965382885e-02
-1.818957912334047064e-02
-2.373500098542694059e-02
3.697913874327548450e-02
-2.054742515416119186e-02
-1.081806605128349079e-02
3.637549912418694409e-02
-2.192923873502056892e-02
6.903707014427413503e-03
4.153329956502123388e-02
-2.115981609259967589e-02
2.722209640211999127e-02
3.528863285140704936e-02
-1.202568922253684659e-03
-3.978461251102375501e-02
3.093866670862148449e-02
-2.194037610406944418e-03
-2.584390911107200053e-02
3.857792806544229486e-02
3.124890651141106705e-03
-1.125685303133797978e-02
4.182432969298025688e-02
-1.994588501867599391e-03
6.037604804054681577e-03
4.644613447068975803e-02
5.334921293620595783e-04
2.425899547111369167e-02
3.704239190255510794e-02
1.400124316474124150e-02
-4.013666869048636981e-02
3.962564526650801111e-02
1.790402635654343363e-02
-2.504609369850227876e-02
3.649547674420551557e-02
1.874993582175807014e-02
4.681539970833407775e-03
4.268590071744807202e-02
1.809121219012764861e-02
2.547536269304364470e-02
3.207123478251493881e-02
3.615430864031786429e-02
-3.660080359621460666e-02
3.456661784550265487e-02
3.484051533023321823e-02
2.296546672110098830e-02
3.724191133782645685e-02
3.561341416129935877e-02
3.631860557016887425e-02
4.878887508623642316e-02
-3.308726622155124669e-02
3.788383486632804220e-02
5.329397520237549174e-02
1.759840530924662019e-03
-3.913948203223166500e-02
4.701182527980049541e-02
-6.567445305306946922e-04
-2.561092262364931746e-02
5.200320661727469984e-02
1.823656349279406674e-02
-3.788824876457875385e-02
2.187490593127819263e-03
3.670532665563668029e-02
6.427889489187363359e-03
4.711200484331660304e-02
3.079488145305936050e-02
-4.014603841786577171e-02
-5.219729045462619121e-02
3.054361066542731623e-02
5.148743711233007975e-02
-4.688386171370032690e-02
4.273327868509878974e-02
5.141645353430724513e-02
-1.937009431415582031e-02
1.238707755706917706e-02
5.089133121831902057e-02
-3.449779068387261172e-02
2.830036563175451422e-02
5.117275466065452499e-02
-3.309078743085233643e-02
4.336508647371209446e-02
5.114702243975038920e-02
-2.089587299399412595e-02
4.277815136010412050e-02
5.089699700773418073e-02
-1.318496427895387256e-02
3.366140625198778963e-02
5.073738378135840554e-02
3.607591425564645859e-03
6.320028143460026948e-02
-5.002428600861674735e-02
1.441821913441358564e-02
2.499101863790430256e-02
-5.014020718846873281e-02
1.700515611908104061e-02
5.041319574365298734e-02
-5.013456511017973932e-02
4.606616991073925194e-02
5.027420504973039578e-02
-5.026239274447084210e-02
2.532386881289661745e-02
5.669637114604966083e-03
-5.018854395785276451e-02
3.396488067141398282e-02
1.683309161121265482e-02
-5.031545063999583872e-02
3.491328156742713046e-02
4.651406707536852314e-02
-5.027723657525867695e-02
4.819572355776517714e-02
3.476500403283219048e-02
-5.036599625698762184e-02
2.663692234706536988e-02
1.835344610396875617e-02
4.967016311278823343e-02
1.954067886093261222e-02
3.359141388073885737e-02
4.985425484018580350e-02
2.037933313713601383e-02
5.037887486972188883e-02
4.982843051206289897e-02
3.878255604599418344e-02
4.033658034006956661e-02
4.935994113912955950e-02
-2.355412066264979745e-02
2.798940995655067529e-02
-4.977045782917923628e-02
-3.699503563701236203e-02
4.613849293686666381e-02
-4.967477221597550729e-02
-1.072978018768253744e-02
1.616120193270571131e-02
-4.987005880057528845e-02
-3.214493849341958434e-03
3.607060641863609612e-02
-4.994670290472305596e-02
-1.437593904856818150e-02
5.436233917356692730e-02
-4.986790031371123033e-02
-2.699148146287626976e-02
-5.404670429853024316e-02
5.095524728008703902e-02
-8.877253610574689646e-03
-6.842026013771987381e-02
5.047479474933954519e-02
-1.019769584341467521e-05
-5.960899636144513514e-02
5.025594796906507344e-02
-1.402639670216082948e-02
-5.485178160154313004e-02
5.061232903537163375e-02
-1.345670637482340379e-02
-3.788868791437469130e-02
5.061709853489808342e-02
4.207899618098683210e-04
-2.250818485950870085e-02
5.033026664505816511e-02
-1.533766473260630460e-02
-1.093817092687689174e-02
5.079036277470791449e-02
4.697117093890481113e-03
-1.703224608451568353e-02
1.998486086712496224e-02
-2.115589872586486064e-02
5.633848109863815595e-02
5.088402009790084918e-02
-5.215600420478571503e-02
-1.762275197005130217e-02
-4.937451653580360311e-02
-3.729600286050663294e-02
-3.426042579058478921e-02
-4.958221103084548692e-02
-2.020942539855992426e-02
-1.619428832088503842e-02
-4.980104100561663638e-02
-1.603307451602129993e-02
2.147455713235955476e-03
-4.982089579713889355e-02
2.502405339326756227e-04
-5.706571722039532890e-02
-4.998234521716483914e-02
2.568190704634136772e-04
-3.358508282444944842e-02
-4.993387618862418081e-02
1.699332215092155818e-02
-5.043575634070285307e-02
-5.015106253749208876e-02
2.013911033204792214e-02
-3.076904832575676554e-02
-5.016863381402509453e-02
1.284198662036879421e-02
-1.670515825079207581e-02
-5.005084233253771081e-02
3.509959039972181810e-02
2.743762935509872869e-04
4.944778278762620993e-02
5.401094251170147215e-02
-6.623748113395403088e-05
4.897509382775583342e-02
5.404968328708736891e-02
1.919149988417145208e-02
4.898591272738876679e-02
4.415558978693010297e-03
1.620014136302257504e-02
5.027348999063504381e-02
3.587120315490245105e-03
3.361080742017479028e-02
5.028731106413434487e-02
-2.746173337687710016e-03
5.437927788754715053e-02
5.044056952305053798e-02
2.331144130711496065e-02
-6.474586812218672584e-03
-5.015391971956156131e-02
3.450076523400379819e-02
-3.977726125664102913e-02
-5.032581267837981515e-02
3.395384318803067875e-02
-1.683376030565492815e-02
-5.032777726702986759e-02
5.236489901766119143e-02
-3.619271502537017848e-02
-5.036557268022736483e-02
3.709379205678161456e-02
-5.580239959652504717e-02
4.931767962739903866e-02
4.927421865455169914e-02
-4.314821976835581802e-02
4.902566799147479309e-02
2.058992479529300756e-02
-5.315745503308173803e-02
4.974740336672831692e-02
2.158013422628466890e-02
-2.123023705326862465e-02
4.976366795117156266e-02
3.363746110776378445e-02
-3.677581581038880110e-02
4.943068766943457121e-02
5.302888212545149582e-02
3.737739526101295506e-02
4.899547895695895855e-02
-5.552166420065162561e-02
-2.575988025671532150e-03
5.156963501195729188e-02
-3.162733673428618636e-02
-2.086697870353618200e-02
5.114766756211020643e-02
-2.997444761535045937e-02
8.091962775999569129e-06
5.116528069382467875e-02
-5.740838266720790090e-02
1.784192926299540613e-02
5.155977103739064343e-02
-4.181879796665485816e-02
1.506320639735640385e-02
5.132673802591133233e-02
-3.422668895229630942e-02
-5.333502874881266426e-02
-4.971021048169579903e-02
-1.556224648623505402e-02
-5.446018783145688269e-02
-4.984941071474110336e-02
-1.914301648268864134e-02
-3.683774332676571089e-02
-4.982681267380368456e-02
1.577923200888536187e-02
-6.843145190817198631e-02
4.985089298376065015e-02
1.157320423693316939e-02
-3.860251782010862276e-02
4.998402642949136693e-02
-4.969945592425251135e-02
3.350294799020314684e-02
-4.958801378920931618e-02
-2.681488471095876472e-02
9.566022017016303711e-03
-4.972190135523378574e-02
-3.849413010479361963e-02
1.983855237707026278e-02
-4.959184204115853895e-02
4.351475246516382095e-02
6.611810872062782313e-03
-5.037729325803758790e-02
5.246801783619901155e-02
1.848032625263423823e-02
-5.039675228692137854e-02
6.323189307358005606e-02
7.707506372202060224e-03
-5.042168892125694496e-02
3.393252793144182350e-02
-1.159137239352784193e-05
-5.028816678719375682e-02
4.311687885385620533e-02
-6.229193958669497141e-03
-5.033476482382719108e-02
5.201764901215998743e-02
-1.934147754581362275e-02
-5.041574457320351088e-02
-5.569426078998427482e-02
-2.280685363659475107e-02
5.156858758097469797e-02
-4.492207519159462786e-02
-3.535391094686592128e-02
5.138780303560730456e-02
-5.527856648772039305e-02
1.620649961746426296e-02
-4.948643883043816333e-02
-4.088391606390189698e-02
9.935701741605321765e-04
-4.954774557200436469e-02
5.399932103284222490e-02
-1.686270537523313490e-02
4.895196168869554720e-02
6.118905160449452513e-02
-5.706250108286038507e-03
-5.045581493408499152e-02
