-7.731047292608772548e-02
-3.801207881476074681e-06
-5.025140414651720761e-02
-7.826848143474356145e-02
-6.458819789588225670e-05
4.822935476398118593e-02
-7.559657725332173672e-02
-1.605879984992850118e-02
-5.016726019362995059e-02
-7.655627507584078506e-02
-1.615937546611207962e-02
4.829140775410978997e-02
-7.560025798116754014e-02
1.606503860324499239e-02
-5.015446497058483749e-02
-7.658213569981529856e-02
1.602357747656434073e-02
4.820909124230618459e-02
-7.061696614933710148e-02
-3.144793693940760304e-02
-5.015068737268020549e-02
-7.152959635834629792e-02
-3.153968557128026401e-02
4.840155060618305666e-02
-7.059739146902056783e-02
3.144905122300747924e-02
-5.014413233996524444e-02
-7.157768679989753857e-02
3.143094304126804739e-02
4.830473820325358741e-02
-7.017498269644834030e-02
-2.228161781335001812e-06
-4.200345189912976784e-02
-7.103685437700942018e-02
-7.331374036768331963e-05
3.994735922206393841e-02
-6.864564674806081235e-02
-1.461450062458511875e-02
-4.194864184223798254e-02
-6.947287151601085065e-02
-1.468786091655352802e-02
4.002473692345444312e-02
-6.861796386655560909e-02
1.458410453083158927e-02
-4.192089656546687387e-02
-6.862634132302279644e-02
1.517488842570810341e-02
3.915296107777903323e-02
-6.418774813279490288e-02
1.558113424705357113e-04
-3.437465791221416128e-02
-6.481724227381417680e-02
2.093210776817793547e-04
3.208446457324972551e-02
-6.407074210287809490e-02
-2.856940549468032359e-02
-4.194059364145191066e-02
-6.490484196973575481e-02
-2.865496963224874183e-02
4.013692427095662957e-02
-6.409814155978167671e-02
2.854810449168036085e-02
-4.189346440187964593e-02
-6.493913945883314498e-02
2.854969241501595714e-02
4.006675823420360882e-02
-6.285002056075368604e-02
-1.336380824925879028e-02
-3.450418659521536230e-02
-6.361646260606602932e-02
-1.346655673453642753e-02
3.248694135343687533e-02
-6.289773899272338431e-02
1.336425083710411112e-02
-3.442638664017459715e-02
-6.365793372182507182e-02
1.334808581349196041e-02
3.241232286035981153e-02
-6.252405644201375345e-02
-4.545756037453317633e-02
-5.017083829148932111e-02
-6.338561860486496835e-02
-4.553445454934049869e-02
4.853392309820293848e-02
-6.251416049398644814e-02
4.544240279392700033e-02
-5.011192970908268790e-02
-6.347239551247743639e-02
4.543919458368583103e-02
4.848678619589039812e-02
-5.957595303216708937e-02
4.592855901354658626e-04
-2.773557524599669366e-02
-6.016889545027231251e-02
-5.634715924136578832e-05
2.548543154100334218e-02
-5.871243133422441446e-02
-2.614791991319889361e-02
-3.443544480359204962e-02
-5.962332644497853051e-02
-2.591981669865421958e-02
3.263489685919156863e-02
-5.871989924805209871e-02
2.616228251736279695e-02
-3.440289997235200514e-02
-5.968225645391920381e-02
2.604952626497472265e-02
3.274462486542835393e-02
-5.804211000346171101e-02
-1.168406269509156964e-02
-2.715020704357702652e-02
-5.896394901447343101e-02
-1.297614364651317014e-02
2.593464051256251859e-02
-5.821788906155538068e-02
1.236433883346995354e-02
-2.756009051488251052e-02
-5.892162478081026944e-02
1.159106489034990133e-02
2.553145144834852512e-02
-5.614716732296794188e-02
-4.082428329859809357e-02
-4.097123770666003667e-02
-5.750405071023102083e-02
-4.133604816063379817e-02
4.024884000793236410e-02
-5.625431366811510514e-02
4.009426919934123285e-02
-4.057280685935438225e-02
-5.798927707912135410e-02
4.095995540708805699e-02
4.048581124886208721e-02
-5.603370945087119553e-02
-7.667562057783419054e-06
-2.151544187877573594e-02
-5.640821761388988692e-02
-4.902704269209634183e-05
1.920534434437852489e-02
-5.463720797506302351e-02
-1.161352101604609839e-02
-2.119557883595127312e-02
-5.515395257060451417e-02
-1.169339256982351860e-02
1.914338551930748825e-02
-5.462227536959825963e-02
1.160030810805111161e-02
-2.115143280833251330e-02
-5.510318253300181685e-02
1.159909846031259226e-02
1.914096535563495141e-02
-5.435459970388523132e-02
-2.418740237933753034e-02
-2.756122611412256326e-02
-5.497033478976839915e-02
-2.435739124210071702e-02
2.564315915454317557e-02
-5.435773650680018193e-02
2.419946731877429744e-02
-2.754392708878949589e-02
-5.496016602007457175e-02
2.422389121638667681e-02
2.560472738588679548e-02
-5.317678626159788591e-02
4.900883865397156688e-04
-1.550202389755055490e-02
-5.345397575763301268e-02
-2.553570357645070800e-04
1.305557272813706593e-02
-5.198917185760196930e-02
-3.779345219897380093e-02
-3.440397355875571966e-02
-5.258996069403724938e-02
-3.787602753500525499e-02
3.272960945603452937e-02
-5.198098794795487365e-02
3.778450436313784272e-02
-3.438464059903498238e-02
-5.267708757932698660e-02
3.777736247406465048e-02
3.269956677806516721e-02
-5.193174517063886553e-02
-1.103549527484794235e-02
-1.519265521862476868e-02
-5.234139429996272769e-02
-1.184586638720070209e-02
1.359001457613707303e-02
-5.198822402406197418e-02
1.152975145256476125e-02
-1.563418795842894116e-02
-5.242609943917951598e-02
1.135828011716935940e-02
1.357110335970575232e-02
-5.169272789049761396e-02
-5.743546485857697198e-02
-5.010950490920494660e-02
-5.251776617425354260e-02
-5.752284587150116590e-02
4.873274536473529844e-02
-5.168304025854034839e-02
5.742383960687632433e-02
-5.010521919226646609e-02
-5.263006224272497036e-02
5.743320139265322560e-02
4.870415817737820674e-02
-5.139886628743789432e-02
-8.416421614064966851e-06
-9.410721318591943121e-03
-5.154593074796173791e-02
-1.443305984818227163e-04
7.117849204729968966e-03
-5.136804489587107336e-02
-2.286758202761324243e-02
-2.181796677253392339e-02
-5.162845751128905536e-02
-2.337347456965549811e-02
1.990149649894317960e-02
-5.154770698785206273e-02
2.284747773240003790e-02
-2.209111474466473810e-02
-5.148524100623635275e-02
2.271717622094110781e-02
1.919673097663245065e-02
-5.051516807470429749e-02
9.947155518192387893e-07
-3.340001128550012643e-03
-5.071428477512876509e-02
-1.400255821109537883e-04
2.282684429207077967e-03
-5.027722279459700960e-02
-1.068125707389316024e-02
-9.398673255104607327e-03
-5.050705923833552491e-02
-1.071904339168733462e-02
7.384569237737568896e-03
-5.030588308086571259e-02
1.051504499673380257e-02
-9.421159529645912328e-03
-5.046811940209226105e-02
1.065833562780495181e-02
7.384592742215275937e-03
-4.941280526656828542e-02
-1.049492269125089534e-02
-3.776732355080530609e-03
-4.953505679846306742e-02
-1.052233793737280577e-02
1.776821529481560635e-03
-4.940307059384143468e-02
1.044776136628376532e-02
-3.775418335809469644e-03
-4.951985757506924268e-02
1.047080414426549040e-02
1.776413768009199546e-03
-4.849646167813110448e-02
-2.158024280275354367e-02
-1.513776250166944289e-02
-4.887479846181857351e-02
-2.168973381668410846e-02
1.318530751143819069e-02
-4.850036056968471537e-02
2.157536646757874516e-02
-1.512549130241555226e-02
-4.887442553294769898e-02
2.160332135439733958e-02
1.317178413431701126e-02
-4.813366733940330905e-02
-3.497585630906367704e-02
-2.753085122835282825e-02
-4.864058569325661191e-02
-3.508876942833033530e-02
2.579375314887202147e-02
-4.811632431281923084e-02
3.497401259921324723e-02
-2.748945173322306368e-02
-4.868626516050871683e-02
3.497421108687925884e-02
2.579619957329207236e-02
-4.693054724626599672e-02
-5.214277371164043745e-02
-4.186296584041173524e-02
-4.763875747943793065e-02
-5.222073086364431571e-02
4.043799742063543950e-02
-4.691007803003750115e-02
5.215054367909812555e-02
-4.184629707219323508e-02
-4.773538537323662040e-02
5.212680248845891207e-02
4.042403313628688960e-02
-4.694349400686573248e-02
-2.088233179156448807e-02
-9.349723353634327438e-03
-4.715999155926627745e-02
-2.092786835371266557e-02
7.433290515557989912e-03
-4.694089830492940291e-02
2.086188998070697201e-02
-9.341567258339974686e-03
-4.715497993296481616e-02
2.087309276535729424e-02
7.424057799938414519e-03
-4.614810205927079995e-02
-2.050829421419042564e-02
-3.728140280715473015e-03
-4.627132246135357702e-02
-2.054594643317539382e-02
1.822050450694699415e-03
-4.615928424970732608e-02
2.054505124954095902e-02
-3.270878017100155560e-03
-4.628386005473569820e-02
2.049875561260691009e-02
1.827909166798913831e-03
-4.517569705381203893e-02
-3.281213125234177380e-02
-2.111257216783677532e-02
-4.571006069368609148e-02
-3.346255532172215386e-02
2.018158233555037220e-02
-4.533670583426006179e-02
3.355610298580097989e-02
-2.215324938036823677e-02
-4.559187761589637150e-02
3.281992412820525923e-02
1.937303047979448828e-02
-4.299379252216580655e-02
-4.832167498587443960e-02
-3.492683434628953559e-02
-4.358585009281516071e-02
-4.785597523119199809e-02
3.287913161338761048e-02
-4.296235575484093350e-02
4.775422170573023761e-02
-3.434965075755862240e-02
-4.367320197072830507e-02
4.829620828238921637e-02
3.347250827860275696e-02
-4.295494394934838006e-02
-3.118046134957922280e-02
-1.508800305122038991e-02
-4.327646737838710539e-02
-3.128043902332511977e-02
1.330151135612873611e-02
-4.294642069196708684e-02
3.117562921012314442e-02
-1.505800214794675643e-02
-4.347230549083747064e-02
3.088463248538240308e-02
1.330809774927289510e-02
-4.157725575915312971e-02
-3.016499315876789225e-02
-9.288291278797815298e-03
-4.175783469499869810e-02
-3.020570712788841691e-02
7.537874029293023699e-03
-4.157221928795320348e-02
3.015313627215924358e-02
-9.264676579497421738e-03
-4.175650403653038273e-02
3.015839595140904633e-02
7.548416331673289160e-03
-4.087981012862183794e-02
-2.962942028688955731e-02
-3.654025873943215520e-03
-4.096735658160952781e-02
-2.967025346680246881e-02
1.916851438532671563e-03
-4.089655822285559461e-02
2.963554667313218066e-02
-3.633105908437629129e-03
-4.096538140324513383e-02
2.965086133467002491e-02
1.931976494434846326e-03
-3.979660322074374951e-02
-4.421772106349320525e-02
-2.747226194970283850e-02
-4.090777034485900548e-02
-4.442900170987523073e-02
2.665634879016570008e-02
-3.977880463384097370e-02
4.420072671269750092e-02
-2.744372243751629081e-02
-4.035441975519395846e-02
4.420386287302746631e-02
2.596421248495590223e-02
-3.860391593561988272e-02
-6.691917069921199390e-02
-5.009287617731569831e-02
-3.940743233148333302e-02
-6.694983688234130981e-02
4.895485379485740168e-02
-3.861130872240604861e-02
6.692014679283871115e-02
-5.012900459927799313e-02
-3.952604900705270624e-02
6.692162710660860825e-02
4.892616405849800620e-02
-3.708908305177448239e-02
-4.207108089722390309e-02
-2.163892856888174551e-02
-3.788104852211956336e-02
-4.173583911167304261e-02
1.988801617394900592e-02
-3.728923173091752696e-02
4.204402123253329210e-02
-2.179079428555599773e-02
-3.788250962460853327e-02
4.175903227470017381e-02
2.007971196022504193e-02
-3.552293983770263980e-02
-3.940383471692773115e-02
-1.501930410710339801e-02
-3.527656240023300388e-02
-3.984933943235167281e-02
1.332422793601223572e-02
-3.552128719338641660e-02
3.940881024597696347e-02
-1.498968381447690623e-02
-3.528144006220542556e-02
3.975370281185689608e-02
1.337717957350913721e-02
-3.504320271488986505e-02
-6.073283389371485902e-02
-4.184878197515935760e-02
-3.592173621078116608e-02
-5.967514733341591077e-02
3.962294244305301222e-02
-3.467851914895727500e-02
6.082461697441356868e-02
-4.177050907394413981e-02
-3.583498515606049067e-02
6.073568723294219679e-02
4.063769561632191163e-02
-3.437710889882051452e-02
-3.811423431733162309e-02
-9.220222017743903709e-03
-3.454133947144169547e-02
-3.814336496545952387e-02
7.636467192345399238e-03
-3.437848925545543277e-02
3.811813470856034031e-02
-9.191899980779752455e-03
-3.453400284995147146e-02
3.808518554368581915e-02
7.679362622538852406e-03
-3.379855453192281978e-02
-3.742894116757423950e-02
-3.587109556549564898e-03
-3.388609709495575550e-02
-3.746299362039443720e-02
1.994726774041776906e-03
-3.380723150410831074e-02
3.742055180601899095e-02
-3.555750326753956241e-03
-3.388469385551449997e-02
3.743916713687332753e-02
2.030654758630817246e-03
-3.163115550651738467e-02
-5.593054115398030102e-02
-3.440677185476154198e-02
-3.268702951946314550e-02
-5.569330954617757873e-02
3.306971886132113736e-02
-3.209211413910540572e-02
5.562960613846233693e-02
-3.434057476135090464e-02
-3.277196410798242920e-02
5.563545643128146867e-02
3.308285795632914805e-02
-2.971938030427141025e-02
-5.150781152705336680e-02
-2.744115179521586928e-02
-3.021047064250607928e-02
-5.158833432485353948e-02
2.610953101995167752e-02
-2.970920912970602054e-02
5.148505519508530387e-02
-2.742656653088101221e-02
-3.028602081519425962e-02
5.148887564924151117e-02
2.614713037592674566e-02
-2.790195065909711544e-02
-4.829895747000229056e-02
-2.100358388706231524e-02
-2.827159908744227013e-02
-4.836421156103618696e-02
1.964253083628050844e-02
-2.789487825713431873e-02
4.829516369228008255e-02
-2.098158185039706441e-02
-2.831129128246882842e-02
4.825793735227840858e-02
1.969231919445049717e-02
-2.654609773342712573e-02
-4.590529472316522142e-02
-1.494514943799839408e-02
-2.682029395362698840e-02
-4.597396894078251139e-02
1.355587812200470706e-02
-2.654540945172541994e-02
4.591681842287399090e-02
-1.491737677979535978e-02
-2.683384134822888387e-02
4.587961757202080326e-02
1.360723104099357227e-02
-2.537660356634136721e-02
-4.477290182377063887e-02
-9.922730155392914947e-03
-2.567482725591126863e-02
-4.449412596433976325e-02
7.782307633807803576e-03
-2.583607554424501018e-02
4.440868316309359853e-02
-9.504708503833142474e-03
-2.542529258148483809e-02
4.453774564925642998e-02
7.835924132511077819e-03
-2.527690469680570276e-02
-4.359368607127853124e-02
-3.492618164693223320e-03
-2.534239192312486705e-02
-4.362961489432735929e-02
2.100466518521778084e-03
-2.527696556112395479e-02
4.356449348331296184e-02
-3.454342620689800775e-03
-2.525426893563103431e-02
4.377283529363124037e-02
2.983938337715666845e-03
-2.385678693106247847e-02
-7.347256173008150093e-02
-5.009036747572691295e-02
-2.463936532005175581e-02
-7.347376458942844746e-02
4.919906969620271853e-02
-2.384802134943767721e-02
7.346721234049455318e-02
-5.008657628447540922e-02
-2.473305194227848683e-02
7.345941389602025917e-02
4.914850036898955193e-02
-2.164716508596557787e-02
-6.669464241157720130e-02
-4.181902230601275416e-02
-2.233955417979517633e-02
-6.669932464575033249e-02
4.085962432264077931e-02
-2.164191231908497992e-02
6.669420390378652530e-02
-4.181249814206321191e-02
-2.241973958169508202e-02
6.667936493500134509e-02
4.083350954272445960e-02
-1.982461044948953532e-02
-6.108750672052058045e-02
-3.429553224065029493e-02
-2.042132955032852429e-02
-6.110896670696557703e-02
3.326135411982455298e-02
-1.982284219108534917e-02
6.108596705553216016e-02
-3.429090319075248777e-02
-2.049414777349331182e-02
6.106347695830758454e-02
3.325702206173147130e-02
-1.794806405008895697e-02
-5.717585366950537346e-02
-2.816432260927622874e-02
-1.859069693661906039e-02
-5.687224209474961434e-02
2.660191399382750427e-02
-1.909993173606859551e-02
5.678802923906287742e-02
-2.816183837158522593e-02
-1.891220529745083964e-02
5.650573197533535763e-02
2.630283138887558325e-02
-1.731360112535335755e-02
-5.326153217691340785e-02
-2.139812302586436774e-02
-1.760884426816927695e-02
-5.308003360940791865e-02
1.978592981467881817e-02
-1.718882165911532131e-02
5.361692670911728797e-02
-2.195027604843537497e-02
-1.707163296721427373e-02
5.340360295013127367e-02
2.035874570699908875e-02
-1.640854753362272836e-02
-5.038606613053132205e-02
-1.489516148183175556e-02
-1.668369988198028023e-02
-5.046636485649005910e-02
1.367983310687636428e-02
-1.640948690593082432e-02
5.039127969711469646e-02
-1.486924542091650620e-02
-1.671277176435281842e-02
5.037018421318400357e-02
1.373104410293058027e-02
-1.589982257573889154e-02
-4.870579718858362300e-02
-9.075468102645050175e-03
-1.605666092156134150e-02
-4.873344237818742070e-02
7.868903679507288987e-03
-1.590348292791153931e-02
4.869530814117572354e-02
-9.044535032742129568e-03
-1.606922259194020625e-02
4.865982237022990070e-02
7.914208029173407447e-03
-1.566821298025267845e-02
-4.785395613413101490e-02
-3.404259550656763868e-03
-1.571388958583871259e-02
-4.787132083424238543e-02
2.210765742959266977e-03
-1.567305887310559143e-02
4.782277666247158887e-02
-3.370767949518959760e-03
-1.571817080601603522e-02
4.782053608526568717e-02
2.250797084050827190e-03
-8.058710481643650489e-03
-7.682130608178774911e-02
-5.007964779658291565e-02
-8.850831833165585111e-03
-7.678612860166204868e-02
4.940292201134621058e-02
-8.063931128540532262e-03
7.681105488049289054e-02
-5.008158363975884209e-02
-8.923544648050276903e-03
7.679313856767873425e-02
4.937392815691472869e-02
-7.302422567184836677e-03
-6.973674207801956737e-02
-4.179508227923574293e-02
-8.602771191184991825e-03
-6.954035793871347904e-02
4.101045212689018865e-02
-7.137943434149528719e-03
6.859090375344376045e-02
-4.033589021565412575e-02
-8.068525468248086141e-03
6.969305340197586018e-02
4.103530845767010965e-02
-6.305968863529703809e-03
-6.418375976831389162e-02
-3.467901344662464858e-02
-7.568751182300538678e-03
-6.399460546479796008e-02
3.372054299047402837e-02
-6.906576524408045842e-03
6.307580210760628525e-02
-3.320361975126479709e-02
-7.351149799835906239e-03
6.381593699116558382e-02
3.345134468189704668e-02
-6.206061337826914576e-03
-5.910850839903374759e-02
-2.733185432024855255e-02
-6.691774300155708607e-03
-5.911090044746937500e-02
2.646120036872128684e-02
-5.577758805185800348e-03
5.909458364715797912e-02
-2.732533942215822562e-02
-5.969798979284680375e-03
5.896544104087943911e-02
2.635079538368597513e-02
-6.494486537472038933e-03
-5.563110568977200354e-02
-2.152238319429063823e-02
-6.205750503688456723e-03
-5.542816558993446385e-02
1.994890046617323401e-02
-5.132042959308865705e-03
5.584259254962206653e-02
-2.165187153114491933e-02
-6.250834063019037289e-03
5.535261303669945787e-02
1.999834708412426623e-02
-5.577416551677288024e-03
-5.266928205448749567e-02
-1.481214643308343369e-02
-5.228426251821209278e-03
-5.277182233124828870e-02
1.401651033450714706e-02
-5.022050897353866686e-03
5.265477427181529391e-02
-1.479353552285045392e-02
-6.593404645137032095e-03
5.270915131020121464e-02
1.437221688408901916e-02
-5.421343345119730012e-03
-5.090511368763077360e-02
-8.990501103536569644e-03
-5.578461206812822780e-03
-5.091952891068645543e-02
7.981400025162508835e-03
-6.051461640732679753e-03
5.066977003311996797e-02
-8.427120638303657943e-03
-5.601180855808291295e-03
5.082619655399427810e-02
8.044788415129230236e-03
-5.381121819248211799e-03
-5.001443621031914644e-02
-3.315537834580319261e-03
-5.430061927956997617e-03
-5.000310005380891043e-02
2.308996713304479510e-03
-5.392806851101142676e-03
4.998226690797836352e-02
-3.281273567339050221e-03
-5.448541838832947001e-03
4.995920510554260202e-02
2.349648616061152800e-03
2.557933361157608242e-03
6.999995152611118579e-04
-5.032570427167207261e-02
-1.026351400121749101e-03
-2.396020525969880070e-03
4.896723837612353136e-02
5.184612114514364038e-03
-4.996787679756774236e-02
-2.569427302565344736e-03
5.070930804797054055e-03
-4.997587931481314166e-02
2.401405968158472348e-03
5.108746513174392684e-03
4.994568570024880694e-02
-3.201247741338687433e-03
5.040146641018854005e-03
4.993804245247562140e-02
2.442801017030994757e-03
5.278309561493964297e-03
-5.086307901303530749e-02
-8.909107191153814442e-03
5.107803900334425239e-03
-5.086394171046369761e-02
8.100720018002806333e-03
5.265704508591242429e-03
5.084247380980295300e-02
-8.892436283861691187e-03
5.072841761632788764e-03
5.081363354973016111e-02
8.143529233145216720e-03
4.909372668671802345e-03
-5.264835257458204409e-02
-1.474174235411455057e-02
4.561002444711780186e-03
-5.292062862625857012e-02
1.456014439557626328e-02
6.118967326264426396e-03
5.280678175457716172e-02
-1.540266657021731669e-02
5.194271109118952026e-03
5.260153713624240307e-02
1.401240830548198223e-02
5.800401593724127322e-03
-5.536525129999578937e-02
-2.083331486478473202e-02
5.416766625330979648e-03
-5.537910429313834537e-02
2.008943456185472570e-02
5.802304876487075942e-03
5.536709475880575299e-02
-2.082326762433709885e-02
5.381338495725823505e-03
5.533257056250850958e-02
2.014266814875288400e-02
6.212930220803447763e-03
-5.907374841258268561e-02
-2.729248190957645967e-02
5.705516917405440563e-03
-5.906775961385970358e-02
2.660957889888136349e-02
6.205410262439947124e-03
5.906813507786541628e-02
-2.728574818325793863e-02
5.985781591239629218e-03
5.936564140229148856e-02
2.720584849898748450e-02
7.553667366355703607e-03
-6.419426412034714979e-02
-3.491020126933936513e-02
5.592085180250803977e-03
-6.441752788316830458e-02
3.441838440207484889e-02
7.060782771822563149e-03
6.369079073855435369e-02
-3.413865050237693821e-02
5.412103922038840817e-03
6.430869823468506052e-02
3.429100995149968883e-02
7.365058973102450897e-03
-6.971043948964103509e-02
-4.177266688093414504e-02
6.626239309021487132e-03
-6.966590673005498835e-02
4.122591135541020524e-02
7.357087173447265233e-03
6.970136077559321852e-02
-4.176244444379297038e-02
6.589688389633254276e-03
6.965711317430810234e-02
4.125328679498792978e-02
8.084734993611010848e-03
-7.680165656441843847e-02
-5.007646560376424749e-02
7.287145806753718598e-03
-7.676716731921513770e-02
4.958955533687377237e-02
8.082833044110965953e-03
7.680646665505472259e-02
-5.004220625037118092e-02
7.231616827477600935e-03
7.675376957320849403e-02
4.960820118318742811e-02
1.538856751325453145e-02
-4.774764567191405046e-02
-3.142299792845472308e-03
1.533131522793694003e-02
-4.775873943935294436e-02
2.502024797923548243e-03
1.536457047818495444e-02
4.773110737805662945e-02
-3.113767515258086989e-03
1.530345259242403208e-02
4.772978363217453279e-02
2.535508665662851782e-03
1.570711384921292392e-02
-4.859540499171694644e-02
-8.838926400122357543e-03
1.553988662159502127e-02
-4.859790628911324351e-02
8.215168551095611976e-03
1.569164507912527637e-02
4.859229305427484324e-02
-8.818454814257137286e-03
1.550488476239068707e-02
4.856370888574453731e-02
8.250649730148280903e-03
1.631089308767677548e-02
-5.032548925174191307e-02
-1.468196806101734579e-02
1.601833193197235022e-02
-5.030166220832132939e-02
1.408775609562378829e-02
1.629533898848694110e-02
5.030491256885642748e-02
-1.467093513784017977e-02
1.598784213778484120e-02
5.027678259562028823e-02
1.412626393452023031e-02
1.717722838942109878e-02
-5.292889327612694539e-02
-2.078542926987506784e-02
1.677354292016201495e-02
-5.290900642648245500e-02
2.023188380375099196e-02
1.777694556015848790e-02
5.310300563696258858e-02
-2.148376211696796309e-02
1.674526415569586521e-02
5.288692278878424913e-02
2.027267077884485277e-02
1.906796290607627731e-02
-5.665397943591525542e-02
-2.792200002976489084e-02
1.738425999332150404e-02
-5.700229905596775060e-02
2.739928034374494725e-02
1.778241172175359930e-02
5.726105790541526075e-02
-2.822913808123188317e-02
1.780089302783248797e-02
5.641681668187292081e-02
2.679842473147023285e-02
1.937388653550565359e-02
-6.212476307332823883e-02
-3.544843235733541320e-02
1.904488329293682614e-02
-6.162507018697338523e-02
3.449928911143483601e-02
2.016287848012115330e-02
6.199693463866234183e-02
-3.551251669498274588e-02
1.918002331445288478e-02
6.096197736461968220e-02
3.379464572905490488e-02
2.213588223148557979e-02
-6.693840298358265384e-02
-4.227744777027125922e-02
2.095217142564597887e-02
-6.661408393045795129e-02
4.138079018526445024e-02
2.167821679746172875e-02
6.662885319399788897e-02
-4.175180784846153903e-02
2.114070247856751975e-02
6.541463169870614935e-02
4.016192446288290724e-02
2.387831240381089321e-02
-7.343402733205180166e-02
-5.004904984942037255e-02
2.307044098308598523e-02
-7.340743218811737747e-02
4.975403988182617449e-02
2.387630190076032652e-02
7.342806122456949081e-02
-5.005424620144559994e-02
2.301917531595203473e-02
7.338134527688131015e-02
4.979426221335839925e-02
2.494847173066320686e-02
-4.344122951962167689e-02
-3.068091268589427396e-03
2.489943144711028594e-02
-4.344623268141481476e-02
2.590919358188408742e-03
2.493477357222479915e-02
4.344162195859700704e-02
-3.039699597287695305e-03
2.487021452259174231e-02
4.342837716041427626e-02
2.625276326858041673e-03
2.544169862893321671e-02
-4.422550865405443232e-02
-8.769586658518171637e-03
2.570919042771593194e-02
-4.392119476293877833e-02
8.381002161400545949e-03
2.539086851076098952e-02
4.445818239071171185e-02
-9.379700923005048624e-03
2.489766672906944256e-02
4.436500868367397599e-02
8.396404893417789075e-03
2.638419794586402758e-02
-4.579257232308027448e-02
-1.462477153403523959e-02
2.609133975653595006e-02
-4.578063215939598418e-02
1.419794465099335004e-02
2.638089048855392360e-02
4.578794136244857677e-02
-1.460698030932938186e-02
2.606250713399379734e-02
4.576091593158905513e-02
1.423521371350054861e-02
2.778748174890004544e-02
-4.817080141540074079e-02
-2.073323897500515406e-02
2.737403245736462140e-02
-4.814982891994148279e-02
2.035234742052833765e-02
2.778685922803330113e-02
4.817037118992992945e-02
-2.071278291691842910e-02
2.735110378713487972e-02
4.813463841734469395e-02
2.039194166056757657e-02
2.968477305051322318e-02
-5.140749431325848662e-02
-2.719957043805461619e-02
2.914374376982219531e-02
-5.137607642249002182e-02
2.687977754305008807e-02
2.967523232953574869e-02
5.140250367639885576e-02
-2.718474788521517763e-02
2.912284723064956574e-02
5.135858089839882845e-02
2.692737019124147660e-02
3.208779569446339186e-02
-5.554375641909374550e-02
-3.416175164619425497e-02
3.145602860845019000e-02
-5.552489981074846398e-02
3.389199103596743368e-02
3.207881614697689898e-02
5.553995431208991890e-02
-3.414362091817976785e-02
3.156828554248472529e-02
5.549994705584521126e-02
3.407606576011301680e-02
3.341332708615222385e-02
-3.725777268213559257e-02
-2.985642036086081329e-03
3.297662251154482443e-02
-3.762551747881577591e-02
3.142743709378266991e-03
3.339401007171841074e-02
3.726092657586432821e-02
-2.964954050421323914e-03
3.294254871326814799e-02
3.761088949462335768e-02
3.170992867639185839e-03
3.407894714397080582e-02
-3.794107691321246117e-02
-8.698123754729532656e-03
3.388709187192060629e-02
-3.792971458802774087e-02
8.408925356463689549e-03
3.404796015295544209e-02
3.792229577848754696e-02
-8.687853355465279329e-03
3.385034797133811696e-02
3.791004559888025427e-02
8.440078521203790360e-03
3.501813623028428302e-02
-6.039811473242003709e-02
-4.142614261280318233e-02
3.432154375362278520e-02
-6.065570490784701757e-02
4.152947813011328287e-02
3.503547519607608934e-02
6.066258099946398447e-02
-4.171787646106851072e-02
3.427116687586399812e-02
6.060217373531151530e-02
4.159801941435319755e-02
3.482022370621121882e-02
-3.977324715157800478e-02
-1.480587463100421254e-02
3.501102035790721462e-02
-3.926665645787086323e-02
1.429843341261092388e-02
3.530010268781895444e-02
3.926733211165264054e-02
-1.454994682827091129e-02
3.445401524634264523e-02
3.960565572463502215e-02
1.424380279564480337e-02
3.708664560242848351e-02
-4.192671055305385863e-02
-2.144556801711086994e-02
3.675674377652882879e-02
-4.129630896009031660e-02
2.045689592871912862e-02
3.718107690685355099e-02
4.131927556148769221e-02
-2.066219610398475903e-02
3.687047771863132678e-02
4.144523954222444767e-02
2.086077540048544496e-02
3.862825754807934497e-02
-6.685880458313897545e-02
-5.004650919558397554e-02
3.780615387903378533e-02
-6.685010023117755884e-02
4.991280357077090141e-02
3.862222743752741910e-02
6.685408969054124073e-02
-5.003167486764705657e-02
3.847575298677056999e-02
6.625532290803738678e-02
5.000116091275728231e-02
3.994501509624073105e-02
-4.477740018435779484e-02
-2.818136467891169811e-02
3.916684736913736420e-02
-4.406925580466631437e-02
2.699135557720724540e-02
3.969691882694199869e-02
4.408617322631322444e-02
-2.714763707293477157e-02
3.914286270086092534e-02
4.406663148831776317e-02
2.704375676602462780e-02
4.041508969863870371e-02
-2.946289628225150919e-02
-2.937186867134316658e-03
4.059467554406204215e-02
-2.933140183295814343e-02
3.747677906511263229e-03
4.055355933384039574e-02
2.915213585517149875e-02
-2.462708050601275424e-03
4.074132949705946971e-02
2.896227705453122830e-02
3.586881355060314146e-03
4.119280289748544072e-02
-2.998854551722663839e-02
-8.665161520194969783e-03
4.100105428718408412e-02
-2.998099742779755661e-02
8.482948439240866473e-03
4.116830828666048769e-02
2.999281920484687947e-02
-8.629448617493594084e-03
4.097304410337169328e-02
2.997598157876203706e-02
8.512305366101671072e-03
4.295520947109639914e-02
-3.061487383029217260e-02
-1.453264820828818922e-02
4.238074967569548795e-02
-3.103938383799018444e-02
1.438603959029694825e-02
4.267755943586145490e-02
3.104062773649302748e-02
-1.450246866847211720e-02
4.252583613306203797e-02
3.075011669226847960e-02
1.441669482427521305e-02
4.291512264252503317e-02
-4.764499480390340519e-02
-3.413461346545208774e-02
4.228502564930267105e-02
-4.763022489670859505e-02
3.401751766380296110e-02
4.290936186009920023e-02
4.764426005001462516e-02
-3.411354459007764212e-02
4.340210920481384765e-02
4.770495149647184518e-02
3.530306048692372772e-02
4.493853020053825698e-02
-3.266720569409292674e-02
-2.065799727549471818e-02
4.483243327673964301e-02
-3.250534735455779672e-02
2.091988348313180909e-02
4.507609339824554529e-02
3.281464711108444954e-02
-2.099124733795852335e-02
4.449256079498736804e-02
3.265090952038721822e-02
2.058743010584565894e-02
4.577825903805353425e-02
-1.993714387185597722e-02
-2.489576354078634323e-03
4.537536487851093203e-02
-2.091777687412270034e-02
3.514126300107830742e-03
4.561015483008161453e-02
2.037903122781310403e-02
-2.873415457168594471e-03
4.566945876516590591e-02
2.038010632306415035e-02
3.660242370330002090e-03
4.650634908119029992e-02
-2.074581596039223527e-02
-8.627528723287142612e-03
4.631449363326743673e-02
-2.073606721153720134e-02
8.538853118427202835e-03
4.649779215650196723e-02
2.074989803058068655e-02
-8.603126261931274416e-03
4.629338678640662619e-02
2.074006154089635956e-02
8.558486068115397569e-03
4.688177488120617159e-02
-5.204210078276845508e-02
-4.170522730354628282e-02
4.615560149222751318e-02
-5.203028440599877930e-02
4.166462072070332978e-02
4.737059161095228538e-02
5.219536824548397236e-02
-4.224401542074314453e-02
4.610405880493712721e-02
5.199249969293558149e-02
4.174003975231397462e-02
4.798320102031707057e-02
-3.486699767814428058e-02
-2.714363739197542258e-02
4.744028318133833300e-02
-3.484715250068909365e-02
2.709327257001708025e-02
4.797025373609934557e-02
3.485963626823957578e-02
-2.711648045356548214e-02
4.742405525140937217e-02
3.484317998717181147e-02
2.713772621732229995e-02
4.775932437025411786e-02
-2.202536700009089660e-02
-1.410244520096201604e-02
4.789167210332322816e-02
-2.147379736304045467e-02
1.444875847465108137e-02
4.812076049593082272e-02
2.165962880319930589e-02
-1.454589547467262899e-02
4.787138375333770818e-02
2.147896594515275384e-02
1.446669054409759417e-02
4.885988056141724739e-02
-1.041490468092748194e-02
-2.866826680793499536e-03
4.878660753305256309e-02
-1.040666279083626508e-02
2.829227604362116906e-03
4.885133567351392786e-02
1.042260187302693555e-02
-2.858897394716190289e-03
4.893217439042914230e-02
9.926957611409176901e-03
3.573398845041238572e-03
4.978437343855773856e-02
-1.059977399511560954e-02
-8.597378037190574543e-03
4.948686270219897904e-02
-1.091262241657288065e-02
8.581366483280268229e-03
4.969204720805411868e-02
1.096724057748560931e-02
-8.656525250558450707e-03
4.940256564996478583e-02
1.121093616747639507e-02
8.644229324827336705e-03
5.000771234877683658e-02
-1.205058120841059233e-05
-3.202931569305334219e-03
4.987397560597897628e-02
2.832298180584408833e-06
2.838330623674778508e-03
5.057354165368831839e-02
-2.179691090550923624e-02
-1.975589065058447683e-02
5.030516727893247220e-02
-2.258597221968232024e-02
2.062183618933854240e-02
5.071601554291638170e-02
2.258813932515071898e-02
-2.060343391816787939e-02
5.028975696790802252e-02
2.259228377616310027e-02
2.064487461980698060e-02
5.083161441857568519e-02
4.849972896735715660e-04
-8.524470348875006279e-03
5.070223551590494204e-02
6.185094008366381294e-06
8.589897432990966850e-03
5.166111332809637802e-02
-5.735876529819576575e-02
-5.002826548817650154e-02
5.085163526329538469e-02
-5.735187633221249665e-02
5.006370424993450419e-02
5.164824503224880320e-02
5.735143798272226978e-02
-5.001305848122478137e-02
5.079083284568608470e-02
5.730036699000313344e-02
5.014953444086742151e-02
5.161212347346247342e-02
-1.097864451389290140e-02
-1.446851132340322595e-02
5.136379226820517868e-02
-1.143426634091120921e-02
1.500029188094737648e-02
5.169687693370650372e-02
1.033020683747536833e-02
-1.451886999054595451e-02
5.128066622322176998e-02
1.098040308863482487e-02
1.449588168179700987e-02
5.183586560287811729e-02
-3.848013558785438881e-02
-3.476392603414912158e-02
5.106788106475040195e-02
-3.754861276509216528e-02
3.384435584956413390e-02
5.179884488673243415e-02
3.739227259911333257e-02
-3.381175997114258674e-02
5.131164822105883233e-02
3.868586931846004079e-02
3.520185580122748431e-02
5.275620855710524970e-02
1.928090274307217870e-04
-1.449738272594921183e-02
5.239081811240779707e-02
-2.118451455319882366e-04
1.442034721413085023e-02
5.417459440236329499e-02
-2.412526115330953375e-02
-2.712465690414914143e-02
5.362082205333725676e-02
-2.410891773796049881e-02
2.717231502348356129e-02
5.415688713940937371e-02
2.412248330897375295e-02
-2.709604196145079871e-02
5.361222208564305619e-02
2.411080728251447855e-02
2.720028784072146127e-02
5.430728285458336080e-02
-1.154481412206882253e-02
-2.060912358734020774e-02
5.388801349359821635e-02
-1.153991289966106726e-02
2.066759485354050657e-02
5.430089920445427959e-02
1.154665620843664357e-02
-2.059601534001738107e-02
5.387317489017101613e-02
1.154992497187485277e-02
2.067771695983440863e-02
5.559555575990549753e-02
1.610956986070073070e-06
-2.072532088691798197e-02
5.509438919878832663e-02
5.183542773116164269e-06
2.068474595224735826e-02
5.663902545400330280e-02
-4.113782010942836770e-02
-4.165291369331131088e-02
5.592099080125626648e-02
-4.114063981430755162e-02
4.178577455894906534e-02
5.542232120707481918e-02
4.120669426735366903e-02
-4.052973852088785633e-02
5.588089082710643446e-02
4.111670507203914887e-02
4.185133436333133422e-02
5.800220007167179725e-02
-1.233049766434171982e-02
-2.709908773324177719e-02
5.722645514277269890e-02
-1.287612908720768209e-02
2.714605843884601924e-02
5.801378343679947092e-02
1.164068411251011591e-02
-2.701093295162084254e-02
5.721835356831923153e-02
1.288035958101152977e-02
2.715966989148099406e-02
5.894534005511779112e-02
-2.556101022128632119e-02
-3.435287035836046693e-02
5.815898170449677190e-02
-2.616642851530643146e-02
3.458386275298772072e-02
5.838770188849795595e-02
2.595087149953617667e-02
-3.381555485551841767e-02
5.788516479234356860e-02
2.604750323666962103e-02
3.425341090413664552e-02
5.931050135039353521e-02
1.749556260213461386e-04
-2.714697857352090307e-02
5.874018465385521387e-02
2.712960555581213537e-06
2.724316133704399526e-02
6.245042505619286671e-02
-4.535945101359522419e-02
-5.001181599118419835e-02
6.162174857407682477e-02
-4.534999972739197499e-02
5.019997086551343524e-02
6.244318239456052994e-02
4.536236931072237799e-02
-5.000731645599739567e-02
6.157199722835864086e-02
4.531560695131354316e-02
5.027003359297353008e-02
6.269690771103599014e-02
-1.331783798218430688e-02
-3.406771381896844808e-02
6.202974057103750882e-02
-1.332020842913447453e-02
3.427243401631861058e-02
6.267255184791491185e-02
1.332441191370246913e-02
-3.406851348661345258e-02
6.202021281326102614e-02
1.331368452883418749e-02
3.429186986175721680e-02
6.397293191138901658e-02
-2.847386260976069935e-02
-4.167935510350119499e-02
6.321284256269109336e-02
-2.846226232467413686e-02
4.187958892124440252e-02
6.397173260601909939e-02
2.847501993400394435e-02
-4.166798764851585568e-02
6.319195258812770888e-02
2.845063258514425944e-02
4.192531102996964465e-02
6.385095323669645606e-02
3.171375651952361495e-04
-3.378364911884552263e-02
6.342380843215032760e-02
-2.601846277226899231e-06
3.429583871812449253e-02
6.848259314969348810e-02
-1.454613402227688396e-02
-4.166534496971281698e-02
6.772218736838429842e-02
-1.455016532822927915e-02
4.194519065537136854e-02
6.848893586948941181e-02
1.455348002812663528e-02
-4.165519433928693838e-02
6.771244647572387254e-02
1.453777704616466236e-02
4.196627947359008598e-02
7.001730315142973282e-02
1.446435941009646720e-06
-4.166062455956047461e-02
6.822411451184190456e-02
-4.347317474109333238e-04
4.069224305841607353e-02
7.050970685936353011e-02
-3.138493805381618873e-02
-5.000768265284805808e-02
6.966022581207091668e-02
-3.137451470729134273e-02
5.030080182667115429e-02
7.050984302171806051e-02
3.138598483455545124e-02
-5.000113882911148833e-02
6.963053586635851999e-02
3.135472508591990309e-02
5.035209656012744339e-02
7.548773073648479270e-02
-1.603963351082381486e-02
-4.999773879386153197e-02
7.442716964602492935e-02
-1.665396851278403562e-02
5.037241085815063329e-02
7.548125284794095224e-02
1.604398258647843703e-02
-4.999913512228865847e-02
7.461407333961184163e-02
1.602120870732261226e-02
5.039908888041932933e-02
7.710257138340911864e-02
-6.277701793580052697e-04
-5.000067024868364018e-02
7.629466554746686113e-02
-1.011614500517279398e-05
5.040637053019981356e-02
5.062576432623181258e-03
-7.860585998260375198e-03
-6.265541063044675722e-03
-1.805481344951545553e-02
-2.847377926535471070e-03
1.396066603338420864e-02
-2.227428958274227724e-02
-2.926608004206168105e-04
-3.190369042936731792e-02
-2.393089768548802357e-02
-3.295760162254506714e-02
-1.077729025257105275e-02
-2.449503608990725653e-02
3.171193340515834902e-02
-1.116457565834965901e-02
2.404395138755038852e-02
3.190537783684058160e-02
-1.152567969260018081e-02
-1.313774914646421640e-02
-2.064576933378592383e-02
-4.391661982789172788e-03
2.892829880266204953e-02
-7.875977336098252679e-03
1.928347014355479352e-02
1.861621705981687802e-02
-1.826744921183822909e-02
2.804920036979984682e-02
5.042560017205963835e-03
-4.484086340081758215e-02
-3.472246192537288556e-02
-2.042638332351906852e-02
-2.248992318559126999e-02
-2.551351617880041889e-02
-4.471922133740380279e-02
-3.337994634782219527e-02
-4.020118173852113563e-02
-4.414095970448555367e-02
-1.429684109596742782e-02
2.538754381937945170e-02
-5.049066924526821043e-02
-1.911503389892182242e-02
3.818932071732668299e-02
-5.414160290069962994e-02
3.772085465388704678e-03
-3.828397891958729149e-02
-4.662735086785223942e-02
-8.142319117587844702e-04
-2.734831471627612032e-02
-4.666942707337456975e-02
2.172146544874380223e-03
2.338779034572863527e-02
-5.426524289578109339e-02
1.979874408142708823e-03
3.719762993465136613e-02
-4.919499645158884743e-02
2.116090513110666788e-02
-3.906420726464156223e-02
-4.285173781536195936e-02
1.438887375026920955e-02
-2.783449392205280745e-02
-5.189900473801223324e-02
1.875915137301239002e-02
3.730238153557601660e-02
-4.802219756973723913e-02
3.435673596730984269e-02
3.940314265759510548e-02
-1.424071311109951186e-02
4.172542992018966196e-02
-2.612295372550979891e-02
-3.333648910576605257e-02
-4.530367860770780769e-02
-4.076046127435763861e-02
-3.269290704876003095e-02
-4.569995795586499071e-02
3.920300392151846586e-02
-2.889316196341853993e-02
-3.363060955129722196e-02
-3.750571653509025827e-02
-3.124313574054547044e-02
-3.391429032282751443e-02
-2.465179107815001699e-02
-3.322023322057422040e-02
-3.071343345677523054e-02
2.277816103679257756e-02
-3.668199207527227113e-02
-3.277085503827364271e-02
3.581855639539180403e-02
-4.131299130110446111e-02
-1.811788353055994102e-02
-2.797594181224857812e-02
-3.585655463877225613e-02
-1.664330377586315315e-02
-1.155476999708656555e-02
-3.443574728996113415e-02
-1.999257542414285133e-02
6.381506505774214508e-03
-3.167439451924863869e-02
-1.442046429251954767e-02
3.529016969453778463e-02
-3.881809198962178631e-02
5.435208545507622981e-03
-1.128215810543048425e-02
-3.948082995157821407e-02
1.206469074510597506e-03
7.228233819856995368e-03
-3.086266489946040692e-02
-5.390243815414012644e-04
2.396711800534751663e-02
-3.906784943370540664e-02
-2.809323488534880807e-03
3.479800071831181535e-02
-3.284551591612298871e-02
1.699092826478227486e-02
-3.792992850835029406e-02
-3.442999301016845537e-02
2.067889214318231750e-02
3.747890426737157579e-03
-4.013988452840018539e-02
1.878286211781986931e-02
2.321537896060676606e-02
-3.636209327819012876e-02
1.380533244931651457e-02
3.790557685196465493e-02
-3.664085023460243035e-02
3.661888496703864793e-02
-3.863386041064167248e-02
-3.209017977985307440e-02
3.179932028808599848e-02
-2.635928498228767153e-02
-3.068780941021474404e-02
3.435295094031145385e-02
2.292141004564740570e-02
-3.680704945665800448e-02
3.258290808316817444e-02
3.626752477181085371e-02
-3.167202830447463785e-02
4.570486776993041428e-02
3.750714704580664083e-02
-1.710818074912929740e-02
-5.092753636795073480e-02
-3.946232935753735821e-02
-1.696745807547731660e-02
-5.273549893615799011e-02
3.843013213490993618e-02
-1.813813024947194194e-02
-3.576646898662402818e-02
6.547200203460735654e-03
-1.690023814579567213e-02
-3.998968778728802242e-02
2.505160753478040750e-02
-2.192495480114834208e-02
-1.778220527687336336e-02
2.048090482065234932e-02
-1.750411565545125989e-02
-2.252809729837620609e-02
3.618766845831634243e-02
-1.505336418700217206e-02
-1.752271567920036426e-03
-7.389224104403262737e-03
-1.732776645329659956e-02
-1.188424784333207097e-03
3.404392765426821760e-02
-1.818108397450249672e-02
1.912177983109333498e-02
-3.847558598614921055e-02
-1.811045873746220183e-02
1.734803480251265878e-02
-2.058303168975075120e-02
-1.646469736074133647e-02
1.873115205593728697e-02
6.247292381050673429e-03
-1.647914056992306683e-02
1.825670160293633645e-02
2.390435668848387915e-02
-1.724015230105324994e-02
1.703683030087883507e-02
3.744977588288087023e-02
-1.826838536787303915e-02
3.640888883408397586e-02
6.367272755765416604e-03
-1.480013919047641451e-02
4.294952398197062621e-02
2.272207773743481485e-02
-1.894939339346623022e-02
3.569524221280707954e-02
3.614519993564786066e-02
-1.730448795306005136e-02
4.999536159075478742e-02
-3.894958915440752123e-02
-1.868240984224569037e-02
5.217801921851068780e-02
3.808420187240908750e-02
5.239545213601624852e-04
-4.677299753495025442e-02
2.543765901382413416e-02
5.093531930479177532e-04
-5.216942505084218307e-02
3.811293350577575623e-02
-1.092977360847233181e-02
-4.165609517503887638e-02
-2.576800329148437596e-02
1.487151368588327752e-03
-3.837412043297497299e-02
-7.678159721082698265e-03
-9.675383799927989373e-04
-3.357673411839215416e-02
3.434631634989552401e-02
-2.620808582365582486e-03
-1.577375064727148946e-02
-2.961588775993892475e-02
-1.406160392910327044e-04
-3.992140997907388245e-02
1.255091983913291485e-02
-2.539603077711414321e-04
3.690880311949302876e-03
-2.673383158956844571e-02
-1.565277830214509454e-03
2.073388148297341388e-02
-3.421189370642763183e-02
7.351600034182306960e-03
1.465806447766043220e-02
-4.887461864110318951e-03
1.870230020797558190e-03
1.374079191734752133e-02
1.720716023012808238e-02
2.010690067343587611e-03
1.785090131119668189e-02
3.734015122551594817e-02
-6.530346470594051165e-04
3.853544702001844569e-02
-9.519913432466792919e-03
-9.382036660129766236e-04
4.039671810434926347e-02
1.946642996284241034e-02
-2.073194222360164995e-03
3.241672871064481959e-02
3.512145955501803224e-02
5.843127745169413847e-04
5.448881974774103659e-02
-3.933506673729678105e-02
3.259770412245481617e-03
4.580780128042469951e-02
-2.846781144027845517e-02
-8.851076459718684383e-04
4.942350565955996866e-02
3.359242357026707287e-02
1.776561959979091471e-02
-3.729938270606216605e-02
-2.068916942750185367e-02
1.743524548574127905e-02
-3.557620254560629053e-02
6.452653650814499549e-03
2.146957585926409159e-02
-3.676601891010977674e-02
2.301876088896811362e-02
1.582199301892934715e-02
-4.264150444002497847e-02
3.732289000439686227e-02
1.860911229624199331e-02
-1.676926478842396401e-02
-2.376834341229645473e-02
1.980446298767961702e-02
-2.217873492334604402e-02
-4.509698977201881398e-03
1.857126051077969547e-02
-4.813339463888315810e-04
-3.602948957319637019e-02
1.403682082960638899e-02
-9.004910027326373670e-04
-1.951312529389067144e-02
1.980869686381281358e-02
4.374526882462058397e-03
1.153447489540536559e-02
1.752771521990678649e-02
-1.737421621710082348e-04
3.310809466935691475e-02
1.835601754441189282e-02
1.708784947629385723e-02
-3.846034054668220903e-02
1.430337936250643087e-02
1.579157072520666338e-02
-2.255020017276574903e-02
2.168781349283658427e-02
1.748125900077283218e-02
3.367816485150099820e-02
1.811993844488968622e-02
3.888953387302190173e-02
-2.561620207409685129e-02
1.619365559642488642e-02
3.611693746458201348e-02
6.700388078424353647e-03
1.576648960410916012e-02
3.814570414096905143e-02
2.663847036113360309e-02
3.244125161059231710e-02
-3.533219772917181589e-02
-2.762883047336136058e-02
3.227026752023092609e-02
-4.068347830898291079e-02
3.890418534220194818e-02
3.801284107634343712e-02
-1.795772047211310549e-02
-3.659174470319438016e-02
4.055378602616964423e-02
-1.806882112666004236e-02
-2.328478187145381628e-02
3.522153537420261160e-02
-2.043901550091120622e-02
-1.043599726741763038e-02
3.382163771116428880e-02
-2.186179410106519130e-02
7.321418190287097387e-03
3.813024267164782238e-02
-2.108519938227332302e-02
2.783812672228488938e-02
3.478128520461137851e-02
-1.189136229807481130e-03
-3.956153797514004589e-02
2.983530079584438902e-02
-2.174956934639775321e-03
-2.563240633528846360e-02
3.670024075558682430e-02
3.127079862333557482e-03
-1.078122646050593686e-02
3.926743318485075712e-02
-1.982375117644112096e-03
6.622419346182793418e-03
4.313752517781805490e-02
5.809081704422973088e-04
2.503013316368396871e-02
3.650511737156943853e-02
1.398282230101047588e-02
-3.982681987321604056e-02
3.855057135876099883e-02
1.779855132452846586e-02
-2.462901030358254084e-02
3.401026447391396895e-02
1.873005998872795050e-02
5.107584162168686548e-03
3.933355732507547858e-02
1.811800531470895634e-02
2.612338484164780997e-02
3.154617238343771640e-02
3.607348571098240725e-02
-3.640299302563000661e-02
3.133332212361503166e-02
3.485344180632285460e-02
2.334388288242442155e-02
3.348051210263404409e-02
3.563114502652900417e-02
3.678974307091571055e-02
4.497416645225565945e-02
-3.301857319993042883e-02
3.880140135915796651e-02
5.270720073113992904e-02
1.761753954099788341e-03
-3.865497221857662480e-02
4.589121434227897561e-02
-6.512686050226550085e-04
-2.507755696359540223e-02
5.140243057361145590e-02
1.813952936761506485e-02
-3.743850076841822444e-02
-4.836690631091290814e-04
3.654409248917193237e-02
5.755639804062533463e-03
4.663886878945373848e-02
3.067437738701941918e-02
-3.977193829922472806e-02
-5.701846543690965857e-02
3.054595193856263907e-02
4.851753128151385652e-02
-5.161401958323634520e-02
4.275109797515620064e-02
4.866065613777559307e-02
-2.418734008974502553e-02
1.236426959209185709e-02
4.850333523200188457e-02
-3.932218110254271509e-02
2.824785198989975335e-02
4.869974995496215153e-02
-3.780773640215131376e-02
4.337009572547771696e-02
4.884230152254859236e-02
-2.557897774840597188e-02
4.276517981649854278e-02
4.897961997436919152e-02
-1.786768932934176823e-02
3.364934070943352562e-02
4.897051672843266701e-02
3.546504440927545146e-03
6.325577470897250643e-02
-5.012688318503440849e-02
1.420164528724303377e-02
2.499866553924445789e-02
-5.022970129304746290e-02
1.691666803172361608e-02
5.041111700949047619e-02
-5.015528264924307839e-02
4.594126791555538936e-02
5.016963635506031111e-02
-5.003216713551331130e-02
2.514045620251261631e-02
5.649518530673486999e-03
-5.017271715494990569e-02
3.377929429420727103e-02
1.680114123727161415e-02
-5.010995850589339967e-02
3.476105475352287560e-02
4.643139114551102231e-02
-5.007025722807334489e-02
4.802648613172412484e-02
3.466913781642398662e-02
-5.003147591332050836e-02
2.224432249398374667e-02
1.838544224751287315e-02
4.960889939017764511e-02
1.512635446078486670e-02
3.360938032965490874e-02
4.954156618424405273e-02
1.598867465855972544e-02
5.036239378252938687e-02
4.964694782171791970e-02
3.444389778177903844e-02
4.032329528343124581e-02
4.988746761850814532e-02
-2.391088731807334417e-02
2.810280637667628492e-02
-5.033549307783150017e-02
-3.731451684552927056e-02
4.635244207092163726e-02
-5.026618423898134014e-02
-1.107450983335433667e-02
1.619388557834734385e-02
-5.035730772663799676e-02
-3.425711042677907769e-03
3.614500755228251816e-02
-5.026223201022568532e-02
-1.456003286926801574e-02
5.450532066559918287e-02
-5.023121631799416092e-02
-3.135272441164011631e-02
-5.406365093046130998e-02
4.898556920725431751e-02
-1.313846039921276465e-02
-6.836080524546256365e-02
4.931893245506494688e-02
-4.293001000047651401e-03
-5.952997765519518758e-02
4.939298112726971807e-02
-1.836145005184281961e-02
-5.482566363220967021e-02
4.917173907460262172e-02
-1.788910441240858240e-02
-3.787090863728396345e-02
4.905347003413466911e-02
-4.073650663160608733e-03
-2.252095558023508443e-02
4.906282000343961669e-02
-2.008695581434991745e-02
-1.100261712362326019e-02
4.850708902866983363e-02
1.570060155482030538e-03
-1.703327497217096628e-02
1.914855054755693065e-02
-2.574308830072911253e-02
5.632899580695020780e-02
4.907537594194773256e-02
-5.277927971323220779e-02
-1.780117762770595108e-02
-5.041033797740382405e-02
-3.773299645720712414e-02
-3.445621676695852231e-02
-5.034465323237148626e-02
-2.067070290032618080e-02
-1.625147328613676945e-02
-5.041098084320218276e-02
-1.641198323113880406e-02
2.164455285324236485e-03
-5.039651537232521517e-02
1.746793098134786766e-04
-5.715015559163001690e-02
-5.016568648420841742e-02
4.324672539188465387e-05
-3.364871970641895860e-02
-5.028108350231971779e-02
1.692166786495605604e-02
-5.042129039242277538e-02
-5.014303914765149556e-02
1.998609479554415425e-02
-3.074289135248999688e-02
-5.017825611190206148e-02
1.262177673594667981e-02
-1.671147242583006717e-02
-5.027616471793080327e-02
3.076387111870173760e-02
3.018872440968933379e-04
4.978576843961059900e-02
4.969244699589842745e-02
-2.073384856861353859e-05
5.003770258198297904e-02
4.974452850021832823e-02
1.921452356153488875e-02
5.006094749224111740e-02
-1.288746369704276697e-04
1.618518437514267216e-02
4.907685490418952495e-02
-9.258020635796497750e-04
3.360113228596329354e-02
4.927222287676326362e-02
-7.271134237920295722e-03
5.433791786558962028e-02
4.933304887572078495e-02
2.312565422623305209e-02
-6.485735502528238924e-03
-5.019494140656997894e-02
3.435177306168891304e-02
-3.969736533242778503e-02
-5.009575949128171335e-02
3.377055535365727085e-02
-1.680077406592278208e-02
-5.011318431657949685e-02
5.216156176568439301e-02
-3.608122688567928782e-02
-5.003993179273463765e-02
3.287699369620340067e-02
-5.572684971432464301e-02
4.983172447464541410e-02
4.505031171131619605e-02
-4.307294434465790134e-02
4.997985017374383110e-02
1.634889263247868083e-02
-5.308488007089547100e-02
4.961466732726686757e-02
1.725845470371648038e-02
-2.124087925032439733e-02
4.953215319208199158e-02
2.937936611371099599e-02
-3.672370710726548249e-02
4.976151813056563927e-02
4.871023726594876646e-02
3.739197826228352756e-02
5.008425846661635622e-02
-6.041531879947439204e-02
-2.699135948420076925e-03
4.834785039938822165e-02
-3.637628060545021469e-02
-2.094338304488292668e-02
4.852453917969533348e-02
-3.493216383555396154e-02
-7.912868464208065039e-05
4.827817316792450825e-02
-6.227677544750539335e-02
1.778857081813126420e-02
4.835226257691400964e-02
-4.673155182821717157e-02
1.498081963578825303e-02
4.838721420247891342e-02
-3.448733276616876980e-02
-5.352938240987088758e-02
-5.022172035088130759e-02
-1.574345122128526647e-02
-5.460278999793873739e-02
-5.022404067837449998e-02
-1.943282069168949730e-02
-3.693163291951981342e-02
-5.031521457920948293e-02
1.154297090312474128e-02
-6.833647623230870716e-02
4.960870585092411883e-02
7.255804937643525569e-03
-3.856985023679075641e-02
4.945827697332284140e-02
-5.014211673529598429e-02
3.372437899170522418e-02
-5.026999508066948286e-02
-2.724332159696354200e-02
9.591453932115263231e-03
-5.037590604425506990e-02
-3.896286147532299765e-02
1.992666442332728660e-02
-5.035532054884897524e-02
4.332050848338270255e-02
6.609947522544700783e-03
-5.005614994461481809e-02
5.224303647567802439e-02
1.840902073312778928e-02
-5.002520545085124143e-02
6.297416887648722705e-02
7.667220393815604024e-03
-5.000560243471725147e-02
3.376183007351145349e-02
5.782511619141216505e-06
-5.010874030952147673e-02
4.293461139649153852e-02
-6.214667672262173120e-03
-5.006704744701302029e-02
5.178490275466783588e-02
-1.927644690823077794e-02
-5.004471867894615816e-02
-6.041954358887027116e-02
-2.299874207844831639e-02
4.847284949001610943e-02
-4.949575338585759932e-02
-3.552648373797210463e-02
4.863545586316094654e-02
-5.585686725538221292e-02
1.634183016461094110e-02
-5.032824139306705385e-02
-4.147315937038649480e-02
9.901524656026664505e-04
-5.044014134594936721e-02
4.970430282560189122e-02
-1.679612593779954491e-02
5.003377063771100725e-02
6.091275064334513573e-02
-5.694596904496464392e-03
-5.000857310575082537e-02
