-7.734478019744919775e-02
-3.153958947864214554e-05
-5.033155524944766396e-02
-7.894084131836927309e-02
1.294446061366463221e-03
4.709033378703899458e-02
-7.561102301712155360e-02
-1.609610269513015585e-02
-5.018409687873751773e-02
-7.693819528229550730e-02
-1.475011100404609136e-02
4.806988085712608078e-02
-7.564337166368891030e-02
1.604533152628361339e-02
-5.023964162106882292e-02
-7.756613940317466649e-02
1.739373060967050466e-02
4.608992326067679057e-02
-7.060769814109421616e-02
-3.149371082535562527e-02
-5.014095157609269049e-02
-7.180552944461661424e-02
-3.008396422025168271e-02
4.881527447281970578e-02
-7.066441180781236897e-02
3.144903834069281978e-02
-5.023998750272175989e-02
-7.285704551150808117e-02
3.295157409757766553e-02
4.510048134500820038e-02
-7.022594047013268337e-02
-6.003877117039778659e-05
-4.210952456034208757e-02
-7.159120621035906795e-02
9.438536899305182380e-04
3.900442615773703353e-02
-6.864025747673668798e-02
-1.468752815107084338e-02
-4.198649899415431846e-02
-6.979269011718548799e-02
-1.356013026622922973e-02
3.985575595668980342e-02
-6.868545868731559811e-02
1.453624597256322412e-02
-4.204465518083405629e-02
-6.948023618919424438e-02
1.616309313517749063e-02
3.727172133773629104e-02
-6.423757129512211450e-02
1.103179339766706418e-04
-3.450986110639230053e-02
-6.522628028586793802e-02
9.401133908205402262e-04
3.132958641126364074e-02
-6.403552509844465113e-02
-2.862431625162315668e-02
-4.193237474356407979e-02
-6.515839662734060345e-02
-2.743953697609720702e-02
4.050433747362026243e-02
-6.419147048578580095e-02
2.854726754439030831e-02
-4.204807800931560646e-02
-6.607777089968111528e-02
2.964313769623041703e-02
3.710761905416734563e-02
-6.284211869557884689e-02
-1.342933369701850531e-02
-3.455950533594005780e-02
-6.386448529126838303e-02
-1.267716461897174310e-02
3.235766250790972354e-02
-6.300741566394281457e-02
1.333133546046644767e-02
-3.459685768526219590e-02
-6.436481113459473213e-02
1.403583870921614081e-02
3.084794122373277561e-02
-6.247961694434773366e-02
-4.548377081611122696e-02
-5.011922597799848417e-02
-6.366387709489264302e-02
-4.406683249497749671e-02
4.936961783362717876e-02
-6.258433739519488059e-02
4.546586150257965475e-02
-5.019473295738580837e-02
-6.493697384575165821e-02
4.722772826569253402e-02
4.438231051492511070e-02
-5.964102220596809167e-02
4.052329699320783379e-04
-2.789183442460851578e-02
-6.049307621929365941e-02
4.682801899724363913e-04
2.488087273245226730e-02
-5.868563324790996433e-02
-2.620173427195589266e-02
-3.440146798465523736e-02
-5.981204730642375456e-02
-2.494903560840194476e-02
3.300461831287067327e-02
-5.883810595627925882e-02
2.617172603931946714e-02
-3.462708172540845258e-02
-6.058795951123559925e-02
2.682474367518060052e-02
3.030125484163763427e-02
-5.806097920496978287e-02
-1.170779167107975118e-02
-2.721760753875633251e-02
-5.914102092721392617e-02
-1.236011626194728069e-02
2.587488520405914136e-02
-5.830688821617480144e-02
1.233779437671951411e-02
-2.780467201008562581e-02
-5.948980695439314709e-02
1.208693361153605379e-02
2.421124742723936366e-02
-5.610105649404371203e-02
-4.086106877511060803e-02
-4.089021456798797027e-02
-5.776553885314780062e-02
-4.006856507382198368e-02
4.100910957050877409e-02
-5.635158633844893766e-02
4.015529791274356081e-02
-4.074601181971721636e-02
-5.919103185464152928e-02
4.236516391902762912e-02
3.678185386690761838e-02
-5.611760918186555619e-02
-3.772821320138211500e-05
-2.169439708647764170e-02
-5.664519158206712812e-02
3.196842298720969813e-04
1.872227630607663576e-02
-5.465315533417732657e-02
-1.165306050408480669e-02
-2.126127889597225623e-02
-5.525745290371469193e-02
-1.126533588065898456e-02
1.910162837131671940e-02
-5.476233012964853986e-02
1.158583090529905456e-02
-2.143611588805403173e-02
-5.549589762787269370e-02
1.190200388443789052e-02
1.804660087284627387e-02
-5.433479880445210575e-02
-2.421975730916919520e-02
-2.751703609120522559e-02
-5.512493563173210404e-02
-2.360217100615313868e-02
2.599531122626098228e-02
-5.445589369939810021e-02
2.420605008718903703e-02
-2.785677113039424641e-02
-5.551132150732926429e-02
2.478494850007137082e-02
2.367976800657784278e-02
-5.324681136216172228e-02
4.426799566844064125e-04
-1.573463517015445678e-02
-5.363550663766181864e-02
-5.681377816556927395e-05
1.267165891734349167e-02
-5.192528298035811729e-02
-3.783223180378155609e-02
-3.430167477920797320e-02
-5.282112572870694550e-02
-3.681744023369674240e-02
3.341909733504425800e-02
-5.207489067539999156e-02
3.783428320637839681e-02
-3.466692779514973788e-02
-5.358169573124929586e-02
3.889684783040040644e-02
2.959247888723621003e-02
-5.194799455494825136e-02
-1.106064937496470738e-02
-1.526216937208703384e-02
-5.237608631177165242e-02
-1.152146451084465339e-02
1.361997953246655776e-02
-5.209920827219053502e-02
1.149915210500789507e-02
-1.601074303609796926e-02
-5.266306761756085753e-02
1.152547775856100840e-02
1.270449423025580941e-02
-5.165549978193969410e-02
-5.742270379831561355e-02
-5.006524889846025728e-02
-5.284157967409731232e-02
-5.604153862821394799e-02
4.980626603386852785e-02
-5.173793363714954130e-02
5.747926717178662714e-02
-5.021768464963267953e-02
-5.397463870903596722e-02
5.935443770601384755e-02
4.452501848065445328e-02
-5.151557268668424672e-02
-4.527245661464238743e-05
-9.665199153066936916e-03
-5.175049461744288953e-02
-5.992588295940350161e-05
6.775595781273315715e-03
-5.134709334604584119e-02
-2.289712243963434521e-02
-2.176865487647357267e-02
-5.171626348962841957e-02
-2.277353741705376647e-02
2.026435131452160310e-02
-5.172655605302375892e-02
2.288616883082460543e-02
-2.245038027519330806e-02
-5.195391988333410149e-02
2.311661285239419508e-02
1.765534809652595169e-02
-5.065041533642822974e-02
9.595881347831698360e-06
-3.614808429095720498e-03
-5.089164303840864462e-02
-6.052566378441428261e-05
1.973585920877284072e-03
-5.034027696098020838e-02
-1.069828219418951336e-02
-9.471606937331284240e-03
-5.058664928509437608e-02
-1.054021524449707918e-02
7.367597300992216429e-03
-5.052883332303115954e-02
1.050984405991024426e-02
-9.849017817316191997e-03
-5.082192346694985180e-02
1.076640021719602915e-02
6.649377090777867580e-03
-4.949596480941291510e-02
-1.045592332780557326e-02
-3.852484316679059915e-03
-4.961219849469061804e-02
-1.041878344901947182e-02
1.733691529334425996e-03
-4.958375854247994152e-02
1.044644138783940371e-02
-4.296556028134417525e-03
-4.981950886950346075e-02
1.054759607069670480e-02
1.139353261577370725e-03
-4.849803590562064282e-02
-2.158715493784063577e-02
-1.506396491085185141e-02
-4.893266268349423520e-02
-2.126537633479202993e-02
1.347872802314748278e-02
-4.865614506721052668e-02
2.159480137922976939e-02
-1.562416004434449661e-02
-4.921587743386340169e-02
2.189017889854344423e-02
1.199413844292550151e-02
-4.809248503767783040e-02
-3.498225639299903239e-02
-2.739887732932648479e-02
-4.883342925927627171e-02
-3.425375492074701073e-02
2.642130544219425947e-02
-4.820127878817346417e-02
3.501849035363958224e-02
-2.785467947505649786e-02
-4.935977069447125554e-02
3.575887725634436382e-02
2.333026468535231296e-02
-4.686522735305759246e-02
-5.215924599206746282e-02
-4.175879355086940803e-02
-4.793923169468884693e-02
-5.092769808649133534e-02
4.142228654999714765e-02
-4.697004740911301518e-02
5.222707122987182982e-02
-4.205750043808993699e-02
-4.872920790771505944e-02
5.374980930909405846e-02
3.672221867940224371e-02
-4.694578009203521224e-02
-2.083496087363074026e-02
-9.245080930412393969e-03
-4.720580771612514770e-02
-2.065224444750242069e-02
7.663174888498343502e-03
-4.717651497880593486e-02
2.094957106472654026e-02
-9.917092973999909120e-03
-4.753839328976482148e-02
2.111549285246567403e-02
6.461838801834919772e-03
-4.616791734934729691e-02
-2.041947435393855551e-02
-3.585406612855538636e-03
-4.631063032871479690e-02
-2.038061295989225183e-02
1.995483482319043364e-03
-4.644168445533222028e-02
2.065492730920871767e-02
-3.951884827157043506e-03
-4.661296875386016642e-02
2.066171843180419215e-02
1.025533521653687174e-03
-4.512856927368414511e-02
-3.279196456183441216e-02
-2.095900984213137225e-02
-4.585056500466847679e-02
-3.276327491621048443e-02
2.075756698555163496e-02
-4.548462386495027987e-02
3.365913645519109931e-02
-2.257924048267124367e-02
-4.606407504695209792e-02
3.344844368320598615e-02
1.739989728752521642e-02
-4.292327290504897863e-02
-4.831837598200475203e-02
-3.478207185577977811e-02
-4.384859823501888187e-02
-4.676565791479274370e-02
3.378283977486485484e-02
-4.301955293717497908e-02
4.783222453065320151e-02
-3.465765359645663762e-02
-4.438568244846639171e-02
4.956451679643827934e-02
3.029864129353682101e-02
-4.293313693925986108e-02
-3.114694723884109395e-02
-1.489692591008529021e-02
-4.336116140898457760e-02
-3.076327744956610516e-02
1.379609120079367847e-02
-4.307213985844882131e-02
3.126093884194262873e-02
-1.563120531027200125e-02
-4.376905440855375501e-02
3.129056884898646224e-02
1.179199139052060363e-02
-4.155124208744621211e-02
-3.004922371375243900e-02
-9.061476865799410196e-03
-4.180117077715050922e-02
-2.982076547665723359e-02
7.951209271904395581e-03
-4.178558464362759628e-02
3.032416864659517527e-02
-9.936444556016214846e-03
-4.212769179462488855e-02
3.056752521058242120e-02
6.309430929400501424e-03
-4.087612539579866394e-02
-2.946269618311880834e-02
-3.382030686770788955e-03
-4.096566047355926915e-02
-2.940772702042677642e-02
2.257999311442398030e-03
-4.115225078294376670e-02
2.988334713704256934e-02
-4.429401864419429610e-03
-4.134093217251814945e-02
2.997710635801832668e-02
9.167538038300248639e-04
-3.973248520417876906e-02
-4.419048975265103818e-02
-2.728063407767255394e-02
-4.112837844891294170e-02
-4.346774137244718145e-02
2.751588249347101597e-02
-3.983696261251235687e-02
4.427607968173773167e-02
-2.782424161652759936e-02
-4.077296872911942427e-02
4.513301246278553919e-02
2.340939821745699478e-02
-3.855954877855669038e-02
-6.688238955744321701e-02
-5.005017244632344042e-02
-3.980887353147022356e-02
-6.554657098313748653e-02
5.017033336461041576e-02
-3.865336649192881863e-02
6.700546702360778151e-02
-5.029423240804473116e-02
-4.056893236356800408e-02
6.866199519433191512e-02
4.539200462591580498e-02
-3.700817032404716406e-02
-4.200893908239613367e-02
-2.141459457766245814e-02
-3.804806242489749968e-02
-4.093396977206757020e-02
2.065314714455893444e-02
-3.740621166614001292e-02
4.220624322218966690e-02
-2.224018181106625705e-02
-3.813543547091746699e-02
4.259083791468971925e-02
1.800806622501440954e-02
-3.548112653324942550e-02
-3.930299126436884172e-02
-1.473834580902404386e-02
-3.539042570235740454e-02
-3.922262546385005960e-02
1.399745655011710478e-02
-3.561238462086213641e-02
3.955445227375111589e-02
-1.560126520652865313e-02
-3.547614437652837904e-02
4.034603814168136182e-02
1.177114933434742806e-02
-3.498219217397855602e-02
-6.071349296736720802e-02
-4.172899499566690151e-02
-3.628583388577964752e-02
-5.845604020668229012e-02
4.071189657100687115e-02
-3.472100357646946273e-02
6.092257716786591420e-02
-4.203178838046030263e-02
-3.656850332328868275e-02
6.234059367738967183e-02
3.749477954675824176e-02
-3.432703226562125454e-02
-3.794116576602429847e-02
-8.884106407273221345e-03
-3.460285524346937841e-02
-3.765737766304511069e-02
8.209014686353658524e-03
-3.457715196888951764e-02
3.838654903089028236e-02
-9.921571070454543798e-03
-3.478823937460535920e-02
3.863375772972902494e-02
6.331804492712149630e-03
-3.381365025399398622e-02
-3.718663311529207816e-02
-3.179309363763899166e-03
-3.391025906944618307e-02
-3.710062641378440024e-02
2.483101937694514628e-03
-3.392562814563521850e-02
3.770248467651089730e-02
-4.462625617375252061e-03
-3.412358711835036806e-02
3.789417918698155530e-02
8.987772586330787300e-04
-3.156082256595261343e-02
-5.587390524895006344e-02
-3.422936635432561464e-02
-3.301116033752296564e-02
-5.460259554974898621e-02
3.409189663287241767e-02
-3.213658685812493393e-02
5.573339647687121368e-02
-3.468557073702181748e-02
-3.315348139839081887e-02
5.696440576254060972e-02
3.047209256604628547e-02
-2.965640015977826990e-02
-5.144416127411625267e-02
-2.719625213285704543e-02
-3.048526920231997214e-02
-5.061406831344009150e-02
2.706320701961086733e-02
-2.973984468183939536e-02
5.159601901348185443e-02
-2.784349582785842700e-02
-3.050092611067342988e-02
5.256230409306081319e-02
2.392834774746890533e-02
-2.783460427153949812e-02
-4.816921157456854202e-02
-2.070882567923845730e-02
-2.848446639567750460e-02
-4.751599280647290924e-02
2.051259411809185085e-02
-2.797616577417073175e-02
4.850271636824878690e-02
-2.146971506408868954e-02
-2.851897422177753286e-02
4.917805649996194461e-02
1.780241962842197406e-02
-2.651423570049744188e-02
-4.575329563747345535e-02
-1.458686852215989802e-02
-2.697979557904569073e-02
-4.527575100894629806e-02
1.433583891063964014e-02
-2.659146236217879711e-02
4.611717010433875191e-02
-1.552724807250949711e-02
-2.694986017905448214e-02
4.659204439248933183e-02
1.205034122933169340e-02
-2.534826786216712313e-02
-4.452311478941200357e-02
-9.510725513691382221e-03
-2.577302174798595108e-02
-4.392408803240458598e-02
8.461656872952355926e-03
-2.594239471542432798e-02
4.475530888795863083e-02
-1.021578882498437243e-02
-2.557489372868466601e-02
4.523027586737417283e-02
6.534175948430213411e-03
-2.530093862337612007e-02
-4.326134565145084432e-02
-2.998215791869299120e-03
-2.538163785855970106e-02
-4.318280524923175795e-02
2.685945169862783474e-03
-2.535139474508269625e-02
4.398410053801076608e-02
-4.328360119817718961e-03
-2.539200493101478537e-02
4.437518032650707850e-02
1.864552093750624891e-03
-2.381467720680177300e-02
-7.341509995671027800e-02
-4.999950479469827264e-02
-2.508033572549060036e-02
-7.213742656038509005e-02
5.047719510441078111e-02
-2.385570268649216813e-02
7.354722144314478072e-02
-5.019787454771988677e-02
-2.559714056595490186e-02
7.502837875397863621e-02
4.649672905777723492e-02
-2.159474917168613048e-02
-6.661785172198388116e-02
-4.166251588783688453e-02
-2.274929692358403782e-02
-6.548806080413954733e-02
4.203461344768141122e-02
-2.165091306790695863e-02
6.679212816346280501e-02
-4.202407391139656445e-02
-2.293066917653447181e-02
6.813459299887399123e-02
3.846981657939690935e-02
-1.976871864078076982e-02
-6.097655195989461901e-02
-3.407635568043948515e-02
-2.078488029011801852e-02
-6.001294884858858480e-02
3.434442611070646217e-02
-1.983806235373403171e-02
6.124158792545201374e-02
-3.459381179857636684e-02
-2.077967216717020726e-02
6.230805674694221002e-02
3.119838040123474460e-02
-1.790315224064482555e-02
-5.706289656701648422e-02
-2.787415350401556760e-02
-1.892183483149475695e-02
-5.588491288807609370e-02
2.760072923077014351e-02
-1.910643199644139131e-02
5.692526818780851289e-02
-2.856982723538298644e-02
-1.904416189605930357e-02
5.756783305979392557e-02
2.448376027239478753e-02
-1.727918079835585874e-02
-5.306656109207238958e-02
-2.104408767560668470e-02
-1.787843049717456265e-02
-5.218719058795844717e-02
2.071455650998941730e-02
-1.721379873220156564e-02
5.386560199684119199e-02
-2.243996791957891465e-02
-1.716795528450623665e-02
5.431678027784294510e-02
1.879623302091695813e-02
-1.640571036735617369e-02
-5.018757328924947775e-02
-1.444718207800630566e-02
-1.689336853655244372e-02
-4.971224042459870818e-02
1.452575582522092068e-02
-1.640123993639946640e-02
5.061875459852564069e-02
-1.551975026903194832e-02
-1.675276067884215805e-02
5.114358729166021411e-02
1.238499752754013659e-02
-1.592094005757179603e-02
-4.838718109432339765e-02
-8.569521425159735625e-03
-1.620577457375551103e-02
-4.810834746313141785e-02
8.610982125530481507e-03
-1.593001808488237955e-02
4.911355871366923642e-02
-9.782205409878515223e-03
-1.610234001443864096e-02
4.938420210055620430e-02
6.784323183326325564e-03
-1.572524340847928845e-02
-4.746672829858857023e-02
-2.836979387946939220e-03
-1.581673796921142031e-02
-4.736490357764206599e-02
2.857970432198604204e-03
-1.569237413901282407e-02
4.832893924779940731e-02
-4.208724431610262780e-03
-1.570105026733061709e-02
4.842698379753896526e-02
1.310129513092704329e-03
-8.030328138401442856e-03
-7.673953853701345751e-02
-4.996980803255073739e-02
-9.320764549841171337e-03
-7.551355368919387967e-02
5.071667155125294396e-02
-8.063654447631029426e-03
7.689140184332261818e-02
-5.020590467111337579e-02
-9.673667988565398321e-03
7.823310344001979666e-02
4.738526575326313522e-02
-7.268801078963342023e-03
-6.962028724810181979e-02
-4.162490277108172460e-02
-9.045841246064280708e-03
-6.839150953070312344e-02
4.220594540215935608e-02
-7.109605861118860858e-03
6.869087179329894099e-02
-4.055530801540276065e-02
-8.511899470049724692e-03
7.101182005012507403e-02
3.930007646974837537e-02
-6.280484595839851657e-03
-6.404569588148650849e-02
-3.444294882647008782e-02
-7.979216220306811769e-03
-6.294298389583848075e-02
3.482977590555799002e-02
-6.884449361171077371e-03
6.323496394094628437e-02
-3.349788942491431498e-02
-7.604613554020027422e-03
6.494073796733797199e-02
3.189981589476068025e-02
-6.200505304647816775e-03
-5.896018447829352860e-02
-2.700681089869063148e-02
-7.067368509800116272e-03
-5.816336593591826809e-02
2.749041651139733783e-02
-5.548143882658799521e-03
5.924464875112516599e-02
-2.770836052737822228e-02
-6.098617490776887633e-03
5.989463324812858286e-02
2.502522465598732218e-02
-6.505592674835876561e-03
-5.541393179442725969e-02
-2.114893061037024027e-02
-6.529021862645179551e-03
-5.457396704753629535e-02
2.090266526191539992e-02
-5.096874483942315411e-03
5.606219102969237783e-02
-2.208535534935090680e-02
-6.301660012105515102e-03
5.622019644528618298e-02
1.880636095018710374e-02
-5.602547930394810062e-03
-5.240520333531133168e-02
-1.436359232285709664e-02
-5.503837126357977172e-03
-5.203750554584182786e-02
1.489489028100306721e-02
-4.955591653363050804e-03
5.287222555748286035e-02
-1.534022927239280833e-02
-6.587958975951987289e-03
5.349610767183399923e-02
1.328537820012781062e-02
-5.466658929473033370e-03
-5.054578462173917042e-02
-8.460636120187079584e-03
-5.780926565729003173e-03
-5.027956024560935322e-02
8.770576022979037489e-03
-5.999715696513387847e-03
5.106663346446520951e-02
-9.081789567151599823e-03
-5.537304054167280741e-03
5.147290612571158580e-02
7.116464587704780971e-03
-5.480497344197123033e-03
-4.957123693227643429e-02
-2.708223596490361498e-03
-5.585909261922311110e-03
-4.950162035867135962e-02
3.003438605995741636e-03
-5.352968612025566127e-03
5.044183806933043995e-02
-4.010889876863819523e-03
-5.414984560441562372e-03
5.046440897218550797e-02
1.510222030656533168e-03
2.604671386886405100e-03
6.093543877503924434e-04
-5.025511716629817160e-02
-1.537763915710292466e-03
-1.089916882512268793e-03
4.945850739644149646e-02
5.022112938342196062e-03
-4.949012439025270160e-02
-1.939057880874427544e-03
4.873632211238984775e-03
-4.946128810944253745e-02
3.120488110116104424e-03
5.180120588084181042e-03
5.028953066674928668e-02
-3.789934882462754791e-03
5.055946697699225181e-03
5.036673532847916329e-02
1.791888363403200271e-03
5.154555118117756796e-03
-5.048076522673079769e-02
-8.380375464923872642e-03
4.849230016031370188e-03
-5.024630164823376544e-02
8.898673778793404071e-03
5.375356788678224695e-03
5.113752751726387963e-02
-9.403299559039944924e-03
5.098926533299488056e-03
5.135827327610302528e-02
7.428814240012725570e-03
4.842902053665398138e-03
-5.237855298279682492e-02
-1.429367295205506705e-02
4.254984816879279347e-03
-5.221393921979031877e-02
1.544181416644568004e-02
6.199745026148717301e-03
5.300038245038336121e-02
-1.585055463889421465e-02
5.196342584604814706e-03
5.320876003304192414e-02
1.324201527193951365e-02
5.753912766093396969e-03
-5.515381389208975221e-02
-2.043154300594273581e-02
5.054890484161111627e-03
-5.455490600102250870e-02
2.106068482117100585e-02
5.875821446186364587e-03
5.556015198036722696e-02
-2.119417768491379389e-02
5.291442479475663534e-03
5.607144514467078678e-02
1.929098808626075398e-02
6.185247005462771348e-03
-5.889719157330534915e-02
-2.693755600474312048e-02
5.314256863393177106e-03
-5.816305050477076077e-02
2.764687713933067920e-02
6.257303916806069947e-03
5.918578502102935651e-02
-2.761485519561386950e-02
5.771119641643710288e-03
6.022363622419917017e-02
2.627232028058565719e-02
7.536834092991588456e-03
-6.402811175663333798e-02
-3.465266259973153601e-02
5.161711272305783207e-03
-6.341647087073407074e-02
3.553735368120564120e-02
7.118431360068197197e-03
6.379373011077511813e-02
-3.438094807188171037e-02
5.115882763614553082e-03
6.529929725018412956e-02
3.319552392520584705e-02
7.366998415823477683e-03
-6.957362772006794871e-02
-4.157738559447833604e-02
6.165297569122950294e-03
-6.855786066370658793e-02
4.243759220051657871e-02
7.416621519545688566e-03
6.979068814189427761e-02
-4.192626489639392218e-02
6.152813998422154880e-03
7.075890868007939094e-02
4.007170892422010078e-02
8.081527862601901174e-03
-7.670837630872723301e-02
-4.994571835183769098e-02
6.784475965238616346e-03
-7.553739735548008205e-02
5.091023812564558076e-02
8.102324259664547834e-03
7.689389184275868816e-02
-5.010704851191766229e-02
6.585231892697488397e-03
7.799004204236488491e-02
4.828430167943816714e-02
1.518281081419769682e-02
-4.733140103147701061e-02
-2.506200747175437067e-03
1.509995341210337155e-02
-4.725122826699495321e-02
3.218207557356217875e-03
1.542104222891142046e-02
4.800183878190279058e-02
-3.531708429310366493e-03
1.532522548653093668e-02
4.812454245623611765e-02
2.063471389231385719e-03
1.554334188825126292e-02
-4.825813153006796447e-02
-8.273284151198653097e-03
1.524858758955999032e-02
-4.801395784157828917e-02
9.011549121696557987e-03
1.575798538018660308e-02
4.884063073987154197e-02
-9.204542786784068037e-03
1.549755715143430294e-02
4.904317538783990044e-02
7.736368299000567772e-03
1.618778627657738861e-02
-5.001618788723860565e-02
-1.418283575749000602e-02
1.569424710736908382e-02
-4.966902279610060228e-02
1.496786584715875321e-02
1.638136409859905149e-02
5.046822243220446674e-02
-1.503532534214098437e-02
1.592600203719454766e-02
5.083775161712068835e-02
1.356558860834500280e-02
1.708469366134455006e-02
-5.267379355458331330e-02
-2.034781328448430349e-02
1.640001542431431675e-02
-5.215418749226780060e-02
2.118663931843306480e-02
1.786880705474282877e-02
5.327140157867753939e-02
-2.177690506956197689e-02
1.660672836904464322e-02
5.356981866161474037e-02
1.966470070877034820e-02
1.900485810701608991e-02
-5.646365857049381182e-02
-2.755143577587373938e-02
1.697771271813472080e-02
-5.613760574181587970e-02
2.844153686169858045e-02
1.786686246953707313e-02
5.735298203642223702e-02
-2.849778449246301998e-02
1.757373891824253603e-02
5.719434825487863805e-02
2.614107544479873577e-02
1.932427584311709884e-02
-6.194860437589275182e-02
-3.518575436885076207e-02
1.859619357058989869e-02
-6.064472202353339558e-02
3.563627553477110438e-02
2.024829392297641459e-02
6.208315698899898732e-02
-3.569570567262467242e-02
1.885051100979554667e-02
6.187239121495916733e-02
3.304895466738507620e-02
2.209075038624387297e-02
-6.680313586339753362e-02
-4.208497502748633629e-02
2.047304616405168365e-02
-6.552745288361182252e-02
4.260306590272130989e-02
2.175886073396888012e-02
6.668755015577713940e-02
-4.189520751651604896e-02
2.068417603449790657e-02
6.641845322343600810e-02
3.938996778694565243e-02
2.385807812958009796e-02
-7.334504786755358108e-02
-4.993214386708110658e-02
2.255785278756985632e-02
-7.220381119335043951e-02
5.109235257155823190e-02
2.391759989458298180e-02
7.347427331760816860e-02
-5.013918319149286013e-02
2.239922525870199910e-02
7.450870331763703724e-02
4.893669359115122158e-02
2.472883755276638479e-02
-4.306810700742200876e-02
-2.442654417443168406e-03
2.462550595345720447e-02
-4.296295179446075335e-02
3.302351298103625796e-03
2.496719477250929076e-02
4.369890358465365610e-02
-3.330257447494897136e-03
2.485381517471975388e-02
4.376790162499371445e-02
2.316168191188640400e-03
2.523920173110241402e-02
-4.388465274674206718e-02
-8.220017829315423227e-03
2.541139311898934702e-02
-4.339634924028706181e-02
9.154386420807970534e-03
2.545723504959747363e-02
4.466157075614876626e-02
-9.640989217244122847e-03
2.482286508545889989e-02
4.478915851346598753e-02
8.058349603517655363e-03
2.621099029315682519e-02
-4.549850823848802794e-02
-1.414091119144196898e-02
2.575427300798286898e-02
-4.514402400932280429e-02
1.505320610885270416e-02
2.644859317212959124e-02
4.592100390479127853e-02
-1.485501999124326164e-02
2.591677331599432157e-02
4.627324364394587441e-02
1.387630296392124499e-02
2.764969964974657926e-02
-4.792256399961012520e-02
-2.031579942968859964e-02
2.700487447452871309e-02
-4.743241968604381548e-02
2.127146505901604187e-02
2.788389514440456698e-02
4.828624632102190145e-02
-2.092388769154773787e-02
2.713208410115714592e-02
4.875596549747008429e-02
2.000904321674133041e-02
2.958312058636602959e-02
-5.122458126789417032e-02
-2.684475909363301729e-02
2.874668479280635333e-02
-5.056953806502839655e-02
2.787712567272360512e-02
2.976503689851870554e-02
5.147687211255949635e-02
-2.736776017207604578e-02
2.880494274792223461e-02
5.208223703626661122e-02
2.652021993519056153e-02
3.199413938290672499e-02
-5.538144403579677022e-02
-3.388297319631485005e-02
3.100068402557780781e-02
-5.458108118796085872e-02
3.497730325989566180e-02
3.217085037284871107e-02
5.556666593348638661e-02
-3.430556584858570485e-02
3.116600343056795744e-02
5.634356735760159135e-02
3.362861412353330276e-02
3.317424702954029775e-02
-3.689750847906035636e-02
-2.391575708118300926e-03
3.267369529872444361e-02
-3.716066606218922097e-02
3.812008145562028119e-03
3.338367486689427371e-02
3.749485293183012907e-02
-3.126510312500143697e-03
3.287350049152992781e-02
3.793796897571769661e-02
2.991545452357613575e-03
3.385761780019740791e-02
-3.762904483098994390e-02
-8.151049253873342976e-03
3.356077552761883159e-02
-3.741206304405179928e-02
9.130595134502468221e-03
3.408372580819809400e-02
3.808493624002793482e-02
-8.841021116834034757e-03
3.372978325147378553e-02
3.831697083233304851e-02
8.255632363540469157e-03
3.494622145053725287e-02
-6.026658858683662384e-02
-4.120701106399955044e-02
3.382849144539831071e-02
-5.959138894374226003e-02
4.271042385959850085e-02
3.511213414453352721e-02
6.070836672023858377e-02
-4.183171103071078173e-02
3.375000336404819501e-02
6.154659697739507662e-02
4.110740140484524935e-02
3.462555906594313310e-02
-3.951889546923292168e-02
-1.431174708139623664e-02
3.469285289833295288e-02
-3.867568837108142921e-02
1.508338911018811471e-02
3.534629228482502605e-02
3.938907599866658255e-02
-1.468913305379137765e-02
3.426872563583953368e-02
4.010569464384355909e-02
1.403487065895901546e-02
3.690862964983667588e-02
-4.170719623095721362e-02
-2.105556615719373151e-02
3.639570963812308046e-02
-4.061820701141503204e-02
2.131392375765023273e-02
3.724218298379012443e-02
4.138388729860955489e-02
-2.079285675982631837e-02
3.661382621896178829e-02
4.206392149482120896e-02
2.065166558550754136e-02
3.856770401438526508e-02
-6.677108069742355989e-02
-4.989956195992833327e-02
3.727618580673158072e-02
-6.566661809986094889e-02
5.120860748137912727e-02
3.868556955214917659e-02
6.689329732041311705e-02
-5.010518717963814012e-02
3.786464633971270421e-02
6.729386147751885427e-02
4.946544936798082104e-02
3.982172918556825536e-02
-4.462835022658025869e-02
-2.785241997632759148e-02
3.876999587801659153e-02
-4.328878875750943184e-02
2.791738913391613938e-02
3.978557150310874091e-02
4.410528156994922983e-02
-2.725014249951200271e-02
3.880726098949655728e-02
4.479395661809341261e-02
2.682497935195682012e-02
4.016171521418677309e-02
-2.913624008989372863e-02
-2.376598578175727512e-03
4.028913024077138139e-02
-2.890924982157682538e-02
4.383564018122631384e-03
4.049817350981808894e-02
2.937591404041763055e-02
-2.491076409838097108e-03
4.064662151594544692e-02
2.927340844963403910e-02
3.567593802251918956e-03
4.094054319224020577e-02
-2.970764329255949632e-02
-8.176225751920684209e-03
4.068968903854738861e-02
-2.949984168574221882e-02
9.157947731652953116e-03
4.114896770684563915e-02
3.013242523576917242e-02
-8.663438907203283718e-03
4.082103274850747143e-02
3.037151591054597019e-02
8.483319332336418384e-03
4.274072827207817810e-02
-3.040569346367929041e-02
-1.410989668418311145e-02
4.207328105986003070e-02
-3.049053641979981508e-02
1.511286396136732324e-02
4.268829799332186231e-02
3.113984481357521747e-02
-1.452489356516760248e-02
4.230826610034334190e-02
3.124940889070767711e-02
1.438914033119373034e-02
4.279807741089307338e-02
-4.751432476392131871e-02
-3.387993596831147952e-02
4.181961398470293578e-02
-4.672506147691675438e-02
3.503091388423977548e-02
4.297891474004388729e-02
4.764985240719423615e-02
-3.421112925809897259e-02
4.297952296718209747e-02
4.855397590785801021e-02
3.507656938274499731e-02
4.473837667616559904e-02
-3.248919671867683129e-02
-2.030735323851025342e-02
4.447375956411848269e-02
-3.183507531017778364e-02
2.171815990152784273e-02
4.510642515331440144e-02
3.284446623474052140e-02
-2.101865526111439467e-02
4.420270059910817728e-02
3.326138448867581310e-02
2.055404240165249058e-02
4.551206567434031708e-02
-1.963810149355166290e-02
-1.991990560230211954e-03
4.507721921268125626e-02
-2.053257928667556395e-02
4.072329784326524267e-03
4.550835099791283173e-02
2.058004798622236481e-02
-2.785685400060117396e-03
4.552239153564375390e-02
2.068094880850269643e-02
3.762450530003142585e-03
4.624857015932822002e-02
-2.051321877637365607e-02
-8.189109924524101344e-03
4.601352736184962516e-02
-2.027920448581789839e-02
9.129819636806722760e-03
4.644376841423829977e-02
2.088360458872135644e-02
-8.533773624859002788e-03
4.610845948765397023e-02
2.113283978130860857e-02
8.669514042587388170e-03
4.678922791754786675e-02
-5.194135899268639139e-02
-4.152007085406032166e-02
4.565436107670742955e-02
-5.101316579229007303e-02
4.276686662925942295e-02
4.742877791252632369e-02
5.220911823035279814e-02
-4.230143577450791448e-02
4.559895579935591137e-02
5.293471578086996615e-02
4.147302871841414967e-02
4.782453062290084600e-02
-3.474140428526055480e-02
-2.685161542331569381e-02
4.705718348796572581e-02
-3.408029333243876857e-02
2.795056885079000297e-02
4.801013642054148545e-02
3.485413919294758078e-02
-2.715238877505112350e-02
4.705692838093278318e-02
3.556319894568697043e-02
2.710403601036722940e-02
4.754811212980691176e-02
-2.186170035952583052e-02
-1.371248677989701792e-02
4.758126480815961373e-02
-2.092964456567356427e-02
1.508493564044774242e-02
4.808252333655604199e-02
2.172090761583414520e-02
-1.448533954813978862e-02
4.763727542809662735e-02
2.198186334709156461e-02
1.458910229810016397e-02
4.862985269703795632e-02
-1.015368127627067595e-02
-2.483550374144247869e-03
4.849965172761258603e-02
-1.006066885490434180e-02
3.258375502243942168e-03
4.871195840303584740e-02
1.063354393348112104e-02
-2.661625921867504137e-03
4.874184456808027671e-02
1.023118833047390215e-02
3.804177872108463303e-03
4.956485606853362064e-02
-1.041752575021985538e-02
-8.248702526647338704e-03
4.919262433309761623e-02
-1.048089667387652225e-02
9.053756848049661354e-03
4.959289370413093312e-02
1.108937117342371527e-02
-8.484275264143288295e-03
4.918603772702485888e-02
1.160580249978939577e-02
8.878495968320167242e-03
4.981995715810342423e-02
2.151119043847973377e-04
-2.907960700604660890e-03
4.964181051014902868e-02
3.134807468996778893e-04
3.172236207904469401e-03
5.037725289092347125e-02
-2.167065741730549167e-02
-1.942998494003802742e-02
4.995562776354036533e-02
-2.193785838047144013e-02
2.131444082631454157e-02
5.070054622456700993e-02
2.259838010815514581e-02
-2.055605177459027960e-02
4.998229370493064566e-02
2.320307564421316207e-02
2.078013941956557975e-02
5.064634545831107199e-02
6.341819028628521270e-04
-8.265458551297646256e-03
5.043709395534224510e-02
4.110670777853364806e-04
8.960555604115374301e-03
5.159475904384925454e-02
-5.729471670972388631e-02
-4.990335299964532290e-02
5.030545843923028837e-02
-5.621143559452340677e-02
5.127710319429520242e-02
5.168287948735288823e-02
5.736529670914777834e-02
-5.003742968299034616e-02
5.020151416340241229e-02
5.834728268681627777e-02
4.984838884551640731e-02
5.141910079123768879e-02
-1.085283405492287745e-02
-1.415300992832230730e-02
5.106131297684985554e-02
-1.090060735409777680e-02
1.552445129491715481e-02
5.158895744602493005e-02
1.039487602779528945e-02
-1.436293525665984991e-02
5.102641571974576157e-02
1.148512533823259872e-02
1.475983715868320854e-02
5.171364434684629086e-02
-3.840070818560642474e-02
-3.452879824356573646e-02
5.063170793751845672e-02
-3.667258022576403570e-02
3.477616196201795129e-02
5.185464851018396076e-02
3.737260163693161691e-02
-3.384192939527218280e-02
5.087135165160586170e-02
3.953717591546177662e-02
3.514359248653466106e-02
5.259875429133437086e-02
2.806551815924166024e-04
-1.426804826357761652e-02
5.209729377070595330e-02
2.982419205107179221e-04
1.482744169268329811e-02
5.401570426231833144e-02
-2.404574876420531235e-02
-2.686518134869299301e-02
5.325692432292229023e-02
-2.335355442430141204e-02
2.790974311524638957e-02
5.414795574856594296e-02
2.410929575723917695e-02
-2.707285305697517547e-02
5.324476961181065504e-02
2.484305618938426399e-02
2.734391136744134324e-02
5.412372337244137493e-02
-1.146083989370615987e-02
-2.034978152965175383e-02
5.352886095538697542e-02
-1.089785793259419322e-02
2.123456687537301005e-02
5.422207047783886291e-02
1.156518737292761695e-02
-2.047317294286846862e-02
5.354916692164040509e-02
1.216761325431394737e-02
2.096469895878219983e-02
5.545341715943705174e-02
4.767933918418827937e-05
-2.054182683044425764e-02
5.474474182546251733e-02
6.361419154330684401e-04
2.112171690308061248e-02
5.653209407631522992e-02
-4.106481696199449499e-02
-4.151400527625399156e-02
5.543499503298147946e-02
-4.014894361696591529e-02
4.280153314755108518e-02
5.546789634644014311e-02
4.118841325548614624e-02
-4.055442988761264606e-02
5.536216884556444118e-02
4.206488130615833321e-02
4.180406763864884939e-02
5.785422541010239866e-02
-1.228844179077575628e-02
-2.689089199654990867e-02
5.684791976225481852e-02
-1.212523895510685297e-02
2.775791606603269027e-02
5.794636766136640471e-02
1.163146061501335940e-02
-2.691476208597472913e-02
5.683666979762249521e-02
1.361535594707245951e-02
2.745512718735139412e-02
5.881511928533447037e-02
-2.552011617228677753e-02
-3.414746485178739993e-02
5.773317096389685849e-02
-2.529352681574999553e-02
3.539891677450158342e-02
5.839985440683866103e-02
2.591748747494111021e-02
-3.380014199058056779e-02
5.746117867736499907e-02
2.689172358822828138e-02
3.441140128005303056e-02
5.919851779941873865e-02
1.766419917052174625e-04
-2.700768512828795667e-02
5.834967999531222999e-02
7.476388984170805442e-04
2.771241458167062605e-02
6.238597156609228950e-02
-4.532930674661425630e-02
-4.994293033478303806e-02
6.108472996500779323e-02
-4.423266806833402176e-02
5.130904990254645665e-02
6.246313497665344910e-02
4.534413238889535569e-02
-5.002391410344314560e-02
6.096491680670417662e-02
4.637563321972617419e-02
5.022096559138056887e-02
6.257081087047956791e-02
-1.330688899715781227e-02
-3.390448025259117787e-02
6.159316030233775302e-02
-1.245282568762396368e-02
3.494309237320936123e-02
6.262218607002026372e-02
1.328666686938699201e-02
-3.400097924861271437e-02
6.157998658856511653e-02
1.416461030148633005e-02
3.462011817535202290e-02
6.385368696122808996e-02
-2.843244596144706496e-02
-4.153848404023988139e-02
6.274177599664496063e-02
-2.748441387008014256e-02
4.275714417943565770e-02
6.398496713397043567e-02
2.843139628341670097e-02
-4.166042013991756721e-02
6.269078314060205770e-02
2.942741559527601095e-02
4.210026861528699815e-02
6.375560005971173116e-02
3.034328292105633500e-04
-3.367930916490897292e-02
6.297796986302316158e-02
8.575157469239837009e-04
3.480361237226842208e-02
6.837088999751547713e-02
-1.454521592317714607e-02
-4.155475797048820835e-02
6.723533110560876713e-02
-1.357113263407646979e-02
4.267029250033509136e-02
6.845975586611899311e-02
1.450412849515302256e-02
-4.160472034254138890e-02
6.721218206451884392e-02
1.550584953043846088e-02
4.232510343341928244e-02
6.996269347034164698e-02
-3.709583920390784550e-05
-4.158646559616153981e-02
6.773013960388160615e-02
5.225870360622250676e-04
4.124153338231875687e-02
7.043420275631731564e-02
-3.136403908958556447e-02
-4.991751602842068453e-02
6.912990757621950699e-02
-3.028029392130457409e-02
5.125980761259307794e-02
7.052267776132280230e-02
3.135906568315261628e-02
-4.999418248412829807e-02
6.905027651625378349e-02
3.243569173609906625e-02
5.053726761526355221e-02
7.541918931862760800e-02
-1.604241075050318044e-02
-4.992711337333477495e-02
7.388864746214526824e-02
-1.556639477355186742e-02
5.117054672824183914e-02
7.545868750346310105e-02
1.602188283467944827e-02
-4.998064069647204649e-02
7.405321455050935253e-02
1.709712141026115129e-02
5.078965873250509966e-02
7.706837085454208702e-02
-6.396512390322897082e-04
-4.995250167970960442e-02
7.573247455032658393e-02
1.068397004237081616e-03
5.100673200016583170e-02
4.928654213026583547e-03
-7.612330162389317756e-03
-5.960881055247273241e-03
-1.826125591918115187e-02
-2.331651301443899912e-03
1.412798782530755824e-02
-2.225822637191772826e-02
-3.135788093073416951e-04
-3.194947242930801928e-02
-2.394784640185390612e-02
-3.279098169721193778e-02
-1.045318383578658188e-02
-2.452774002687349228e-02
3.186918701799854731e-02
-1.173184762668233114e-02
2.405023964727070335e-02
3.205350551727766811e-02
-1.167796404836720162e-02
-1.325124825464455737e-02
-2.037999954837820329e-02
-4.056991580317075886e-03
2.862096137078457350e-02
-7.256946201418405622e-03
1.969312959891625359e-02
1.825052323562363979e-02
-1.747497046084255448e-02
2.858940998350548504e-02
5.023898157172530798e-03
-4.472802281790458356e-02
-3.437341097939897866e-02
-2.041650449562108782e-02
-2.245065298021186456e-02
-2.530770223227230345e-02
-4.466916886451084701e-02
-3.343686172782092680e-02
-4.008572433442405408e-02
-4.423603145278456883e-02
-1.354906616658206261e-02
2.566005287292903378e-02
-5.069394410300926551e-02
-1.791542242514253952e-02
3.850692250872955052e-02
-5.418885447575177289e-02
3.717102467416643491e-03
-3.843888794454684149e-02
-4.666905528444518364e-02
-8.610117256859561646e-04
-2.752578713438766714e-02
-4.690684753848802652e-02
2.771262678449473282e-03
2.304192791969946613e-02
-5.471422165417235556e-02
3.027203945928219012e-03
3.659629983278338966e-02
-4.926671154469634828e-02
2.114645941601359450e-02
-3.930809268598759593e-02
-4.289823213566319043e-02
1.436094099870943545e-02
-2.814757215000865398e-02
-5.270130908076910148e-02
1.976881589850360346e-02
3.559827797226209484e-02
-4.908429995489549391e-02
3.570847618526796358e-02
3.646536571010361438e-02
-1.421460063668860893e-02
4.182683958202522423e-02
-2.659892250787496484e-02
-3.328175002605646832e-02
-4.530552043601124290e-02
-4.058814765583856204e-02
-3.299554326053495690e-02
-4.448891579198811785e-02
4.008465315703955978e-02
-2.884607825323578720e-02
-3.364569780941469718e-02
-3.732211819795545893e-02
-3.120214322333949783e-02
-3.388711469532960235e-02
-2.443075251536694012e-02
-3.339687357971986986e-02
-2.988192433952797933e-02
2.337690821174739919e-02
-3.693404822641164348e-02
-3.158530343477084640e-02
3.652073292660133752e-02
-4.128881554492302985e-02
-1.815746578904138542e-02
-2.791799865101109862e-02
-3.588667842312708717e-02
-1.659631537555272471e-02
-1.145917683972306166e-02
-3.450951058521743026e-02
-1.967581536348737836e-02
6.626811889933187719e-03
-3.190108961133740484e-02
-1.329511452623175979e-02
3.583770147562378994e-02
-3.888786293152864115e-02
5.465661575569501045e-03
-1.155507947502031584e-02
-3.963485072279683552e-02
1.415149151641783426e-03
6.985523069286960277e-03
-3.108363915806949124e-02
8.807529446425943986e-05
2.394723901210773359e-02
-3.938158765681638862e-02
-1.774188956661572553e-03
3.481638264428851132e-02
-3.286371386225462460e-02
1.695013372851206235e-02
-3.818306719815492412e-02
-3.465950342269367990e-02
2.091549081418818748e-02
3.034576546955364013e-03
-4.042284258152777782e-02
1.938725450085453800e-02
2.221380434891199671e-02
-3.694205771586560327e-02
1.486153372048849147e-02
3.708619561762733358e-02
-3.668443461933334343e-02
3.665698875488929837e-02
-3.897491137448420850e-02
-3.212257532915339248e-02
3.184286973459439507e-02
-2.679382000281581300e-02
-3.092063479950132865e-02
3.509113477669232456e-02
2.143873552352631648e-02
-3.753537341018769319e-02
3.377359051390867173e-02
3.412670216812715984e-02
-3.235744873405352329e-02
4.707671645178737596e-02
3.507501741971757320e-02
-1.705843133354192215e-02
-5.085879662837216458e-02
-3.920514450100539422e-02
-1.733174498416087742e-02
-5.157218846348838454e-02
3.940107186073510404e-02
-1.826947647317105766e-02
-3.527290880138944651e-02
7.074166073451105229e-03
-1.718618194735812427e-02
-3.902283470482158234e-02
2.583499912897712150e-02
-2.213319012476791178e-02
-1.709493878699067798e-02
2.095505304050954143e-02
-1.782719918211203916e-02
-2.135183426759511977e-02
3.694276786318779343e-02
-1.516065981234998757e-02
-1.562429468300937036e-03
-7.312566303901388808e-03
-1.765699029662978065e-02
-2.403265550971375698e-04
3.430342133850833308e-02
-1.816807638202461508e-02
1.909916947545772098e-02
-3.867170194334009631e-02
-1.811055561601416716e-02
1.740438368533958266e-02
-2.083663089317071282e-02
-1.661244183012192122e-02
1.907695469756146706e-02
5.960036383608236475e-03
-1.679047535978464567e-02
1.896059840213587880e-02
2.356382938124643861e-02
-1.771676179759234041e-02
1.809036415719356139e-02
3.710683583100719135e-02
-1.829886683351518786e-02
3.694365207196741163e-02
5.471040478659943210e-03
-1.497710413216700627e-02
4.380511187730776190e-02
2.151516282585512474e-02
-1.946303507309404129e-02
3.681490850179469643e-02
3.482495780920596973e-02
-1.730052549558324521e-02
5.009059124756938541e-02
-3.932517953337688610e-02
-1.918549102850601595e-02
5.348729148962687308e-02
3.627437611828548264e-02
1.711378337601345803e-04
-4.586370462824700817e-02
2.628451660349160127e-02
1.091803603002271348e-04
-5.108825552579508017e-02
3.905311970387002896e-02
-1.092131364697169343e-02
-4.154350783381655088e-02
-2.540688575434434798e-02
1.376035042009335092e-03
-3.807912367907112516e-02
-7.184649312320157133e-03
-1.356994433663808244e-03
-3.254274093609146185e-02
3.507718310060153194e-02
-2.626311989046613369e-03
-1.574038958202675018e-02
-2.936101270757307882e-02
-3.906136030593426386e-04
-3.928034372454775741e-02
1.322228160558224994e-02
-2.716162552833192466e-04
3.713974219086751873e-03
-2.666671021101415379e-02
-1.535289976797383008e-03
2.071257623839632342e-02
-3.437902470444080538e-02
7.246029180892864241e-03
1.491137115314781006e-02
-4.889885000816184858e-03
1.609108349369539961e-03
1.432398136048143936e-02
1.719863133964784352e-02
1.547599302546752821e-03
1.879194147917716967e-02
3.726214653587527070e-02
-6.305737887495155118e-04
3.873405124695464274e-02
-9.977047161424891855e-03
-1.115172751739146838e-03
4.110301460983221966e-02
1.880612499029728907e-02
-2.517341630482679716e-03
3.335265888573469423e-02
3.458980213426267325e-02
6.288002416006945256e-04
5.456176481719791915e-02
-3.964888848599635446e-02
3.327474775848297903e-03
4.589452708223135113e-02
-2.883879329325676755e-02
-1.288297315833565777e-03
5.039512876085456422e-02
3.269603782952242715e-02
1.766898567663802849e-02
-3.710220201386158628e-02
-2.023351325380212673e-02
1.718302397259658179e-02
-3.510482346876372256e-02
7.100632278070122434e-03
2.112669442969229011e-02
-3.603446298672372677e-02
2.375875850737155584e-02
1.539498062116300206e-02
-4.160754480418772661e-02
3.816488811482411647e-02
1.854059954238920435e-02
-1.666678471496156611e-02
-2.339786840727809195e-02
1.962347916822567567e-02
-2.190367972752487596e-02
-3.977942379905736146e-03
1.856562359602801845e-02
-4.935555343849517759e-04
-3.586978725136540785e-02
1.395565697553491531e-02
-7.980898302344261114e-04
-1.930980470296701432e-02
1.957310637680341470e-02
4.862462553253698617e-03
1.174426439577378606e-02
1.711340514080013711e-02
6.752116458659159761e-04
3.340984088931693574e-02
1.837828306434189513e-02
1.705551985195846720e-02
-3.845319648356724379e-02
1.428508492666970275e-02
1.585431599382406201e-02
-2.254459404053363661e-02
2.126427080020530311e-02
1.833391068429737411e-02
3.369847171151919146e-02
1.818921917577665665e-02
3.895640314637927037e-02
-2.585988430208766009e-02
1.608045921810336357e-02
3.651116986962049671e-02
6.402847820088731871e-03
1.542848009167560770e-02
3.888908554464706041e-02
2.630501411689289970e-02
3.232718284908499967e-02
-3.519337144908486065e-02
-2.725270168058436734e-02
3.179730122892632932e-02
-3.964720810954154573e-02
3.977113839306396087e-02
3.792606931249738883e-02
-1.792297528885910748e-02
-3.631454795929072582e-02
4.042274825745602318e-02
-1.795749793313905843e-02
-2.293899165607225440e-02
3.502698642730618650e-02
-2.022998664091254367e-02
-9.984581137424838188e-03
3.355861343011820597e-02
-2.142235118509165995e-02
7.904919155649246798e-03
3.776386802382177693e-02
-2.032927608127760993e-02
2.845386486553639141e-02
3.474554395719579164e-02
-1.207453143727245425e-03
-3.940711857490773740e-02
2.976111887273961976e-02
-2.117578678665976450e-03
-2.540311550875105906e-02
3.656758444787326645e-02
3.286982911739952558e-03
-1.054360363585277356e-02
3.903616199261956271e-02
-1.592158375931500974e-03
6.960697557020568624e-03
4.276567415271113892e-02
1.277779662847653005e-03
2.538513251706766422e-02
3.649269247444426878e-02
1.395887912012853949e-02
-3.976434507329871387e-02
3.853954712313628628e-02
1.782022541978846297e-02
-2.456459518476862211e-02
3.387000679662168640e-02
1.907385425043488930e-02
5.172787793547292852e-03
3.896991458985176598e-02
1.882614134019517521e-02
2.623103887715651922e-02
3.162081348337515696e-02
3.606829888004199625e-02
-3.651926675101021397e-02
3.102385522434164544e-02
3.552142819947462504e-02
2.317161354442779167e-02
3.302238086907454545e-02
3.650795777276032161e-02
3.662731844615556287e-02
4.451351949285243387e-02
-3.206509884448312947e-02
3.963209519653088792e-02
5.264718269691262553e-02
1.735041679282167508e-03
-3.854684925767087877e-02
4.579073375643189642e-02
-6.029275265388752813e-04
-2.488743490932956645e-02
5.139274239151010726e-02
1.810912889554884553e-02
-3.740137451644352101e-02
-5.850538064474986076e-04
3.696176089975081180e-02
5.274704660435093617e-03
4.667819869951209816e-02
3.064643616178452934e-02
-3.979233199591349079e-02
-5.841306505202237959e-02
3.236710192334311259e-02
4.539208473512736097e-02
-5.305005299945833586e-02
4.461515653920639091e-02
4.494422585925346436e-02
-2.494326588986285620e-02
1.388964341432989344e-02
4.811646763188896087e-02
-4.062600827725403041e-02
3.000281549637583839e-02
4.627905657929769906e-02
-3.912333574688612453e-02
4.518425458930101779e-02
4.573249538549950532e-02
-2.670768833690489660e-02
4.436324191933801314e-02
4.667240895309408832e-02
-1.877354773427488202e-02
3.516169859912892520e-02
4.752627095074542229e-02
3.606275072225418286e-03
6.332795533085082418e-02
-5.031890094031080812e-02
1.425723296675742574e-02
2.492471461192800886e-02
-5.030496326863235362e-02
1.700315361500174399e-02
5.043015783682554265e-02
-5.036577804668939534e-02
4.599142280607972783e-02
5.016572746264189031e-02
-5.009165403515569714e-02
2.515249336360533480e-02
5.585954563333844596e-03
-5.008896085465279480e-02
3.379834909831642975e-02
1.673664901408860109e-02
-5.008966681363655193e-02
3.482566778021837367e-02
4.643148057174806276e-02
-5.019804168725096327e-02
4.806966623079912682e-02
3.463796085032870564e-02
-5.006005844249490633e-02
2.163912718522722697e-02
1.950126059313385396e-02
4.959857512800871365e-02
1.445277983370836690e-02
3.476413401224355548e-02
4.921293007602664527e-02
1.524692257009680613e-02
5.154322035729098916e-02
4.902793035399689858e-02
3.375922560139658912e-02
4.141451158106730646e-02
4.963144558988145938e-02
-2.389762454724163668e-02
2.805953747769993414e-02
-5.056693068748393388e-02
-3.735794204490169856e-02
4.638413070495037843e-02
-5.054518667515956604e-02
-1.104854311280389217e-02
1.613935021347226439e-02
-5.048443179228582350e-02
-3.359952883391664757e-03
3.611823355318777296e-02
-5.050381252656158809e-02
-1.453556408719990610e-02
5.456576175136797907e-02
-5.053291654820984274e-02
-3.170558597985990990e-02
-5.268838592680717692e-02
4.999649184831393006e-02
-1.357481648611437788e-02
-6.707317017019245875e-02
5.051087672663681638e-02
-4.724593695212273188e-03
-5.825446953037979880e-02
5.044248110755954889e-02
-1.874778433737776459e-02
-5.349605615107849016e-02
5.017568900745485172e-02
-1.827285355827789823e-02
-3.650982480961323384e-02
4.986181180480949576e-02
-4.525682174613866390e-03
-2.118024635366029876e-02
4.979910177507902713e-02
-2.050284690866286882e-02
-9.489989074786877102e-03
4.923040654827715024e-02
1.271953451656301698e-03
-1.637212125895669626e-02
1.962231612014645604e-02
-2.679696400543585960e-02
5.800557675397444851e-02
4.658286626389950696e-02
-5.273830093445101147e-02
-1.791249190254507601e-02
-5.040864506672176892e-02
-3.766778482994705829e-02
-3.449731579428776118e-02
-5.021932504091003446e-02
-2.061668030002210619e-02
-1.632262422062940796e-02
-5.031160880313424733e-02
-1.637429274907105728e-02
2.097464999760857707e-03
-5.041271372085086994e-02
1.990930205012947938e-04
-5.706944646070963995e-02
-4.993705465371040680e-02
4.823114161645628641e-05
-3.364901963141204294e-02
-5.004570661830416711e-02
1.690260929347571148e-02
-5.034142713585959550e-02
-4.985910337744187126e-02
1.996822102706689861e-02
-3.072608277464262613e-02
-4.992916760846986129e-02
1.262420104951268544e-02
-1.674256304141119936e-02
-5.007241986273732598e-02
3.021944437437597275e-02
1.433318979092374282e-03
5.011917406152689713e-02
4.913064704145858608e-02
1.075398887223306304e-03
5.045871462020923293e-02
4.918385642722360868e-02
2.030268490952432184e-02
5.023423317989487297e-02
-7.672165578534999742e-04
1.749103623772902891e-02
4.901031167023585378e-02
-1.695921991215612818e-03
3.490334817540474699e-02
4.861305994522627238e-02
-8.138975944882786279e-03
5.580133520076658443e-02
4.792666068798785012e-02
2.312124807120546563e-02
-6.529162797738600685e-03
-5.006073918466392297e-02
3.429538780717451135e-02
-3.965307984636085720e-02
-4.983825858298183975e-02
3.373762239485134790e-02
-1.681281916510524166e-02
-4.989972888211346991e-02
5.208372816974698311e-02
-3.604391680495028227e-02
-4.986707143186773494e-02
3.235894066495805660e-02
-5.453070683999793056e-02
5.094001847517771325e-02
4.450980124949149852e-02
-4.192831344941579108e-02
5.095391730256853408e-02
1.586268891511362703e-02
-5.185314987021569233e-02
5.062921954659175411e-02
1.671289269275742090e-02
-1.998294363577807903e-02
5.015450693813275351e-02
2.885723245228399153e-02
-3.551656230914086720e-02
5.057638987681805504e-02
4.807451558245316031e-02
3.847577306893157356e-02
5.002258652178784987e-02
-6.100600467432412688e-02
-1.087199006254742015e-03
4.776295283142609899e-02
-3.671552887712528634e-02
-1.945379538887081691e-02
4.916100701367833586e-02
-3.543606680920106250e-02
1.495735941819731135e-03
4.831947997256800381e-02
-6.336590032189082233e-02
1.947665289801420174e-02
4.634871222269270480e-02
-4.767590695113234356e-02
1.666504744055856413e-02
4.697162323888876001e-02
-3.442059787507839586e-02
-5.352520991027107794e-02
-5.009109067259889109e-02
-1.570164152074563987e-02
-5.455867355796844426e-02
-5.001773530899796677e-02
-1.938240357422576013e-02
-3.695968964072752355e-02
-5.013465829975195104e-02
1.105060957710580702e-02
-6.711169698699942510e-02
5.082515271106454596e-02
6.790065493698841867e-03
-3.730456138023819507e-02
5.024953595030391684e-02
-5.021759062452506306e-02
3.373383667281374537e-02
-5.046770988290516513e-02
-2.721980373917660956e-02
9.506906510476188094e-03
-5.049544553686442089e-02
-3.899328091490700948e-02
1.987370116716197579e-02
-5.054524881916378637e-02
4.330481681678821637e-02
6.563296441889561982e-03
-4.997971449769857827e-02
5.224069926139707221e-02
1.835836615337354746e-02
-4.999995988659119289e-02
6.294874633811321785e-02
7.625258411352508689e-03
-4.994035054314046457e-02
3.375288976887275832e-02
-3.630000221802157811e-05
-4.999371863169280172e-02
4.290446029888340257e-02
-6.246080402934983331e-03
-4.994108297310857064e-02
5.170561532558159284e-02
-1.927702744345302296e-02
-4.987675258837613590e-02
-6.073089568757100709e-02
-2.147602150021942977e-02
4.870045435080437579e-02
-4.979180217172979317e-02
-3.401461393021688873e-02
4.931371979998007415e-02
-5.590730645208488031e-02
1.628687400991327139e-02
-5.048499908956553817e-02
-4.146364224357651507e-02
8.779413629066032355e-04
-5.055219418409319376e-02
4.917010498250891370e-02
-1.569213190655003795e-02
5.066800817013446256e-02
6.086898623538287284e-02
-5.721656348891345813e-03
-4.991323081417349539e-02
