-7.719059852838476565e-02
9.474231971633829226e-05
-5.001497738506904128e-02
-7.726592515633703973e-02
4.399337709062357132e-03
5.019972432451401401e-02
-7.543532915201632549e-02
-1.600048019806919741e-02
-4.991773026184674611e-02
-7.561745959521604110e-02
-1.163140174042836227e-02
5.068793804815718146e-02
-7.555355657571885541e-02
1.609948445903964034e-02
-5.011157280894439070e-02
-7.554582400224682526e-02
2.042495493757446462e-02
4.971180944816497305e-02
-7.036367037062778163e-02
-3.132126775023177240e-02
-4.981917532402647952e-02
-7.061394182949121134e-02
-2.696646995212715128e-02
5.118396134367248634e-02
-7.064001542344580664e-02
3.147111893813699796e-02
-5.019435801287190635e-02
-7.051081136361592172e-02
3.571171497136384904e-02
4.926075877247687584e-02
-7.006538477182139291e-02
2.718306543735189446e-04
-4.166996737693373642e-02
-7.009179556493838614e-02
4.138220297192127424e-03
4.187010312222223113e-02
-6.841605850558835078e-02
-1.428986752885648415e-02
-4.154810055425104537e-02
-6.860909958972620515e-02
-1.040608063159604961e-02
4.231061237612212395e-02
-6.860854557864994041e-02
1.480441515393946840e-02
-4.178322144748004147e-02
-6.765527915021217475e-02
1.924441566816905216e-02
4.059101152256019279e-02
-6.404907609660226431e-02
6.953079315798068281e-04
-3.395348039761964670e-02
-6.391558383144621547e-02
4.149029598070381672e-03
3.394694743739470888e-02
-6.381994928597208017e-02
-2.812102018022245506e-02
-4.141223786473031965e-02
-6.408712917269020204e-02
-2.430193712143877832e-02
4.274914255360606069e-02
-6.415785702038538652e-02
2.876912616048533933e-02
-4.188950450306721390e-02
-6.396064166607245971e-02
3.252749099444290221e-02
4.101654560546786482e-02
-6.267520121377795350e-02
-1.275795396119883997e-02
-3.389230229516156101e-02
-6.281165311046829625e-02
-9.406821900000427589e-03
3.468176284874706361e-02
-6.286032066615397651e-02
1.384840452212967449e-02
-3.420131740470585407e-02
-6.272023922214631231e-02
1.716489879026335263e-02
3.386499412520816571e-02
-6.222612906720541293e-02
-4.517624395381385910e-02
-4.968733112524362922e-02
-6.256930641214843158e-02
-4.094414978043076081e-02
5.161587004266936229e-02
-6.261275664661580809e-02
4.546320021108245929e-02
-5.021855809257323722e-02
-6.241227758500962619e-02
4.964683513457045227e-02
4.883134549194932672e-02
-5.943473691191894503e-02
1.290153173824635721e-03
-2.723160311096732220e-02
-5.939091902201969198e-02
3.641409107220560087e-03
2.727477023075094292e-02
-5.838514050862071703e-02
-2.543723121428516712e-02
-3.376417382987838972e-02
-5.885747914818013904e-02
-2.173667138786312264e-02
3.514618069123097432e-02
-5.877684818660131733e-02
2.661998739596130314e-02
-3.433942006173837380e-02
-5.878034152451297456e-02
2.975185076494796590e-02
3.373522422525463554e-02
-5.780571351308321643e-02
-1.072548172925966506e-02
-2.642357046532008147e-02
-5.823834588001081114e-02
-9.121101776737156747e-03
2.805005111315036700e-02
-5.816597163424581940e-02
1.317156462820540455e-02
-2.725288571534040943e-02
-5.812697637798480005e-02
1.515561934412452960e-02
2.692628926483877153e-02
-5.580732536917236419e-02
-4.022068692234382487e-02
-4.032120247931279128e-02
-5.678073268815193170e-02
-3.695429824522643292e-02
4.316752623828080948e-02
-5.639394381627483438e-02
4.042042645548644952e-02
-4.065408295421148871e-02
-5.703443111515792835e-02
4.489591534840647880e-02
4.089197781822680178e-02
-5.584849598976510121e-02
1.177733908751762894e-03
-2.088792172159352825e-02
-5.570835280708926612e-02
3.400402038438296668e-03
2.087703560113034207e-02
-5.436678128829465495e-02
-1.030672341437045836e-02
-2.036504363108467691e-02
-5.449980964466586558e-02
-8.120786990362950999e-03
2.112065595587717809e-02
-5.453354203676525486e-02
1.274656058913865159e-02
-2.073959771635120949e-02
-5.440592968876784702e-02
1.489732043119906812e-02
2.042118462331072790e-02
-5.405286740284111213e-02
-2.316624674889534302e-02
-2.674575983761903406e-02
-5.431678113066554237e-02
-2.038912545547102301e-02
2.802601183293521037e-02
-5.438837506621203161e-02
2.498694972443796236e-02
-2.739205270872026657e-02
-5.418972422596739918e-02
2.767004134915996769e-02
2.657590002445529495e-02
-5.302364035816543864e-02
2.037712347756258802e-03
-1.473331594159912883e-02
-5.289257452730079107e-02
2.917611351279020271e-03
1.459930998491393121e-02
-5.159911477101353922e-02
-3.694209520507181488e-02
-3.363459340774575118e-02
-5.200911996629013767e-02
-3.368279731472550304e-02
3.545994173446088971e-02
-5.210306201524919634e-02
3.831322858791860048e-02
-3.449323077857141540e-02
-5.183494373247302806e-02
4.143174126625803755e-02
3.314639508605048135e-02
-5.173289475364481471e-02
-9.373161312797476802e-03
-1.418489344450936558e-02
-5.183099749583751359e-02
-8.527596837463223903e-03
1.542914931073383240e-02
-5.191292293628513993e-02
1.300260258189512956e-02
-1.511142023285356496e-02
-5.184951808912231092e-02
1.441661686488277840e-02
1.474998207527556358e-02
-5.145116449619735466e-02
-5.709746374229535820e-02
-4.971593367419756271e-02
-5.173933216374434346e-02
-5.289620051856717964e-02
5.188157329241405852e-02
-5.181179807848331625e-02
5.755478341304024609e-02
-5.032022704349221193e-02
-5.159909433970849557e-02
6.159930307397305099e-02
4.845598579348674162e-02
-5.113244540754817435e-02
1.920381848415545151e-03
-8.494518170623396869e-03
-5.106994123181883560e-02
2.721088993038242761e-03
8.488970940475347102e-03
-5.102648274021166774e-02
-2.146273123859215176e-02
-2.088443366638540258e-02
-5.107746324308509722e-02
-1.964211694208747513e-02
2.215467513581959383e-02
-5.153861093171869384e-02
2.390944191818336964e-02
-2.186195847361552952e-02
-5.080551643330647599e-02
2.591682976978386746e-02
2.012073661174922090e-02
-5.025286051240004243e-02
2.301543959083197487e-03
-2.264935517818457856e-03
-5.031548485666081233e-02
2.491190180605644920e-03
3.523450949285388163e-03
-4.998122314388298709e-02
-8.623679898797720692e-03
-8.276735088601577806e-03
-5.007033237769652895e-02
-7.696900020885194191e-03
9.002187300360084063e-03
-5.011596591670768736e-02
1.233166105780857807e-02
-8.756591514541101767e-03
-5.001127317361898916e-02
1.341829764508905946e-02
8.425321124406640744e-03
-4.913884691627352225e-02
-8.087471690778785458e-03
-2.516282460086030799e-03
-4.914638147619556502e-02
-7.786050777570962568e-03
3.219334690341987913e-03
-4.916944218647929105e-02
1.264117291525273037e-02
-2.967979506919187545e-03
-4.915991108297564083e-02
1.294502633573979197e-02
2.702260840685360467e-03
-4.822105340720556077e-02
-1.976323942077685969e-02
-1.399832625465631530e-02
-4.846498741897995594e-02
-1.822962595666631491e-02
1.523426002627928204e-02
-4.846453017715835615e-02
2.303445556513113862e-02
-1.479522285062249802e-02
-4.833689873299712447e-02
2.454881474371686106e-02
1.402019796201638482e-02
-4.782485615634125831e-02
-3.375219176977735380e-02
-2.654857424661022022e-02
-4.814585848471253371e-02
-3.108481428745013542e-02
2.837224222004477645e-02
-4.820203114795346133e-02
3.577942957166162230e-02
-2.756190815081962717e-02
-4.797804885864802998e-02
3.837757101101466756e-02
2.625344834837986877e-02
-4.658383131668001470e-02
-5.145728806911633452e-02
-4.123083116798082620e-02
-4.695479483310952690e-02
-4.777991097746909360e-02
4.341882859914945186e-02
-4.709990359563786394e-02
5.252030828684529223e-02
-4.209185570048525754e-02
-4.680713367097155686e-02
5.600744062486401331e-02
4.029036949362752029e-02
-4.662230230671880749e-02
-1.863163584224964558e-02
-8.078566312562535448e-03
-4.679829215418360167e-02
-1.772489521561130404e-02
9.259016192353818758e-03
-4.680750309873166204e-02
2.267578664293152385e-02
-8.916844233247239390e-03
-4.670982195376559981e-02
2.355250034245033944e-02
8.169658709474924771e-03
-4.591079568015118267e-02
-1.792945468489157493e-02
-2.292421173355123441e-03
-4.596110882134798320e-02
-1.764382311836110856e-02
3.449504441999934421e-03
-4.594159475249326441e-02
2.266538382941829521e-02
-2.750529622947877999e-03
-4.592386515896657723e-02
2.289244056395346727e-02
2.466275563980416599e-03
-4.481608668969324499e-02
-3.115975866747076189e-02
-2.001021585840873432e-02
-4.527146486173442425e-02
-2.957541154037406431e-02
2.262058918235189051e-02
-4.538320942493965365e-02
3.460260164153560608e-02
-2.218019968879598319e-02
-4.497528874514403197e-02
3.594227631573555098e-02
1.982055615946729313e-02
-4.261086517710974825e-02
-4.726252482195955618e-02
-3.413691006394621585e-02
-4.301861123941260606e-02
-4.356462200611431468e-02
3.571903147820638946e-02
-4.314059051286420893e-02
4.835346352411033083e-02
-3.461889393921398911e-02
-4.285512318154000022e-02
5.192870932956453189e-02
3.340158205778533118e-02
-4.266268405328403623e-02
-2.918096609479401554e-02
-1.381516494879984555e-02
-4.298181272332741998e-02
-2.765112697013885623e-02
1.553672605802855662e-02
-4.293510289527593948e-02
3.261525522511227182e-02
-1.498089308305985620e-02
-4.297009006384860941e-02
3.375077343038076355e-02
1.375097029020423862e-02
-4.129231658486519352e-02
-2.771192598249915678e-02
-7.895798192278265237e-03
-4.149943119202173514e-02
-2.682563136986955074e-02
9.531329306564277279e-03
-4.145224281873832739e-02
3.189768632057603942e-02
-9.112819610673806095e-03
-4.136107945240332512e-02
3.277349671713596091e-02
7.912217246877104732e-03
-4.071991621920404564e-02
-2.687369557305714640e-02
-2.093001373030361958e-03
-4.073978410167702208e-02
-2.657716679351289704e-02
3.698216312394407915e-03
-4.072077221348097131e-02
3.167074033007078598e-02
-3.417284988417715764e-03
-4.069295176306439443e-02
3.197249056809475104e-02
2.219353805633848126e-03
-3.949920370887812643e-02
-4.277208459335661572e-02
-2.643064871659220674e-02
-4.043155958670065914e-02
-4.025003308538367686e-02
2.937791050178058944e-02
-3.991952692222430765e-02
4.506950975342388643e-02
-2.768630947011132409e-02
-3.967354077346783164e-02
4.756995844066582574e-02
2.597104488632508840e-02
-3.841173239374972431e-02
-6.647165763897620872e-02
-4.966097217669988850e-02
-3.864423866600253527e-02
-6.230685282408152115e-02
5.211177357297067797e-02
-3.876877794905864844e-02
6.716499141609724721e-02
-5.044867446631944724e-02
-3.853825964802178039e-02
7.105117488628734379e-02
4.817114793104729231e-02
-3.680035771239810460e-02
-4.023029898537024834e-02
-2.047045452760592674e-02
-3.754317831263653121e-02
-3.772133139285777786e-02
2.242477042028249989e-02
-3.742402249090592131e-02
4.317031548857099693e-02
-2.199403769089606706e-02
-3.731185626230373170e-02
4.488120696436039697e-02
2.009621265959799993e-02
-3.535504052572135958e-02
-3.716484707790941588e-02
-1.361986226279922156e-02
-3.506194846701037732e-02
-3.601380855743648718e-02
1.566402568308384105e-02
-3.554270334402587217e-02
4.086002368811230551e-02
-1.516020669608788250e-02
-3.482792598575897708e-02
4.261136296227280990e-02
1.338850118973558025e-02
-3.477461431302571182e-02
-5.993094328290116818e-02
-4.113481890639426181e-02
-3.529608928063333873e-02
-5.521809873424391585e-02
4.257062221664164453e-02
-3.486508278463484184e-02
6.129707934229990107e-02
-4.213535610753723487e-02
-3.495500109795087601e-02
6.458123111375146941e-02
4.003707769482295342e-02
-3.419045015454667824e-02
-3.541802266827837747e-02
-7.664735768170257216e-03
-3.438404091551383601e-02
-3.454920985955499402e-02
9.764083027759501085e-03
-3.434147253085201301e-02
3.986341969262978402e-02
-9.311936026863656957e-03
-3.420432058471563341e-02
4.069295368611971359e-02
7.691023579868297433e-03
-3.371863775772733496e-02
-3.436546172342732491e-02
-1.841570737994816355e-03
-3.374260295276600152e-02
-3.408816694488175231e-02
3.936125572147929248e-03
-3.367980378249487566e-02
3.948103330918757703e-02
-3.630156859388564920e-03
-3.365595787723123927e-02
3.978160453942780617e-02
2.006156127898241302e-03
-3.129868246150266375e-02
-5.460863024542645522e-02
-3.354152707595767224e-02
-3.216112727145192113e-02
-5.133069886645379859e-02
3.589516687171261100e-02
-3.228749799294398926e-02
5.630471069351451752e-02
-3.474428811206886625e-02
-3.200224511518370146e-02
5.921113037560673392e-02
3.260916950516232898e-02
-2.947650093086480114e-02
-4.985216666299498167e-02
-2.631854673656191385e-02
-2.981221966319548208e-02
-4.729142743867514875e-02
2.880583867356018360e-02
-2.985797711904718960e-02
5.243479247481533378e-02
-2.780884666016340823e-02
-2.963941456237492722e-02
5.483594550766483777e-02
2.575947653725570510e-02
-2.769394638839775546e-02
-4.612559682896706648e-02
-1.977381348951054094e-02
-2.801342893603707765e-02
-4.421213792505636342e-02
2.218863363922527268e-02
-2.801026660613765637e-02
4.954560030965763501e-02
-2.134187866024178301e-02
-2.777869248504959490e-02
5.138485518012465836e-02
1.936864411732671515e-02
-2.645816154282473395e-02
-4.333829412023006145e-02
-1.354241156042980745e-02
-2.670207104778670945e-02
-4.189886952776959717e-02
1.596373218617095496e-02
-2.657735184945178228e-02
4.740243802638668957e-02
-1.528923839707718030e-02
-2.642983484743562442e-02
4.878378521665377443e-02
1.332176501777501687e-02
-2.529563494908205687e-02
-4.177644334035927193e-02
-8.361283994468979991e-03
-2.564877570570868112e-02
-4.060346547277762785e-02
9.985631037151734835e-03
-2.583127091079031115e-02
4.622054526607276975e-02
-9.842410131680849605e-03
-2.514223200080780568e-02
4.719764557841768515e-02
7.534340415188929725e-03
-2.531663142464650462e-02
-4.025149415924802326e-02
-1.689897143923301112e-03
-2.535506209745698458e-02
-3.996849391042614497e-02
4.105619123258348428e-03
-2.517695773837013914e-02
4.567544963508912009e-02
-3.783463943170244093e-03
-2.506814828859312005e-02
4.619940625165393222e-02
2.671773882743114833e-03
-2.369214209470307114e-02
-7.290518559445732794e-02
-4.952131683617439634e-02
-2.388885089957518137e-02
-6.881772749171831405e-02
5.215321987759889699e-02
-2.393900964222797634e-02
7.374235870871555243e-02
-5.037208379075497344e-02
-2.378822344516986001e-02
7.759362408635503416e-02
4.797361135067074178e-02
-2.147277458559809435e-02
-6.566184017938413164e-02
-4.107132970916172604e-02
-2.172603377491395815e-02
-6.213979182259436740e-02
4.366763794976554619e-02
-2.178763413796886220e-02
6.717734185305064554e-02
-4.219206516876583546e-02
-2.158098780081868853e-02
7.051869443679398275e-02
3.986067216086269793e-02
-1.962352283089373664e-02
-5.950883794516857728e-02
-3.337776620701844721e-02
-1.988997069407842308e-02
-5.660676495817949100e-02
3.594242911408280367e-02
-1.998401378200890047e-02
6.189530906879660982e-02
-3.473485722351095373e-02
-1.975859907286069486e-02
6.465015555424670490e-02
3.244827085505241904e-02
-1.778079537167051583e-02
-5.530885220730435287e-02
-2.699860498044178575e-02
-1.818276801452909514e-02
-5.241276735440594109e-02
2.917218268484575092e-02
-1.923191374004923002e-02
5.776029686656495438e-02
-2.870482272760256984e-02
-1.829658620579700107e-02
5.986787788217087791e-02
2.561718904590666590e-02
-1.717873170148291953e-02
-5.075354562631857053e-02
-2.008492735492501541e-02
-1.731779635663887110e-02
-4.858429054394194230e-02
2.225636169745341328e-02
-1.729156601702900101e-02
5.492475897129942691e-02
-2.249431909577708985e-02
-1.656204479078730168e-02
5.655242937597561997e-02
1.974009712460245494e-02
-1.641680981979627696e-02
-4.748485124953993192e-02
-1.339701105737644421e-02
-1.655501977851904158e-02
-4.608425346639722503e-02
1.601858303782946122e-02
-1.644061608996517238e-02
5.196375156751865260e-02
-1.544157856125205792e-02
-1.631785001290351686e-02
5.326917721273641965e-02
1.319421554214974222e-02
-1.593207862390328203e-02
-4.530214658881518558e-02
-7.429879270009118707e-03
-1.602875915234027934e-02
-4.448546077488287759e-02
1.001618498649674109e-02
-1.587742229780079312e-02
5.058558632578502579e-02
-9.582962990567142625e-03
-1.579050614481456935e-02
5.134848048981343477e-02
7.393770424912014458e-03
-1.572871106538367009e-02
-4.420465918276017536e-02
-1.593066362666472561e-03
-1.572991702047881260e-02
-4.386377439592135247e-02
4.214432266438763140e-03
-1.557505581102665120e-02
4.996520811005024376e-02
-3.898732501962920254e-03
-1.553970368940842291e-02
5.026366212304156367e-02
1.721513656087234490e-03
-8.018035338075940252e-03
-7.619482851482570207e-02
-4.939417324698382183e-02
-8.197371437904178368e-03
-7.212502488780679621e-02
5.214515615288572992e-02
-8.099543785192057921e-03
7.712167118641212460e-02
-5.046345622429466299e-02
-8.002865886153325697e-03
8.092949744715265126e-02
4.786497523568197798e-02
-7.267492477745752209e-03
-6.856436148281211396e-02
-4.097650018462539734e-02
-8.039393254725265767e-03
-6.496119853507037467e-02
4.362687198542897216e-02
-7.227119546077269072e-03
6.918206534253561191e-02
-4.080280476149510810e-02
-7.260027852879069946e-03
7.353886117626542984e-02
3.976401429253350467e-02
-6.317927509810492524e-03
-6.254275688554282453e-02
-3.369154543585609063e-02
-7.060736410418586018e-03
-5.945762033701079002e-02
3.625070707840916812e-02
-6.989293304148783137e-03
6.398121644895582438e-02
-3.373239141583326411e-02
-6.647419621890385440e-03
6.741845544572569460e-02
3.236173655726235637e-02
-6.188204359380107371e-03
-5.706633534413863701e-02
-2.616712539400111587e-02
-6.288185225630126517e-03
-5.460480657307837521e-02
2.892895221429434005e-02
-5.639436874763902215e-03
6.015343285513961163e-02
-2.796727423408133101e-02
-5.382182762068286191e-03
6.234484468098409199e-02
2.539914160763239587e-02
-6.508171463896922707e-03
-5.295908432074306754e-02
-2.025141009023058089e-02
-5.887574249792614130e-03
-5.088237701028791582e-02
2.230736278858989202e-02
-5.162428089334686505e-03
5.721503485681404821e-02
-2.227949271375362014e-02
-5.781554685563352995e-03
5.851564887184005498e-02
1.916615686298684187e-02
-5.531401876909705466e-03
-4.955088294621138451e-02
-1.335891766700606116e-02
-5.052684923617344927e-03
-4.831238060267688955e-02
1.626267274760338777e-02
-5.008561199990015783e-03
5.431530217370344332e-02
-1.544579209582987687e-02
-6.216611562388453006e-03
5.566399746364175671e-02
1.362280586874894429e-02
-5.396734100075939108e-03
-4.732773450532131582e-02
-7.354900761004536450e-03
-5.453063676149744882e-03
-4.657373971037591376e-02
1.007356038399450336e-02
-6.022772172367167436e-03
5.265513031499279711e-02
-9.081529944484903125e-03
-5.326388292571869118e-03
5.354283627206105067e-02
7.342659718524213730e-03
-5.334915958938869253e-03
-4.620664012773984669e-02
-1.549542266333000249e-03
-5.383816151543898559e-03
-4.592857593136571298e-02
4.213032614302228245e-03
-5.276133323606428671e-03
5.218817921777096219e-02
-3.947458685668899306e-03
-5.250123817972716239e-03
5.240998734998131986e-02
1.668851099880906555e-03
2.528511310638860334e-03
1.098428730695927193e-03
-5.003627833271592079e-02
-6.691784859368108933e-06
2.073405798527722631e-03
5.026684313611765043e-02
5.296914211331971677e-03
-4.616826804103817822e-02
-9.006686321829660002e-04
5.186597105891128587e-03
-4.598695028764885478e-02
4.205556384049756458e-03
5.269397417608658041e-03
5.217718716955213609e-02
-3.980549436908824984e-03
5.267913057460163299e-03
5.240911576470126676e-02
1.644814070389367814e-03
5.262517348511330448e-03
-4.737383924453814066e-02
-7.410093878724788655e-03
5.307166010115106983e-03
-4.660942461168458839e-02
1.007756115877126574e-02
5.398524326247298305e-03
5.285655989831301860e-02
-9.633826524347662359e-03
5.375600870540702368e-03
5.353184105691158323e-02
7.316205535682124630e-03
4.941690079330512964e-03
-4.972629752435748368e-02
-1.343900222888074446e-02
4.817591276391600119e-03
-4.846322097196323342e-02
1.667952612185437042e-02
6.194317937238448708e-03
5.445774750777492706e-02
-1.613963708266879724e-02
5.559631196120425230e-03
5.554417633212261479e-02
1.312638529032782338e-02
5.754570741340543291e-03
-5.290219573124799179e-02
-1.964503920781807481e-02
5.705457713780104183e-03
-5.086415928971110140e-02
2.232776794755135866e-02
5.853236472459259591e-03
5.680419859092179086e-02
-2.149570256388878484e-02
5.854744428954622090e-03
5.850934897391690120e-02
1.915718998580814500e-02
6.116217183861277079e-03
-5.711433823475318278e-02
-2.611624544715943769e-02
6.105808952956305775e-03
-5.468623597895037880e-02
2.892654678559055531e-02
6.222550640151899674e-03
6.013064885553097427e-02
-2.797343968430602082e-02
6.563389475609444391e-03
6.277226509199408666e-02
2.607932881120749585e-02
7.438545970953050132e-03
-6.262927611711072151e-02
-3.395096552646061083e-02
6.085304696744560198e-03
-6.004681627193188265e-02
3.681546368274191128e-02
7.080393443741574665e-03
6.455602131707183222e-02
-3.468303197443805413e-02
6.106165303143831422e-03
6.794669406091943809e-02
3.300519194363316783e-02
7.231108699180520752e-03
-6.854236170717255272e-02
-4.095306635279374191e-02
7.180298358923279875e-03
-6.518800800499567616e-02
4.370511962887282942e-02
7.364621305102616797e-03
7.028381984714676678e-02
-4.221212178424039313e-02
7.379184750813348563e-03
7.353263549794417098e-02
3.976506919454759342e-02
8.012835702495283569e-03
-7.616458811127145567e-02
-4.937192023838091887e-02
7.881575865881486342e-03
-7.219463269263343141e-02
5.215825755600156377e-02
8.060967648931461130e-03
7.713630224270934255e-02
-5.033523603059993079e-02
8.132638101243757495e-03
8.091830384894244110e-02
4.786328311837654420e-02
1.557806210276665819e-02
-4.426923501685823409e-02
-1.599913592444541025e-03
1.558252178117149229e-02
-4.402044521522398279e-02
4.207112133850272710e-03
1.559616648961215796e-02
4.996432223724289745e-02
-3.911919391518099004e-03
1.558889940736243700e-02
5.029164644870419421e-02
1.685987361823790233e-03
1.578974699634550297e-02
-4.547874298266428583e-02
-7.434799140978545426e-03
1.591011705183388580e-02
-4.464153669513065692e-02
1.005100331859550868e-02
1.587675403038991614e-02
5.060978145031662379e-02
-9.597041527726075244e-03
1.585221089437057959e-02
5.137092967129441856e-02
7.360491838999767486e-03
1.630062629924098130e-02
-4.747929901672842679e-02
-1.337717681692656563e-02
1.647601639202903381e-02
-4.624026141657232303e-02
1.610185074315503839e-02
1.643180616007434980e-02
5.199721016974748894e-02
-1.545777945120260267e-02
1.638682501778401801e-02
5.328733938786842789e-02
1.316618341131329736e-02
1.705979144739428258e-02
-5.050585498700591036e-02
-1.957413643834439790e-02
1.722956191834472753e-02
-4.879562702455723933e-02
2.233015689738883022e-02
1.793158700033230593e-02
5.452324192076958564e-02
-2.219365923964821546e-02
1.723067832484498005e-02
5.610332172737736434e-02
1.921174137307105068e-02
1.889670147655958532e-02
-5.485747077246956593e-02
-2.683069063663476306e-02
1.780821763641005778e-02
-5.284019808095295062e-02
2.962576217742967852e-02
1.790011546140906143e-02
5.832383494926875189e-02
-2.891633794474006425e-02
1.838272253305986426e-02
5.987253055444190231e-02
2.559701821367607252e-02
1.913157547258571498e-02
-6.072500714513268116e-02
-3.458222629493775541e-02
1.954532361851677932e-02
-5.734689066171525657e-02
3.679843777166709462e-02
2.029780909803568026e-02
6.282025858947828945e-02
-3.607398677058969161e-02
1.986940195889701916e-02
6.463295750255129701e-02
3.243293749501525297e-02
2.184044273457386512e-02
-6.598876956289555229e-02
-4.157015684611874845e-02
2.150512105444719532e-02
-6.225215097429796091e-02
4.373276079119623599e-02
2.179760817759091029e-02
6.723995851300701432e-02
-4.223280129165250113e-02
2.192086991482775776e-02
6.929257308625542955e-02
3.861870564187384197e-02
2.373250758597490739e-02
-7.293804468469904101e-02
-4.950607224448891341e-02
2.364699718779040422e-02
-6.892865985849447319e-02
5.221606434297002691e-02
2.395221801121508176e-02
7.375013013819999019e-02
-5.044407120948422169e-02
2.392619575046385852e-02
7.757914832174940545e-02
4.794863270228893332e-02
2.519836892240854762e-02
-4.031926481825765657e-02
-1.712622955249486299e-03
2.530290665876630193e-02
-4.010142000003874552e-02
4.101744559612654877e-03
2.524598815295579432e-02
4.571732091584717467e-02
-3.839335573711871556e-03
2.523198291473382690e-02
4.600750014411911226e-02
1.788841091369278895e-03
2.559930075263756530e-02
-4.137346591155729308e-02
-7.563992023850140897e-03
2.622978984058336668e-02
-4.047382479466719168e-02
1.003255855144159249e-02
2.566549631083025682e-02
4.649139570204816746e-02
-1.013718708012297659e-02
2.529776399223925692e-02
4.718469586252846404e-02
7.521888352565848923e-03
2.636767966748221684e-02
-4.336451862927882123e-02
-1.352135406593996461e-02
2.662036723403039817e-02
-4.215376072183563139e-02
1.600864012809417869e-02
2.662008508604806964e-02
4.751885727788227043e-02
-1.534989321072598341e-02
2.650136193220013411e-02
4.878634875223483020e-02
1.329425315068939045e-02
2.766287934388494615e-02
-4.612966921145844612e-02
-1.972116955283831005e-02
2.789178428114987354e-02
-4.443699491442902605e-02
2.225269517841900815e-02
2.802184535737482426e-02
4.959559665154074370e-02
-2.141148815842067524e-02
2.785867103856223478e-02
5.137109336416778582e-02
1.934382191393493530e-02
2.948753587811096463e-02
-4.982937436086515293e-02
-2.625779051778761447e-02
2.966373129490407906e-02
-4.748884513245960060e-02
2.886238041693596143e-02
2.988952575157824768e-02
5.248567546929493871e-02
-2.784470509086081971e-02
2.971419443643709066e-02
5.479957101038041706e-02
2.574072070313883354e-02
3.177180408143844698e-02
-5.436129568105514676e-02
-3.334965046129700211e-02
3.201376104219014890e-02
-5.146862095234291945e-02
3.595460426983635577e-02
3.226672929590564121e-02
5.628681631020719667e-02
-3.476639030919423390e-02
3.226354512260811574e-02
5.918643110795031304e-02
3.270938460015067328e-02
3.371511393720515171e-02
-3.443047202460196993e-02
-1.863011322219612458e-03
3.332275509740883351e-02
-3.448735966012240334e-02
4.437001715085520624e-03
3.374604862457577376e-02
3.951350030362442423e-02
-3.687544836859560447e-03
3.333410322061539782e-02
4.018078639982342048e-02
2.419990147188634446e-03
3.421003373064774450e-02
-3.532518430089532507e-02
-7.664550094853893845e-03
3.426207116255812479e-02
-3.464508676715773172e-02
9.802071628774208789e-03
3.442087062407784420e-02
3.993972610064580597e-02
-9.374208316649777772e-03
3.426402047069145723e-02
4.069962437540106115e-02
7.658460976905371448e-03
3.469546103043746194e-02
-5.954696432418810775e-02
-4.073763520402415989e-02
3.493401070790938534e-02
-5.640896913672105439e-02
4.367305240724839166e-02
3.521905442157235999e-02
6.122296539268216875e-02
-4.221910161904619124e-02
3.507510567454350664e-02
6.454828539963533562e-02
4.000962441133527892e-02
3.479172386016086277e-02
-3.759544998472407612e-02
-1.384847987358155813e-02
3.548925998040619589e-02
-3.579814466291318664e-02
1.580765107881281634e-02
3.564730637733942720e-02
4.099662142669292103e-02
-1.521194281035490731e-02
3.490456913881943846e-02
4.260401206487905712e-02
1.339034278180297431e-02
3.690531370536238170e-02
-4.020006315279681802e-02
-2.060831680425366519e-02
3.727471450149991150e-02
-3.772366859253820787e-02
2.206840992487477809e-02
3.743962986224231432e-02
4.265153427642639355e-02
-2.129526789160513314e-02
3.739136999790346888e-02
4.468861960379046094e-02
1.989179286667052890e-02
3.832750825159314534e-02
-6.641881975144806050e-02
-4.948874033261762423e-02
3.848194357085707451e-02
-6.243966015613452297e-02
5.217628278206568743e-02
3.876532529022230084e-02
6.715317692362571256e-02
-5.043648688888451026e-02
3.940214983217794897e-02
7.049009561403789259e-02
4.814888149304033527e-02
3.971642235795293241e-02
-4.349784217931428748e-02
-2.741509484185706419e-02
3.975570473992069698e-02
-4.034266160150074693e-02
2.866960132675013331e-02
3.999913201425384784e-02
4.510596316001421607e-02
-2.767417233606790650e-02
3.974147030777993445e-02
4.752428007027570400e-02
2.594847711932912401e-02
4.068064854949959841e-02
-2.685476878155359376e-02
-2.002555873338955888e-03
4.087987234877556164e-02
-2.643333020181545812e-02
4.800870901286139088e-03
4.095946083534264537e-02
3.140838219696990424e-02
-2.999712751822924094e-03
4.114921627707857077e-02
3.154589614225630084e-02
3.008803174448629585e-03
4.128823176607782780e-02
-2.764472426240540195e-02
-7.835345771244348403e-03
4.137807714756026184e-02
-2.687637181788009658e-02
9.592406686984505243e-03
4.152940972484220339e-02
3.194387432190606141e-02
-9.155101052043340681e-03
4.140538976792614706e-02
3.276900304271278958e-02
7.885937147712150652e-03
4.289891991844368979e-02
-2.865567331585805802e-02
-1.379485328834308827e-02
4.284446349449444469e-02
-2.774875410103498294e-02
1.555469647228974357e-02
4.301217874413277437e-02
3.269000285989451249e-02
-1.501507401293830472e-02
4.299140859646454621e-02
3.376059740535684167e-02
1.372799329862724009e-02
4.260574386747562753e-02
-4.669676555640395188e-02
-3.349559458733721712e-02
4.291319031820713809e-02
-4.371543027166772261e-02
3.576563019544315436e-02
4.312265513464217520e-02
4.832959077694839317e-02
-3.462812631423055343e-02
4.412502419452202923e-02
5.145136840943387996e-02
3.401277414437884478e-02
4.477575866816600053e-02
-3.113640604167371845e-02
-2.000809663182102557e-02
4.537267463243100513e-02
-2.903037821212445940e-02
2.214555550261511005e-02
4.539035920737954227e-02
3.408737436476610982e-02
-2.148858151285332890e-02
4.502766560298632897e-02
3.590109438856529250e-02
1.979658712777109669e-02
4.594658344316034093e-02
-1.746022208109472562e-02
-1.806102157390614832e-03
4.563798208092594011e-02
-1.816652361284061198e-02
4.277444373705330607e-03
4.598437262257284303e-02
2.258813022431243808e-02
-3.229857964511388332e-03
4.609023105829358757e-02
2.293665930521062227e-02
3.276841811601732390e-03
4.656719529292026316e-02
-1.858720311639546971e-02
-7.996415296757120386e-03
4.668262025029402268e-02
-1.776349978595221160e-02
9.318584433031377665e-03
4.683916662879474002e-02
2.269095787190661753e-02
-8.973039235554532839e-03
4.673798647194768452e-02
2.353516068227952743e-02
8.136208745834792172e-03
4.656289433613411410e-02
-5.145298670239507183e-02
-4.121196112668221861e-02
4.684160099514612235e-02
-4.792675380653119849e-02
4.348211264798763909e-02
4.758337646531956427e-02
5.265312303936098975e-02
-4.261293600249736052e-02
4.692057511303086847e-02
5.595817827502611724e-02
4.025833105520848498e-02
4.775757404995780581e-02
-3.375072354681697695e-02
-2.657016437708157111e-02
4.805997742044488402e-02
-3.119444258693604421e-02
2.837152960177305103e-02
4.825825253370883555e-02
3.580726272847882530e-02
-2.760185358759053437e-02
4.803947224599521698e-02
3.832472291621795424e-02
2.622663406517108248e-02
4.775241521833249736e-02
-2.023651680294810684e-02
-1.351355982217959835e-02
4.836305609910735576e-02
-1.828422138172526579e-02
1.526802177808588012e-02
4.844058858762818887e-02
2.323125831125112672e-02
-1.494933875262433390e-02
4.835976755906688102e-02
2.450842877124517760e-02
1.398757812408989512e-02
4.907348540115415159e-02
-8.075849309256791578e-03
-2.504751327820319440e-03
4.906771161400548531e-02
-7.793237158716380050e-03
3.224061438693967725e-03
4.918440032649773475e-02
1.264078406517438191e-02
-3.009995558307334510e-03
4.934109608793767893e-02
1.248463967371268510e-02
3.419201810548169566e-03
4.991695342039620398e-02
-8.588703601783077846e-03
-8.258447456797537653e-03
4.987545844836621667e-02
-8.040919345150578795e-03
9.015677755728019813e-03
4.999269094032155608e-02
1.292653950940689939e-02
-8.835768830326645035e-03
4.986324305325610939e-02
1.400860655182906665e-02
8.444996402091741600e-03
5.026871137142013141e-02
2.237685104038431624e-03
-3.119754030446015691e-03
5.022547642043277694e-02
2.544869619320548788e-03
2.935008859013154246e-03
5.050610570703814584e-02
-2.042514075977901189e-02
-1.926142037565041834e-02
5.086915909665552793e-02
-1.920180719877701003e-02
2.146673903563383820e-02
5.104138288836224113e-02
2.380362310999721218e-02
-2.098314491187923056e-02
5.084510063659086060e-02
2.585590247291524868e-02
2.009122067432685468e-02
5.101111269003748977e-02
2.455249981539597490e-03
-8.488382506622770690e-03
5.111271156622011064e-02
2.818928701940763386e-03
8.691083161496353238e-03
5.141948423442049831e-02
-5.708160042980268273e-02
-4.963066719265044058e-02
5.162173797935561137e-02
-5.302371389707773164e-02
5.195015341283789473e-02
5.179281836991786458e-02
5.753248423778186543e-02
-5.020385359764759081e-02
5.173156229346687757e-02
6.155171480830189806e-02
4.840850440000154381e-02
5.165204469786469771e-02
-9.342679127628525371e-03
-1.415886812159130106e-02
5.185368277892712235e-02
-8.303892816026345672e-03
1.545211885327894483e-02
5.193107075656053229e-02
1.187445103403420715e-02
-1.469278991307176006e-02
5.179813328317650623e-02
1.402707187932632389e-02
1.427779937863346733e-02
5.159688628253084053e-02
-3.780268944063591013e-02
-3.425877136465180911e-02
5.175081756668355182e-02
-3.370480692298557374e-02
3.517395034339042964e-02
5.208843037418076777e-02
3.803281509515711589e-02
-3.422269934524162921e-02
5.204744073227263873e-02
4.244154077475918024e-02
3.409592781115896448e-02
5.287929639830889900e-02
1.744918287978760663e-03
-1.447191156573502183e-02
5.287354667691839677e-02
2.855208959690357269e-03
1.451767011423085035e-02
5.403620075494117159e-02
-2.318691996905018066e-02
-2.669608416031900300e-02
5.427232394436364016e-02
-2.051033894715701550e-02
2.802877909749108831e-02
5.442196773747114136e-02
2.496989186471684427e-02
-2.747230723239349123e-02
5.424816206378195449e-02
2.760561102004787867e-02
2.654620494843295750e-02
5.431421191504744173e-02
-1.032083375921343839e-02
-2.033715639174015974e-02
5.446193333283289723e-02
-8.200175793345783684e-03
2.109606060018863471e-02
5.454795900414362297e-02
1.271978121665394944e-02
-2.077567571996058113e-02
5.446597614425109646e-02
1.483794255586942321e-02
2.040477482429440756e-02
5.569919215215596298e-02
1.163108746719681468e-03
-2.070394417181263894e-02
5.565746421343779893e-02
3.318840062228787212e-03
2.074478871925299409e-02
5.637675549888299803e-02
-4.070701533099937985e-02
-4.133680620589797600e-02
5.667397729585545857e-02
-3.709280396054628198e-02
4.315317313992807213e-02
5.563510118598942455e-02
4.159255607286464068e-02
-4.087619667045895577e-02
5.671571175993720543e-02
4.509830588138345059e-02
4.058958688406015536e-02
5.795453030636443792e-02
-1.149224406812666965e-02
-2.687911478556491429e-02
5.789800015410844630e-02
-9.311066550462751557e-03
2.757940677577425809e-02
5.818908073757519256e-02
1.244914975836726966e-02
-2.719532769390377996e-02
5.787058906180383988e-02
1.638828490642650279e-02
2.680346347663018977e-02
5.877074287559782423e-02
-2.502314278098099684e-02
-3.399919728527394519e-02
5.889237723697662852e-02
-2.235389120833873242e-02
3.544527902054793456e-02
5.863348583355427329e-02
2.650502595842643000e-02
-3.413508468955287617e-02
5.861945240912385530e-02
2.978484116828612402e-02
3.346228801914642725e-02
5.936171279844661836e-02
9.444674239463543087e-04
-2.715693180710242183e-02
5.938860996397757330e-02
3.543143223222466019e-03
2.726253573778544131e-02
6.226364842127343757e-02
-4.524475139249198308e-02
-4.981165249657600741e-02
6.247864569642200966e-02
-4.107340746021543448e-02
5.160290790344163048e-02
6.259746960502136914e-02
4.546814535179603128e-02
-5.023867468781872264e-02
6.252354650109015477e-02
4.957164611226188428e-02
4.878489089521778621e-02
6.260362094634086549e-02
-1.284662760927716800e-02
-3.390309085724829002e-02
6.279402247110064950e-02
-9.534877643700241309e-03
3.466512362344666143e-02
6.284410486239500049e-02
1.379635901647219796e-02
-3.422895694808521239e-02
6.277815844028296344e-02
1.706013504414379683e-02
3.385158307732596267e-02
6.376807810037007918e-02
-2.816575498250247639e-02
-4.142235430645380828e-02
6.402595506454353269e-02
-2.444606514751936771e-02
4.274148686594667068e-02
6.415720614170818126e-02
2.872701568766427085e-02
-4.193684076898049340e-02
6.403827446841557636e-02
3.244043762845591483e-02
4.097358452518530536e-02
6.387897779686568800e-02
7.801385740944116482e-04
-3.379376984015070029e-02
6.417447829165616457e-02
3.762500326115193229e-03
3.425631449105621951e-02
6.837173028551017662e-02
-1.434079563983913473e-02
-4.154411635774903772e-02
6.856992784727156121e-02
-1.054258787828580950e-02
4.230228459872796554e-02
6.861413580010222724e-02
1.473896281921227222e-02
-4.178233191888672260e-02
6.857315088926022040e-02
1.854011283444590569e-02
4.140222581621882947e-02
7.003594976969650110e-02
1.408297802157024864e-04
-4.165567908693108834e-02
6.908143515253313549e-02
3.530214721822877346e-03
4.058967454843786377e-02
7.035741136166441534e-02
-3.130344767703568259e-02
-4.981793294825977159e-02
7.056092082592872738e-02
-2.711062076772086799e-02
5.116031896406657287e-02
7.064464541729685576e-02
3.146969481754487846e-02
-5.021662736881370159e-02
7.059770448042787527e-02
3.561345629829425208e-02
4.920796000087142991e-02
7.540548400073769642e-02
-1.600644223824571402e-02
-4.992206495955655438e-02
7.538020649777632531e-02
-1.239691020086221458e-02
5.069518565209641531e-02
7.556060056733278352e-02
1.605203813448770334e-02
-5.009008464824001028e-02
7.558944405141923562e-02
2.028405340320649231e-02
4.968191406742508698e-02
7.711129712221023724e-02
-5.992006023195372731e-04
-5.000146970993491619e-02
7.729681593569948106e-02
4.249560163760310316e-03
5.016622313243031955e-02
5.226347636946167795e-03
-5.257046275843026834e-03
-5.347478652845242403e-03
-1.759109884165890522e-02
4.025262437665931754e-04
1.512029756484034940e-02
-2.225708766687895315e-02
8.758392722075876349e-04
-3.126526853391406457e-02
-2.386848422394731092e-02
-3.029321704287011099e-02
-9.450797419985461703e-03
-2.444108708694794213e-02
3.348794313881707507e-02
-1.112882854988799311e-02
2.430750604830306250e-02
3.386715438221284125e-02
-1.199272981610971858e-02
-1.308782878827337987e-02
-1.776963705213410391e-02
-3.222316114009107519e-03
2.944643990007615383e-02
-4.514432609462317933e-03
1.993213344477372251e-02
1.924220758372017712e-02
-1.445841453211890726e-02
2.922799963860710920e-02
5.029522041371337591e-03
-4.335308791211840707e-02
-3.381285636894196950e-02
-2.037677372099388692e-02
-2.078361339176260439e-02
-2.459968593025432804e-02
-4.449914576562299245e-02
-3.265054070706126244e-02
-3.940786502747126857e-02
-4.340807872095336223e-02
-1.045085223768649034e-02
2.735885532350222984e-02
-4.958631871845388395e-02
-1.481396304026432083e-02
4.048016432223754818e-02
-5.406531553993459277e-02
4.281750390459634209e-03
-3.787677158915035702e-02
-4.653073026383586913e-02
2.834383216461758997e-04
-2.666285126809824976e-02
-4.591201836094203903e-02
5.722419425092838824e-03
2.490240554721703109e-02
-5.324024674307908239e-02
6.011270972701197347e-03
3.895912060355605222e-02
-4.920818173653514205e-02
2.162576187743771999e-02
-3.890185499735717561e-02
-4.283812485165447437e-02
1.538742715520057501e-02
-2.746221785547392838e-02
-5.088014767760157264e-02
2.262232425047784601e-02
3.849515843222023337e-02
-4.705984728642320647e-02
3.823328281661900196e-02
3.990595755557243413e-02
-1.429221583930190623e-02
4.285843042287620919e-02
-2.648214853697698767e-02
-3.312841002367818144e-02
-4.438426791733606630e-02
-3.990069450569082993e-02
-3.204474167841460386e-02
-4.123902826541599870e-02
4.187953578915844938e-02
-2.881985056455541733e-02
-3.253994926222296413e-02
-3.661971758076604244e-02
-3.108398481654430986e-02
-3.222542641157254140e-02
-2.356733627203566953e-02
-3.276443383706838242e-02
-2.667420319467301085e-02
2.499153456273798743e-02
-3.604124294704631054e-02
-2.841489121645399477e-02
3.827237905489694336e-02
-4.117422672165458458e-02
-1.686258496082411809e-02
-2.705789216275542378e-02
-3.570557555598029981e-02
-1.440494757674915839e-02
-1.041062156885000367e-02
-3.423289371640860640e-02
-1.684581902581986854e-02
7.928011095842934716e-03
-3.085272744486453056e-02
-1.021536707212550472e-02
3.735681234919004112e-02
-3.874939374359502586e-02
7.365009043415607533e-03
-1.051605263160291029e-02
-3.913881623432477475e-02
4.064379863095321684e-03
8.372945185372474008e-03
-3.020484292240739957e-02
3.050660303834848951e-03
2.532778950798206599e-02
-3.813816617017289773e-02
1.200162730267811560e-03
3.660103424761526614e-02
-3.286209440154597150e-02
1.766095658598373225e-02
-3.772185936163097164e-02
-3.416446888777027735e-02
2.319685685277408926e-02
4.296099282573287090e-03
-3.943329537953345343e-02
2.212935732516729814e-02
2.414255984947218103e-02
-3.537237775045549981e-02
1.766377065016500741e-02
3.916949766069708488e-02
-3.671371797043544716e-02
3.717897490939437583e-02
-3.875652172948186591e-02
-3.213760246831093292e-02
3.284355257708891640e-02
-2.638651097960757058e-02
-3.008621904347434997e-02
3.762563251588436908e-02
2.310575393409830189e-02
-3.592078500540336200e-02
3.630365796327666983e-02
3.666050060311507042e-02
-3.081304866967281980e-02
4.944113798219193501e-02
3.737777078083840548e-02
-1.701265918198328897e-02
-4.964609155337633417e-02
-3.851556706628862098e-02
-1.639627651951652484e-02
-4.818888580111947012e-02
4.097255714445163094e-02
-1.803594627600103167e-02
-3.203470876559994657e-02
8.352079055296167051e-03
-1.653633535083642511e-02
-3.564358806018303599e-02
2.735888644420430421e-02
-2.147267927071522253e-02
-1.399529002544388362e-02
2.219275238600802724e-02
-1.680823104278546254e-02
-1.813903224148238555e-02
3.829047568176589811e-02
-1.490542341607962139e-02
7.306164146118743598e-04
-6.478628169187432458e-03
-1.652104106824625607e-02
2.754726954163293825e-03
3.540859380732928885e-02
-1.819473484307025657e-02
1.984082939839280219e-02
-3.835464049249178581e-02
-1.808569062195810803e-02
1.890322256854940625e-02
-2.030017612569658125e-02
-1.621140397334955296e-02
2.152168025273626731e-02
6.725314245963787130e-03
-1.589261002792864350e-02
2.165612242338120150e-02
2.454306752056353846e-02
-1.638816400608303706e-02
2.087294825228191639e-02
3.831699267610843423e-02
-1.802082179825447578e-02
3.909962019573669234e-02
6.253337917753640750e-03
-1.426253634781805835e-02
4.620354125955156155e-02
2.244704793560470604e-02
-1.815506320531596815e-02
3.937801988482129284e-02
3.623241939524426275e-02
-1.742415867211598995e-02
5.062232437696802950e-02
-3.939647640820312380e-02
-1.787050295961915142e-02
5.591936155002407566e-02
3.755492734572899588e-02
9.507950695510850991e-04
-4.235689067523965012e-02
2.764868593947808484e-02
1.128306201412381275e-03
-4.771786334514015876e-02
4.041371998371080104e-02
-1.089100269108644707e-02
-3.965105446939860834e-02
-2.473959757022469591e-02
1.559193185717734761e-03
-3.521067374509146558e-02
-6.426822831010828296e-03
-3.791324102222688752e-04
-2.925657061203457837e-02
3.644321861696488835e-02
-2.599519966147536328e-03
-1.428792459370855500e-02
-2.888167666296790476e-02
1.575255129594318147e-04
-3.585256065382501356e-02
1.441398972947149221e-02
-2.206601611447202532e-04
5.078183814828234402e-03
-2.625771280612588729e-02
-1.574826127133892696e-03
2.163279248079758368e-02
-3.418303041560413064e-02
7.588623646020646769e-03
1.717955445960884717e-02
-4.658583167974476337e-03
2.322304172948271451e-03
1.703128109208700697e-02
1.759031730319820380e-02
2.803283740848556277e-03
2.170936461008609458e-02
3.775612746899383032e-02
-5.658147433682051948e-04
4.050364047094118236e-02
-9.884715108101098033e-03
-4.900955250284816985e-04
4.358212348524839741e-02
1.908626780840580114e-02
-1.320569274614136071e-03
3.610787106707895322e-02
3.508397457519989854e-02
5.259715533980843793e-04
5.514582949525213135e-02
-3.988570617809454599e-02
3.261251207177956815e-03
4.687039717766463415e-02
-2.896213282399703187e-02
-1.896974897001808336e-04
5.303584362514294354e-02
3.290621056263636629e-02
1.774574623285864183e-02
-3.513354483858320554e-02
-1.967541724691355270e-02
1.783788341820724196e-02
-3.223676576536071980e-02
7.945234523607713414e-03
2.206164052436709877e-02
-3.297296754383940293e-02
2.476537283066943679e-02
1.651459990518398813e-02
-3.837019947766662220e-02
3.932591793669805436e-02
1.866966020293535714e-02
-1.503811523242696950e-02
-2.299441611926430346e-02
1.997647320901784970e-02
-1.952154745075954795e-02
-3.383568021819216565e-03
1.857825902108941121e-02
4.624083880580340386e-04
-3.572901628134340229e-02
1.408986368242252235e-02
8.803009899026724037e-04
-1.900807839033066826e-02
2.020948471036598804e-02
7.455877461223273626e-03
1.192972997454322739e-02
1.821191518648467705e-02
3.661211822511944991e-03
3.371877526681294618e-02
1.835550852964394977e-02
1.780912357635888038e-02
-3.852813248292395049e-02
1.442451062485725771e-02
1.727639505499000555e-02
-2.251301284287989327e-02
2.237347250496781945e-02
2.125580231652987595e-02
3.367361916395306132e-02
1.820708117005992444e-02
4.008088343419140276e-02
-2.612846265746677360e-02
1.657737461767423356e-02
3.891528380924341030e-02
6.213987481284108730e-03
1.636289205156914173e-02
4.162564346403685445e-02
2.609644950197592683e-02
3.229303068758974243e-02
-3.387686906220069988e-02
-2.686066828853626853e-02
3.300919225033515508e-02
-3.654534959604401056e-02
4.062919662442035507e-02
3.799031715797921566e-02
-1.714205632050744277e-02
-3.617967257170143225e-02
4.057181013715380202e-02
-1.663996149231498911e-02
-2.277219518515180563e-02
3.529517444156829442e-02
-1.817152091388937046e-02
-9.691005656670156551e-03
3.416282740639397381e-02
-1.881671177451898352e-02
8.280212498080842531e-03
3.880227741957833348e-02
-1.739713540200330671e-02
2.882144369598736711e-02
3.476493183404396475e-02
-5.528666802016955891e-04
-3.943545570154315810e-02
2.990144158191114163e-02
-8.137713815722246889e-04
-2.538511238580091686e-02
3.687270938865846309e-02
5.243171766494188896e-03
-1.067346664394840279e-02
3.964108332278448027e-02
8.303186159370649433e-04
6.899388354623132297e-03
4.374347123847413532e-02
4.056485594432833117e-03
2.520852437325607140e-02
3.654587460424584683e-02
1.456550788315617677e-02
-3.998783462246572468e-02
3.875231737271706695e-02
1.900978406733141307e-02
-2.488469677547606312e-02
3.440655468164166564e-02
2.140135352349260139e-02
4.900709903694342937e-03
3.996255697065489304e-02
2.157327801917931567e-02
2.586786422939682875e-02
3.165820944702652656e-02
3.678684270524566063e-02
-3.684280923633952154e-02
3.188989295822052678e-02
3.818480443935726165e-02
2.267248465772128338e-02
3.423912410758384733e-02
3.943346612166580278e-02
3.606184366273987307e-02
4.573288219705681779e-02
-2.900138013206428680e-02
4.007494823139554768e-02
5.273434707572783459e-02
2.226091873036885761e-03
-3.867926124317612457e-02
4.596129023115623491e-02
5.036580437642058363e-04
-2.500558274051647989e-02
5.153615400662245327e-02
1.865291076859097383e-02
-3.768843415428391186e-02
-1.948736813423057384e-04
3.924575775671754196e-02
5.489209991423505026e-03
4.678317351121149409e-02
3.116755127678480161e-02
-4.013785738502735623e-02
-5.592658015345479405e-02
3.478100342628544228e-02
4.928802484063708050e-02
-5.054796233558850327e-02
4.694052192196694617e-02
4.891147186286858711e-02
-2.308382831429107301e-02
1.665581822634475823e-02
4.984904264042089306e-02
-3.822765171208700880e-02
3.245852775890555736e-02
4.936285513652237389e-02
-3.674706651256078732e-02
4.751879438644954212e-02
4.889574423956493526e-02
-2.454561177447675199e-02
4.690073526351930255e-02
4.892276607712780362e-02
-1.683727002902017655e-02
3.780900270515070299e-02
4.921391920756215677e-02
3.551006667062212539e-03
6.360723651856305116e-02
-5.059128159059060603e-02
1.417740372819673716e-02
2.532469320669237384e-02
-5.037348907714002400e-02
1.692262149061425289e-02
5.075542963820005998e-02
-5.066310173610598377e-02
4.606174682895729927e-02
5.037316273208329587e-02
-5.038966411314340504e-02
2.512493202637177542e-02
5.904752988569667189e-03
-5.009186451631812004e-02
3.376906955351641204e-02
1.703820283350400769e-02
-5.026266728218364843e-02
3.485975177980414619e-02
4.672260035368428627e-02
-5.054777543749246205e-02
4.811905019645887349e-02
3.486006479674436109e-02
-5.036110075436641548e-02
2.320854655719239296e-02
2.265715787341701301e-02
4.962244211227424123e-02
1.609135876909824348e-02
3.784143693656090435e-02
4.920183792327308819e-02
1.693498489696709797e-02
5.455944465542452576e-02
4.868778798475584257e-02
3.541068468743325398e-02
4.457004615577590118e-02
4.898554875694958316e-02
-2.397303566646240280e-02
2.831853847231334889e-02
-5.037531412552576082e-02
-3.743361075662180598e-02
4.656202755865414961e-02
-5.051039186384927160e-02
-1.110446460651806286e-02
1.653325890079911445e-02
-5.024887264489323602e-02
-3.463948677352233444e-03
3.643867505997971240e-02
-5.052630012064159015e-02
-1.465702000693802978e-02
5.482986418924089278e-02
-5.067836991972092531e-02
-3.058054715774684296e-02
-4.942243278726724670e-02
5.179913541614558636e-02
-1.241674446574579649e-02
-6.368205858642991823e-02
5.201113523485501738e-02
-3.554830172456936027e-03
-5.487643237645324634e-02
5.183777620009880766e-02
-1.760049817508470282e-02
-5.015367559619202803e-02
5.177128165408124288e-02
-1.704827615851324876e-02
-3.320778628703157515e-02
5.142063486238307446e-02
-3.185529193484798374e-03
-1.780219680440064262e-02
5.100623186293437583e-02
-1.905158412296483611e-02
-6.381091806012676934e-03
5.059910115002824033e-02
2.029856073163484841e-03
-1.350245584746626384e-02
2.048831292883245350e-02
-2.475130167048517418e-02
6.045586142437515964e-02
4.850854938614347633e-02
-5.261798173818328650e-02
-1.750985285195514468e-02
-4.975316996527715668e-02
-3.758204615573509239e-02
-3.394524421018986493e-02
-4.958040667581787436e-02
-2.064791514217436535e-02
-1.572874688210070676e-02
-4.979796363510250595e-02
-1.642023448624312446e-02
2.536144622059104906e-03
-5.001505458873617416e-02
1.308740197168831360e-04
-5.648746949140362461e-02
-4.932750281311967799e-02
-2.560683670429023196e-05
-3.308566552452540943e-02
-4.961722655809958082e-02
1.677389409904369438e-02
-4.979906903225164022e-02
-4.931158077742692214e-02
1.989310268968413203e-02
-3.024005342127992352e-02
-4.960613303483719233e-02
1.255313292761448159e-02
-1.626755755307556991e-02
-4.973605923119146788e-02
3.171849608359399164e-02
4.661812665042554434e-03
5.018221338744388582e-02
5.066987392289305780e-02
4.273830308817066700e-03
5.018584897263504013e-02
5.071755629585480984e-02
2.348412033866488502e-02
4.960293353085814400e-02
8.847497913497940659e-04
2.052537558530377268e-02
4.969614793002511549e-02
4.659642882491536173e-05
3.781763648596403460e-02
4.921845419669357985e-02
-6.313772231256115433e-03
5.846455540116678867e-02
4.857924258661713152e-02
2.306980939223443952e-02
-6.168538132042704347e-03
-4.990565316360038445e-02
3.417576493623933342e-02
-3.930603628652145493e-02
-4.947921078202953404e-02
3.370882292754473486e-02
-1.648095697031894472e-02
-4.975991787164972535e-02
5.197810943846914444e-02
-3.584243370580605242e-02
-4.965506117192468316e-02
3.362413245705678927e-02
-5.132712924634406926e-02
5.190848406638309126e-02
4.590684460470214473e-02
-3.873208556418510778e-02
5.155600644629416279e-02
1.709505892733326204e-02
-4.854817636860318808e-02
5.182581564599490764e-02
1.817557930758288004e-02
-1.670458576501826151e-02
5.091382836591999694e-02
3.026557798932179646e-02
-3.228485211736917965e-02
5.139558056589815099e-02
4.967576435006299668e-02
4.165066060646974155e-02
4.904745885049738990e-02
-5.937405978562580039e-02
1.741603315646070250e-03
5.028256003425659454e-02
-3.537022796915516992e-02
-1.638518878214553082e-02
5.088845923042312897e-02
-3.376296089410505546e-02
4.354990210492081654e-03
5.021510400280352476e-02
-6.119340551592912514e-02
2.210560815075898397e-02
4.967522057229138005e-02
-4.560870977235738366e-02
1.929164130540453673e-02
4.976810781709679193e-02
-3.430043565677506207e-02
-5.303571476656637057e-02
-4.948126655952262559e-02
-1.570014566119390734e-02
-5.388811513316688756e-02
-4.936900925227722531e-02
-1.945022274672770363e-02
-3.632449372550928396e-02
-4.961822740389346814e-02
1.217065249705425595e-02
-6.377145017684252015e-02
5.205290531689685946e-02
8.125758535227477208e-03
-3.392486308235419246e-02
5.147229215664791968e-02
-5.020215501286288268e-02
3.383651090482994728e-02
-5.031133876246356162e-02
-2.724215159115352114e-02
9.854264518191799965e-03
-5.013857531533509604e-02
-3.898479777268032409e-02
2.012315057909066021e-02
-5.023301727945272965e-02
4.331560921224080624e-02
6.788569013489497220e-03
-5.009920142261135856e-02
5.230108493508523609e-02
1.853708901709832588e-02
-5.022558226966205436e-02
6.302050944858528236e-02
7.733796357642441083e-03
-5.006843320093534028e-02
3.372794201032777717e-02
2.287710768186922584e-04
-5.002752189683973977e-02
4.288508798189467203e-02
-6.002790864743721110e-03
-4.994931978847340359e-02
5.168484436008842497e-02
-1.909120417313137780e-02
-4.979205351050858264e-02
-5.946951950291854555e-02
-1.844483733089061911e-02
5.090816692337252897e-02
-4.862931996588372441e-02
-3.090671742875870931e-02
5.133175516043958497e-02
-5.582335412023830407e-02
1.644987411706430244e-02
-5.015858768070754342e-02
-4.140842005257957398e-02
1.239252959512466374e-03
-5.000140286959082331e-02
5.066627257066255025e-02
-1.247509458587356922e-02
5.071184372909649102e-02
6.089814765339207625e-02
-5.601676940196987850e-03
-4.996186098657905139e-02
