-7.719079263748618303e-02
-1.718736233275869939e-06
-5.002412604715749528e-02
-7.679410430796562714e-02
6.055123969300642013e-05
5.008372242697413379e-02
-7.550109887287226318e-02
-1.604854736322612954e-02
-5.001591920739262287e-02
-7.512039393185968028e-02
-1.596837768574923058e-02
5.008223457480327073e-02
-7.549908168829529143e-02
1.604518564168230105e-02
-5.001677731142064459e-02
-7.511155974889506537e-02
1.609105293497813810e-02
5.006223101180762303e-02
-7.051594867993747628e-02
-3.139156770189398260e-02
-5.002015099203057508e-02
-7.015262050743260869e-02
-3.131002175969595236e-02
5.006501685105217703e-02
-7.051575491092965109e-02
3.139138153763654238e-02
-5.002082807056631997e-02
-7.013264177317196646e-02
3.143160542256485945e-02
5.003286670407377373e-02
-7.003030034099248791e-02
-6.100878244026597433e-06
-4.170309572383756186e-02
-6.968288354767840365e-02
5.350276918000485606e-05
4.169268404322550720e-02
-6.850079269471025245e-02
-1.455891991403173921e-02
-4.169283855562839342e-02
-6.816465738276218655e-02
-1.449014287301356174e-02
4.169500181879441658e-02
-6.850040749759646330e-02
1.455303245631270857e-02
-4.169651423385350997e-02
-6.730130611123355533e-02
1.521886293080916726e-02
4.085570569677904329e-02
-6.401024378131767167e-02
1.517960368507065088e-04
-3.400507896615711373e-02
-6.357066726969877457e-02
3.238196633036991142e-04
3.373519160369577163e-02
-6.397671872194345133e-02
-2.848122212857672961e-02
-4.169831622642474617e-02
-6.365446934116585076e-02
-2.840853345453294918e-02
4.168235875998980294e-02
-6.398319711690685085e-02
2.847625805236104340e-02
-4.169780141700731718e-02
-6.364443614645202973e-02
2.852109687900686308e-02
4.164931831992670086e-02
-6.270157731451264649e-02
-1.332706425266606300e-02
-3.411712088813164540e-02
-6.242788206766983899e-02
-1.327113228408176131e-02
3.405309799266953430e-02
-6.270905645583677024e-02
1.332243414565503423e-02
-3.412073071431882820e-02
-6.241772888106064676e-02
1.336340712240646073e-02
3.403910985895083896e-02
-6.245472621040298183e-02
-4.536856813653850073e-02
-5.002866107851634131e-02
-6.209447357111023275e-02
-4.528250408621929679e-02
5.002622378875305753e-02
-6.245336861882735957e-02
4.536312941111926567e-02
-5.001588547388136075e-02
-6.206999226814801512e-02
4.539873332242434084e-02
4.998773250486078512e-02
-5.937456689001773674e-02
4.625939915683668783e-04
-2.730190838328426864e-02
-5.908341228234701564e-02
3.712918341766112157e-05
2.703009492285543894e-02
-5.856382321868671553e-02
-2.606989333135537740e-02
-3.412296422545021968e-02
-5.847386981082066532e-02
-2.564041859415537930e-02
3.411587502806175815e-02
-5.857097681700262209e-02
2.606893606814974715e-02
-3.412296038642082668e-02
-5.851832470652974794e-02
2.599010469362276338e-02
3.424867422209511986e-02
-5.781576557051512633e-02
-1.165684925974012215e-02
-2.668067248047722648e-02
-5.790362483870332977e-02
-1.277847521835465128e-02
2.740813978513151339e-02
-5.802344224235764236e-02
1.233114232730272812e-02
-2.715341544077945479e-02
-5.787467829687505116e-02
1.160354296346792491e-02
2.701749219960921169e-02
-5.605620501917787241e-02
-4.071706058532492678e-02
-4.075187082655081644e-02
-5.634548103958351983e-02
-4.108561249393318654e-02
4.164676903635514821e-02
-5.616537980974244115e-02
3.999087929777073863e-02
-4.038779716802307768e-02
-5.674666859481890258e-02
4.091309266554820495e-02
4.186556874730951172e-02
-5.577036116448671338e-02
-3.877812240682200752e-07
-2.099449294907096072e-02
-5.546118019348128536e-02
3.170500835291514320e-05
2.060356958891532489e-02
-5.435690460723624495e-02
-1.155530416571066282e-02
-2.066213423051645182e-02
-5.418591930868642964e-02
-1.151869271026780168e-02
2.049628910269881560e-02
-5.436599115335120219e-02
1.155447269042335877e-02
-2.066615241052368462e-02
-5.419003956347240997e-02
1.158284699056550369e-02
2.048294734785219631e-02
-5.418790488389109428e-02
-2.412492933561961872e-02
-2.715466000081328407e-02
-5.397249722388725024e-02
-2.407895511425707166e-02
2.702145499137507609e-02
-5.419495533427957923e-02
2.412631423280417464e-02
-2.715419073301689190e-02
-5.397803462602700220e-02
2.416419958960756495e-02
2.699488991046761904e-02
-5.291581829029579076e-02
5.037542559921710664e-04
-1.485958559847278156e-02
-5.266475362494611734e-02
-1.845917320529794959e-04
1.431019053561079050e-02
-5.187448793118274587e-02
-3.767370970618252185e-02
-3.412978058653115543e-02
-5.160766493842151165e-02
-3.761833792916570440e-02
3.401427260306522787e-02
-5.187366491550662179e-02
3.767939221906109470e-02
-3.413408565053405869e-02
-5.159743334443414597e-02
3.771169249004249074e-02
3.397550272013302730e-02
-5.166309078220070877e-02
-1.098337918046035991e-02
-1.453930965133353771e-02
-5.151919376455749849e-02
-1.168682449098485017e-02
1.480535832658550106e-02
-5.174046131602122456e-02
1.149642015800683009e-02
-1.503577252843127203e-02
-5.164838356997895896e-02
1.133470318966542899e-02
1.478700159645371034e-02
-5.165134056056903261e-02
-5.736216721582483580e-02
-5.002342510753116783e-02
-5.130800971429420876e-02
-5.727756572299540216e-02
4.998194158552728139e-02
-5.165691853680554058e-02
5.736324033959593061e-02
-5.003519663656822575e-02
-5.128025758531340461e-02
5.738897470727048755e-02
4.992334909301853613e-02
-5.100275455984434186e-02
3.567656677307874905e-06
-8.674499802229691109e-03
-5.088262045343258655e-02
-1.008883765932683024e-04
8.212036535560789108e-03
-5.112956937222994103e-02
-2.276468480655044480e-02
-2.134825931911054492e-02
-5.073717733694085852e-02
-2.311035158753154892e-02
2.117138245170471778e-02
-5.131502056596152356e-02
2.274215977526460042e-02
-2.163419245509418803e-02
-5.061766375662260509e-02
2.264082701770600212e-02
2.046235964067595961e-02
-5.009316898911909260e-02
3.168211965609705517e-05
-2.497277167924138574e-03
-5.013765816820884430e-02
-1.024559223566219547e-04
3.264365012374852420e-03
-4.988448271491080499e-02
-1.060786406982976333e-02
-8.674577662629261512e-03
-4.980678924960076082e-02
-1.059288998262549429e-02
8.447585783373968635e-03
-4.992453162458840299e-02
1.045577266425397854e-02
-8.725671283780532875e-03
-4.981814102672676992e-02
1.062565462491627324e-02
8.434627804510335183e-03
-4.899630825728073374e-02
-1.042032416654877468e-02
-2.956348451780757471e-03
-4.896479710364564503e-02
-1.041497177684578765e-02
2.716644818663826230e-03
-4.899904939812661092e-02
1.043678956592185812e-02
-2.960843124565654128e-03
-4.897066104717955753e-02
1.043866958141600326e-02
2.708009625648590598e-03
-4.825605538795961491e-02
-2.149077101099253553e-02
-1.454376715847426581e-02
-4.813083582216273748e-02
-2.146262673587423855e-02
1.433400541720171104e-02
-4.826353488107283651e-02
2.149599697644436272e-02
-1.454472225344240893e-02
-4.814372784691407087e-02
2.151826631994139746e-02
1.431016035437666749e-02
-4.799267151263117426e-02
-3.486559691677013767e-02
-2.716138178188569341e-02
-4.778145222107847007e-02
-3.481627741205391147e-02
2.699772479914683970e-02
-4.800278619735395130e-02
3.487108091284533973e-02
-2.716803828123484296e-02
-4.777754631948836345e-02
3.490321397541235049e-02
2.695982346024306323e-02
-4.687620663000628685e-02
-5.203724265260138704e-02
-4.170750059508669672e-02
-4.656188328845695112e-02
-5.196536812813747075e-02
4.160663311457484664e-02
-4.687952981056480589e-02
5.204795667110866803e-02
-4.171987100318574199e-02
-4.654412794017565719e-02
5.206960916585817722e-02
4.154831246958115565e-02
-4.659201823526136488e-02
-2.075503657673972990e-02
-8.677275534521905823e-03
-4.651329165928178716e-02
-2.073839029631683456e-02
8.445424909370443517e-03
-4.660296233246352671e-02
2.076759613554365891e-02
-8.681347627281271045e-03
-4.651966659677903709e-02
2.077539427601118524e-02
8.425785391742515035e-03
-4.575710091421191644e-02
-2.038957031346650892e-02
-2.958013252450603613e-03
-4.572785861545345526e-02
-2.038331513061144781e-02
2.714569876428609384e-03
-4.572622194158990766e-02
2.046087361821763081e-02
-2.517571167537440216e-03
-4.573184804918605656e-02
2.040795338715079357e-02
2.701048390347203076e-03
-4.496606824945720282e-02
-3.267012637457879926e-02
-2.067578888651546570e-02
-4.494193170728368047e-02
-3.317476581673078906e-02
2.129280268323014216e-02
-4.516259350195201555e-02
3.341405237279949925e-02
-2.177859875609491902e-02
-4.480683581674832494e-02
3.270840990525249181e-02
2.043173557266875912e-02
-4.291857473066987283e-02
-4.819213252117691970e-02
-3.471242868671727683e-02
-4.264711862155624172e-02
-4.758126044374100944e-02
3.397647313949053727e-02
-4.291674711407900827e-02
4.765085101483238633e-02
-3.415172131403487049e-02
-4.263941095623798722e-02
4.822862108000638276e-02
3.450246437507156760e-02
-4.273822954484726017e-02
-3.105966821205717945e-02
-1.455259230527332706e-02
-4.262043504126355326e-02
-3.103129425074548781e-02
1.431587771666742795e-02
-4.275236362406634183e-02
3.107188922767578979e-02
-1.456186620264937268e-02
-4.280750904148836883e-02
3.076851189356642063e-02
1.428134163281425187e-02
-4.126123018355365435e-02
-2.999698217752412577e-02
-8.687585233746537156e-03
-4.118906913712694351e-02
-2.997932854054760968e-02
8.428353090596580124e-03
-4.127525459448767170e-02
3.001295674563653898e-02
-8.699798133315048143e-03
-4.119273580201460866e-02
3.001788090128503644e-02
8.400149534174604707e-03
-4.051855141635086338e-02
-2.946819514556612771e-02
-2.970681580753640680e-03
-4.049475578415832888e-02
-2.946240935134502442e-02
2.698413650217208835e-03
-4.052754509880757139e-02
2.948889209410377257e-02
-2.987128929653021150e-03
-4.050207614755926139e-02
2.948843420181454164e-02
2.677744158907344445e-03
-3.970960933841415075e-02
-4.408818496102658024e-02
-2.716951789342933812e-02
-4.008269563531606516e-02
-4.413124156005377580e-02
2.770947100174643227e-02
-3.971606033695557203e-02
4.409874693126827200e-02
-2.718583299617395241e-02
-3.949343721716584710e-02
4.412503387922498549e-02
2.691226647391357918e-02
-3.860421058088524260e-02
-6.684944817769272740e-02
-5.002152342376484789e-02
-3.825906933493464224e-02
-6.676865975634109496e-02
4.991815702652793729e-02
-3.861340054784641318e-02
6.685812468206432657e-02
-5.004520462884579773e-02
-3.823780427376287372e-02
6.687905507772327895e-02
4.984398780015726615e-02
-3.696452624865077807e-02
-4.190541038464629803e-02
-2.127492708287685372e-02
-3.719081003457888612e-02
-4.144548586762220738e-02
2.084337557168565100e-02
-3.719137675636057655e-02
4.189747040212087048e-02
-2.147783049682366191e-02
-3.715901582319602187e-02
4.165511349033174798e-02
2.093968385110136707e-02
-3.535423466749454402e-02
-3.927537081354755266e-02
-1.456730382220305063e-02
-3.469737163771301203e-02
-3.960012662213466261e-02
1.417753055628412882e-02
-3.536924804206995065e-02
3.929270240808246245e-02
-1.458734750677278397e-02
-3.470175344179315252e-02
3.966244253405439707e-02
1.412845185278684308e-02
-3.503273673455967879e-02
-6.064825973529605618e-02
-4.171391545378591581e-02
-3.491898978077823124e-02
-5.946846356470261719e-02
4.053657149797566112e-02
-3.467925520135799883e-02
6.074437283002147997e-02
-4.164403285419643330e-02
-3.470909869476873633e-02
6.068360815180991880e-02
4.148046402631976048e-02
-3.413175657562136922e-02
-3.793060154126445122e-02
-8.705005539748284296e-03
-3.406190673218766757e-02
-3.791562500953739312e-02
8.405972606971685857e-03
-3.415027045662737126e-02
3.795341948538977911e-02
-8.728356130874061203e-03
-3.406691008825181444e-02
3.796098311179869206e-02
8.364315321302280559e-03
-3.351317850456336095e-02
-3.726469768308709324e-02
-2.989303226291362831e-03
-3.348914170827412690e-02
-3.726048330516986556e-02
2.679661388769608368e-03
-3.352516713614780985e-02
3.729148471646265978e-02
-3.017454528188959293e-03
-3.349864371143598807e-02
3.729407784095271905e-02
2.645457109702351300e-03
-3.160623323785152067e-02
-5.580687022707168932e-02
-3.422353249009356391e-02
-3.180682050945297934e-02
-5.546129188728183418e-02
3.392693390845152868e-02
-3.208241512102654597e-02
5.553568019401354527e-02
-3.417288659638340748e-02
-3.180678872531229884e-02
5.556524949547731601e-02
3.385938682283096829e-02
-2.968623743277760268e-02
-5.138635636958354541e-02
-2.717976706529276476e-02
-2.946321417667467288e-02
-5.132670027312372790e-02
2.691938633322927751e-02
-2.968970329300091651e-02
5.139908312317847949e-02
-2.720518326661321845e-02
-2.947207465199680118e-02
5.142481284822731508e-02
2.685467640563365260e-02
-2.781059198970400187e-02
-4.815360581091185366e-02
-2.070136460798946768e-02
-2.764183390897712728e-02
-4.811359436367625836e-02
2.039904190729173797e-02
-2.781975074347982704e-02
4.817171751307359334e-02
-2.072722883700291521e-02
-2.764788181534149139e-02
4.818969920247385963e-02
2.033752669982053993e-02
-2.642480245682547052e-02
-4.577798401744434531e-02
-1.458603160376690730e-02
-2.630985674848852415e-02
-4.575151386745406057e-02
1.425361718354776347e-02
-2.643573671552126511e-02
4.579593605799422290e-02
-1.461644761180609479e-02
-2.631367212810773251e-02
4.581315106436526646e-02
1.419413561457713926e-02
-2.521044372454504801e-02
-4.461659231008046483e-02
-9.517689092581944899e-03
-2.526494487221065538e-02
-4.428259492309014056e-02
8.399512973853542550e-03
-2.567876391847722511e-02
4.428132098232292341e-02
-9.156627076365032869e-03
-2.501919449876310528e-02
4.444298055558169869e-02
8.350106677416983120e-03
-2.504195323614381505e-02
-4.343781546786192049e-02
-3.013894895097860016e-03
-2.502117511259779881e-02
-4.343310066626551030e-02
2.650740886967171538e-03
-2.505323273769470560e-02
4.346919344719053779e-02
-3.052260331303970151e-03
-2.493377085853612160e-02
4.365396707120148406e-02
3.454877922373996053e-03
-2.386643417885411095e-02
-7.341786524291593619e-02
-5.003828199100205515e-02
-2.351624734518634532e-02
-7.332916174795633957e-02
4.985432808335395899e-02
-2.386586442239326325e-02
7.342396598504448424e-02
-5.004079244808255084e-02
-2.350341718452269787e-02
7.344952346193066306e-02
4.974719781487954573e-02
-2.166170905329870694e-02
-6.661926502772332059e-02
-4.172627334294572166e-02
-2.135397226680325194e-02
-6.653679106891947914e-02
4.149018847839226060e-02
-2.166774330658027131e-02
6.662067475500854652e-02
-4.173892799725980457e-02
-2.134144736857302924e-02
6.664704147958207259e-02
4.138912813804265095e-02
-1.983718363685530242e-02
-6.099491373075650175e-02
-3.415769061246144711e-02
-1.957257080584669934e-02
-6.092364063457524764e-02
3.387111895446467263e-02
-1.984302014361910560e-02
6.100459690420734216e-02
-3.417650641361135583e-02
-1.956631256901593049e-02
6.102342536503482795e-02
3.377568024328013452e-02
-1.795478497643902133e-02
-5.708105605240276076e-02
-2.798882569684386229e-02
-1.787889000850675925e-02
-5.665430963019193328e-02
2.719034116867833153e-02
-1.910583786659575400e-02
5.670926087020202594e-02
-2.801307154195834676e-02
-1.814615268183998251e-02
5.647311063145438181e-02
2.677890896957603462e-02
-1.727871268067122587e-02
-5.314585027428524178e-02
-2.117250393795961153e-02
-1.702450207956445263e-02
-5.285100359717630203e-02
2.035503281490039229e-02
-1.715859228082943638e-02
5.352776004468245974e-02
-2.177624667866703487e-02
-1.643923944473990595e-02
5.336597823802194385e-02
2.078627050071168297e-02
-1.634134926071377503e-02
-5.028923221562234258e-02
-1.461381195803495951e-02
-1.621500678655884292e-02
-5.025572916262020795e-02
1.420951258628617986e-02
-1.634579511171916147e-02
5.030607563066220173e-02
-1.465037604734905491e-02
-1.622643150593579969e-02
5.032324124582689823e-02
1.413442329258548028e-02
-1.576486002058809927e-02
-4.857319395961749026e-02
-8.755617014875793566e-03
-1.569167742403219934e-02
-4.855189459665203849e-02
8.334268794371048686e-03
-1.577268354623266242e-02
4.860073713814355711e-02
-8.795318988455971473e-03
-1.569880579144252580e-02
4.860062533096246029e-02
8.269118999616865626e-03
-1.546932087277819515e-02
-4.771408220322707894e-02
-3.045472874792629417e-03
-1.544653637212549391e-02
-4.771349097427540764e-02
2.614037782926059098e-03
-1.547671153784062684e-02
4.774525818577968206e-02
-3.090389396853467432e-03
-1.545210686842130379e-02
4.775143699273443065e-02
2.559743216368343122e-03
-8.084380578155763233e-03
-7.678395259259747363e-02
-5.004670373725925853e-02
-7.738900880394861126e-03
-7.668239889327774228e-02
4.977085830280655182e-02
-8.078142386045738740e-03
7.678247664090466496e-02
-5.005715995869555041e-02
-7.721210297207693404e-03
7.682156871737107207e-02
4.964437770578838949e-02
-7.341465459010826887e-03
-6.967907882316398682e-02
-4.173236873752386722e-02
-7.632075388701687474e-03
-6.942232800997596986e-02
4.137900551128325527e-02
-7.191569477791526048e-03
6.854058840133003816e-02
-4.029522668046335576e-02
-7.025584901892799675e-03
6.970754132929722624e-02
4.129572782006517978e-02
-6.342136880912588488e-03
-6.411461243233554375e-02
-3.458837878990929371e-02
-6.744220171117269215e-03
-6.386994899999205721e-02
3.406983276331965876e-02
-6.938142949009209332e-03
6.302136471719796407e-02
-3.314292193998590735e-02
-6.458715602450368527e-03
6.383897076386350899e-02
3.368998432787090325e-02
-6.221490803653995441e-03
-5.903474143485679809e-02
-2.721614476741478217e-02
-6.004047712210312630e-03
-5.897741341953616906e-02
2.679165681078379477e-02
-5.595409317198506149e-03
5.904154892151829842e-02
-2.725551076757750865e-02
-5.235123556655848533e-03
5.899488235341688452e-02
2.654986718169216955e-02
-6.498922066700912881e-03
-5.556209921383962330e-02
-2.137958270107595538e-02
-5.660082979676145203e-03
-5.528487744152923294e-02
2.028189556385285100e-02
-5.123197350603811949e-03
5.579780168857675221e-02
-2.156333354653631323e-02
-5.657478420618511014e-03
5.535286172637984142e-02
2.019991166880799605e-02
-5.533179969855766059e-03
-5.260407890121002877e-02
-1.463645883116203306e-02
-4.796236694648653431e-03
-5.264165275217733836e-02
1.432215180111683431e-02
-4.978953061919330278e-03
5.262071811514606318e-02
-1.467609974906183834e-02
-6.125223406987287574e-03
5.270023328588503697e-02
1.457741582104068664e-02
-5.335078530782020809e-03
-5.080731227860869198e-02
-8.788303283549779923e-03
-5.253302318656382155e-03
-5.078102157802234090e-02
8.282476781135928931e-03
-5.959678651009661481e-03
5.061592046556728092e-02
-8.286101958939895082e-03
-5.261678538136593114e-03
5.081784814241131765e-02
8.220441733123043382e-03
-5.214294572692108540e-03
-4.991312855868735437e-02
-3.084017715124735999e-03
-5.187882529035440018e-03
-4.989853875630680113e-02
2.570532460816621345e-03
-5.217970554161140313e-03
4.994630544440884640e-02
-3.132523324439530268e-03
-5.188936587827389091e-03
4.993688380424884943e-02
2.514473384095556284e-03
2.463966552283571466e-03
6.975708149857359113e-04
-5.025532186734765761e-02
2.685918505908182563e-04
-2.322214239341196997e-03
4.922570300190988457e-02
5.339429748681313696e-03
-4.992129498530637616e-02
-2.467397991702456779e-03
5.300510185025039157e-03
-4.991164487694189911e-02
2.516186423127762979e-03
5.278598465340031930e-03
4.996157883103712061e-02
-3.183107550699170851e-03
5.302073875229176489e-03
4.994939520678063488e-02
2.456660786041886795e-03
5.348612280689746604e-03
-5.083031720424055488e-02
-8.822468621210940304e-03
5.423679252041232329e-03
-5.080181195886872975e-02
8.217589189260889049e-03
5.353127430564636087e-03
5.085740355741142499e-02
-8.871032048853068341e-03
5.416409475388945724e-03
5.082617677557735997e-02
8.157595448837989469e-03
4.939896375342416046e-03
-5.261400461947747520e-02
-1.466325291644486432e-02
4.999554645078014246e-03
-5.285269142100917222e-02
1.468936520829886017e-02
6.154480553396630103e-03
5.280126421386463487e-02
-1.538751182116447798e-02
5.643982580583048296e-03
5.263644824592490085e-02
1.400220874552095783e-02
5.801721176714612696e-03
-5.534187786229738393e-02
-2.076822713646372248e-02
5.963305940555653668e-03
-5.530986917845567147e-02
2.020049087078448075e-02
5.804386460578584740e-03
5.536396001231254360e-02
-2.080067397126183007e-02
5.962988845928934335e-03
5.537088903299284409e-02
2.012288576195902373e-02
6.186932058930296428e-03
-5.904545835735788839e-02
-2.724372339848619290e-02
6.391968828715500345e-03
-5.899887423021206445e-02
2.670659829069050445e-02
6.183705834392505020e-03
5.905440099501133716e-02
-2.727541424427500430e-02
6.727607510933963572e-03
5.942312905993078070e-02
2.716726788267273540e-02
7.511384943614377897e-03
-6.417366127085893934e-02
-3.487381394078289260e-02
6.428061700179859075e-03
-6.434933667567319104e-02
3.451917091889708522e-02
7.016379996395699127e-03
6.368989547634371085e-02
-3.412904796774693383e-02
6.304815479571357524e-03
6.436612869030255979e-02
3.426862490035589154e-02
7.298688054427566844e-03
-6.968887734281184465e-02
-4.174856825538536542e-02
7.595150447896015580e-03
-6.959691102042217525e-02
4.130742775990048354e-02
7.302169789593501541e-03
6.968972760560251944e-02
-4.175637762274270887e-02
7.619146273710108649e-03
6.972278187795233340e-02
4.120289722884368233e-02
8.060659771068588719e-03
-7.678835748540985273e-02
-5.005782375400304879e-02
8.397387608725402630e-03
-7.670157764199310446e-02
4.965965132164104623e-02
8.058816143036511351e-03
7.679569242169478893e-02
-5.004601120146088405e-02
8.418928044130104954e-03
7.682922318176135801e-02
4.954172562787693274e-02
1.554868344349984340e-02
-4.776577698385506970e-02
-3.182090277350698229e-03
1.556654107560178670e-02
-4.775058975987004489e-02
2.458004459378096938e-03
1.555264931363199710e-02
4.777835326953107364e-02
-3.221147775459112881e-03
1.556877362520186006e-02
4.778101840927721777e-02
2.408166105024974173e-03
1.581047150296173084e-02
-4.861111066489429838e-02
-8.871391842002238071e-03
1.587796991023513252e-02
-4.860344092782604986e-02
8.145602387237832129e-03
1.581118027794532754e-02
4.864150780790405665e-02
-8.910890710550104302e-03
1.587531454819970239e-02
4.863306870102154095e-02
8.087586503394462306e-03
1.634634607605691195e-02
-5.033547753006277492e-02
-1.471135803466973313e-02
1.646294742532720262e-02
-5.031992191653979901e-02
1.398942717105459803e-02
1.634622121249579979e-02
5.034093435313405362e-02
-1.475205800905976701e-02
1.646767714324480492e-02
5.036298287824636510e-02
1.392105910934160647e-02
1.718985689267684552e-02
-5.293576282714279602e-02
-2.081122382605218521e-02
1.734321822133946117e-02
-5.292374994042373104e-02
2.011375569912583414e-02
1.779054348316206832e-02
5.313504266457163422e-02
-2.155070813410090921e-02
1.735902796153114200e-02
5.299541617477384475e-02
2.003626034274406248e-02
1.904443409252423378e-02
-5.666246314022883174e-02
-2.794849095287418525e-02
1.810353672246969858e-02
-5.700952921888041702e-02
2.726288775497766326e-02
1.775489168536847559e-02
5.728599937599351821e-02
-2.827788203825880309e-02
1.854772458699338600e-02
5.654426642660571184e-02
2.652777584565653782e-02
1.933358066238502482e-02
-6.213558780114850771e-02
-3.546429786656442318e-02
1.989464362658257754e-02
-6.160669658812164412e-02
3.435811090272307411e-02
2.012725875655435592e-02
6.202189140069328671e-02
-3.555487088476708829e-02
2.007774688311839487e-02
6.107377608810023867e-02
3.350504995867299024e-02
2.208504478244491601e-02
-6.695879623337014364e-02
-4.228640486458868503e-02
2.193093294224673570e-02
-6.658578455293906462e-02
4.120736204703327743e-02
2.163422835761186908e-02
6.666170247879604771e-02
-4.177924210792070131e-02
2.216740994841354812e-02
6.552584423726399987e-02
3.982665315992116317e-02
2.384789580605561898e-02
-7.344016009757987906e-02
-5.005546327212573310e-02
2.418611278815583146e-02
-7.337769563160474739e-02
4.954734101105076616e-02
2.385353575392644074e-02
7.344802323556758050e-02
-5.007187541697204897e-02
2.421951250117247365e-02
7.349381480259428723e-02
4.941494950626566796e-02
2.514758154916930596e-02
-4.349342297606401814e-02
-3.227629744434621674e-03
2.517174087913019720e-02
-4.350545103988047446e-02
2.392532811561474872e-03
2.514809037439977996e-02
4.351899009613807018e-02
-3.266925715248083367e-03
2.517401683836130444e-02
4.353028495561965527e-02
2.352753490785440028e-03
2.558008073386388442e-02
-4.428254006313760843e-02
-8.908023777968633247e-03
2.608740854986196442e-02
-4.396374538040388746e-02
8.137925672978635339e-03
2.553032456280127094e-02
4.454442872437861661e-02
-9.569439649070688586e-03
2.530558744152272901e-02
4.447034232130895465e-02
8.083465063028993230e-03
2.646922683069447696e-02
-4.584982948921647455e-02
-1.474134317422763803e-02
2.658185548014995250e-02
-4.584533407476368977e-02
1.391506980123712045e-02
2.646410931161375865e-02
4.585954536406501580e-02
-1.477383207157227651e-02
2.658057505396505676e-02
4.586881164558676699e-02
1.386032150787538247e-02
2.782538971129599331e-02
-4.822238443146684844e-02
-2.083233979765844804e-02
2.798659686218830586e-02
-4.821013272358579127e-02
2.003763295243623718e-02
2.782388127816562765e-02
4.824020183444725773e-02
-2.085986113495461383e-02
2.800077786887888651e-02
4.827002609580820919e-02
1.996621417576603316e-02
2.967937372883804395e-02
-5.144118884744226794e-02
-2.729077749787527096e-02
2.987612151430114188e-02
-5.142475869407434758e-02
2.653381853821432101e-02
2.968169337475705730e-02
5.146283642082950804e-02
-2.731441404606363768e-02
2.989938904207696535e-02
5.151131922302604887e-02
2.645078764077675795e-02
3.206829966090172374e-02
-5.558722445425109265e-02
-3.422753910976308878e-02
3.232154149096212042e-02
-5.555810612566197682e-02
3.351182720133811382e-02
3.205681398678510846e-02
5.558166907061675571e-02
-3.425509344004353668e-02
3.249126914698959034e-02
5.563022639272026393e-02
3.353845241771652441e-02
3.364495421365620159e-02
-3.733036140053461877e-02
-3.268014599482505812e-03
3.331347303884998196e-02
-3.770200737810752017e-02
2.819015573439894763e-03
3.364885012555658694e-02
3.735639468755543730e-02
-3.316271959384948197e-03
3.331502337016532117e-02
3.772989975138754670e-02
2.768994040275873664e-03
3.423330947110945349e-02
-3.800455816441952045e-02
-8.955298857586049474e-03
3.430792288966675457e-02
-3.799807310013320061e-02
8.035418728338539554e-03
3.425122437552029914e-02
3.804043342752638779e-02
-8.983450127870051816e-03
3.430820294824524219e-02
3.803595151622211207e-02
7.979165996683986947e-03
3.499355779829948360e-02
-6.043460345653728361e-02
-4.147760002593445933e-02
3.532950167740023240e-02
-6.066473639694931752e-02
4.110275582536584982e-02
3.501953369294038415e-02
6.070315069637682165e-02
-4.179697061727232626e-02
3.534168645795557340e-02
6.073210746697402240e-02
4.100061695636591369e-02
3.493315144704357833e-02
-3.983871173836259910e-02
-1.502673565004654724e-02
3.553931748952771086e-02
-3.934259263460694600e-02
1.387008919366143449e-02
3.543559634728127294e-02
3.937813482633833323e-02
-1.480953043926337698e-02
3.501917667189215905e-02
3.973589282097870351e-02
1.372518949304649821e-02
3.715075936336038193e-02
-4.200908142173696153e-02
-2.160726855495283608e-02
3.740712888869498348e-02
-4.137907291804163168e-02
1.997541266709308011e-02
3.724492711835259567e-02
4.140277935259289305e-02
-2.088846542103143383e-02
3.756131918625628396e-02
4.160923360655534309e-02
2.025198849156319841e-02
3.860250949269222742e-02
-6.688857518356040865e-02
-5.007907248661465360e-02
3.895550160516277755e-02
-6.684739596719591059e-02
4.942712955763970545e-02
3.860075102660358304e-02
6.688623448453807907e-02
-5.008122437842752600e-02
3.970113946878516681e-02
6.639036352424157461e-02
4.931439994986034497e-02
3.996464697706830077e-02
-4.483888257309472103e-02
-2.830755960298068225e-02
3.993794021189108617e-02
-4.412651595587598063e-02
2.645574518873997777e-02
3.974124076757257207e-02
4.418647804739535973e-02
-2.731355821151530347e-02
3.996859363125074976e-02
4.422141533057329099e-02
2.635014462993579692e-02
4.068441143183613301e-02
-2.953514308196384178e-02
-3.307127865645030033e-03
4.096468202219530341e-02
-2.941731072108845144e-02
3.302450847780616719e-03
4.087337688370495242e-02
2.924748461852262268e-02
-2.893459941664699043e-03
4.115093003928896320e-02
2.908408517143557664e-02
3.071489647116050579e-03
4.141244945190222099e-02
-3.007630609420834655e-02
-8.973792494410473899e-03
4.145894094737381103e-02
-3.005052822151662792e-02
7.986221776118336210e-03
4.139435420981768532e-02
3.006949418580828412e-02
-9.003477629982244504e-03
4.147282714961306876e-02
3.009307753011258857e-02
7.935543075743581309e-03
4.310757747522123845e-02
-3.067422595697866239e-02
-1.479951698571029851e-02
4.294151874419765980e-02
-3.110828289109949379e-02
1.381193051521302680e-02
4.284067538775238049e-02
3.115023269414323240e-02
-1.482260523870632292e-02
4.312183982025710738e-02
3.086844342171204264e-02
1.374570124613797885e-02
4.292510021448340402e-02
-4.771204756860018131e-02
-3.423519211819812252e-02
4.320041335814497896e-02
-4.767082249858648618e-02
3.341952738357593239e-02
4.291253258046762858e-02
4.770219025964965442e-02
-3.425669523623302987e-02
4.438585948506375278e-02
4.785718655032922264e-02
3.452170921932692232e-02
4.505678628361657612e-02
-3.274951468124349951e-02
-2.087163554369116450e-02
4.554442219989219415e-02
-3.258457322045028859e-02
2.026119394239203619e-02
4.518732559418815048e-02
3.292488042267031206e-02
-2.126250454581894364e-02
4.522168029113047411e-02
3.279299395198788381e-02
1.983067176295714301e-02
4.610066710689324221e-02
-2.000759411022844797e-02
-2.940494810252109858e-03
4.580189732948058284e-02
-2.100192898625048363e-02
2.989599826787957011e-03
4.596385528164922268e-02
2.044774043838749195e-02
-3.361054876243205203e-03
4.613605431788502659e-02
2.047212231326544368e-02
3.076735601792341800e-03
4.677998538022771352e-02
-2.081989036712108762e-02
-9.006592971166840420e-03
4.682267468188627130e-02
-2.080551530336391050e-02
7.943024225139136418e-03
4.674092723239368918e-02
2.081343145363084499e-02
-9.019387225658228452e-03
4.683280130422812909e-02
2.083174471809949233e-02
7.896625137853956547e-03
4.688210360082434303e-02
-5.210441116649531385e-02
-4.178576051336457819e-02
4.719948796997139318e-02
-5.204268066608132293e-02
4.100526451456156657e-02
4.738078978274150310e-02
5.225654539816110278e-02
-4.233179624049706463e-02
4.721296262761678214e-02
5.214495725315474589e-02
4.089904737754827130e-02
4.805937989233907692e-02
-3.494162499898110369e-02
-2.731402770346864212e-02
4.825858637943809815e-02
-3.490699571649948096e-02
2.638120470736956408e-02
4.806531934275354995e-02
3.495821580334928375e-02
-2.733708430115038349e-02
4.827849304497359301e-02
3.498088367434826901e-02
2.628619725709718108e-02
4.793550590298298331e-02
-2.207817601320968826e-02
-1.442727389199832157e-02
4.849259357596321512e-02
-2.152324934476986668e-02
1.376447445127267424e-02
4.832033004089671818e-02
2.173486891104208993e-02
-1.492561010980824644e-02
4.850125686558389576e-02
2.157196638891052676e-02
1.370119486835320692e-02
4.920609417668361102e-02
-1.045337189907263355e-02
-3.356875551191298816e-03
4.925106006445227613e-02
-1.046676813169078631e-02
2.239726692644290057e-03
4.918777756137621832e-02
1.044543519805971911e-02
-3.373869215638976987e-03
4.942062562713004509e-02
9.972246616949861572e-03
2.952498824382715752e-03
5.008720100202834757e-02
-1.064333230297894936e-02
-9.027533113995917652e-03
5.004184683126888800e-02
-1.096353769453798158e-02
7.913530815161474996e-03
4.995160945862486823e-02
1.101630234396268858e-02
-9.110552510904246920e-03
4.996759715076855984e-02
1.126252995855603865e-02
7.948198752158717323e-03
5.034079874899954898e-02
-1.640841416453584365e-05
-3.724792739627158338e-03
5.034822263230539358e-02
8.282083152261236558e-07
2.219662521826261739e-03
5.073510868122838025e-02
-2.187974807884315864e-02
-2.002921282028507707e-02
5.106027444142283850e-02
-2.264919180945641763e-02
1.983813507784085162e-02
5.089081544533310963e-02
2.268475716476651971e-02
-2.091520104290252660e-02
5.106187014068616636e-02
2.270605561053777588e-02
1.977595986535869016e-02
5.114290450501787072e-02
4.834249240599560338e-04
-8.988423829867494760e-03
5.125986209671384852e-02
1.552894329690745056e-06
7.875719057739946280e-03
5.167146898549425382e-02
-5.739442989267141276e-02
-5.007853677638186146e-02
5.203524758292405600e-02
-5.735048462021254123e-02
4.932040185823126366e-02
5.166156656194160340e-02
5.738483467345396882e-02
-5.004507443696704777e-02
5.205663097298714875e-02
5.745438570805405654e-02
4.920818294253524738e-02
5.181273716144248198e-02
-1.102003747568317503e-02
-1.485309151890181964e-02
5.199938911871777175e-02
-1.146080632172042334e-02
1.421996554155434585e-02
5.191329112732025186e-02
1.036236850204568308e-02
-1.491837033844996448e-02
5.193136686512348638e-02
1.103699212939492774e-02
1.369534994703312455e-02
5.186218983406104543e-02
-3.855066059629256442e-02
-3.489333923344862393e-02
5.201199484466016709e-02
-3.759045848348962354e-02
3.305818569717226818e-02
5.186157972168266989e-02
3.747842131145705247e-02
-3.397390631110552145e-02
5.232368334612370192e-02
3.883959596307053064e-02
3.425230854904872529e-02
5.297763402256980975e-02
1.815670093380396374e-04
-1.490393457714970192e-02
5.303353054472062511e-02
-2.007410044771334480e-04
1.360048356638122492e-02
5.428530259175459033e-02
-2.418452785023465432e-02
-2.732738442721214731e-02
5.448167647914566730e-02
-2.415133373165617020e-02
2.631346106172033350e-02
5.427918662772896613e-02
2.418450286477948075e-02
-2.734854904750252946e-02
5.449670214280354086e-02
2.422204714228588102e-02
2.623398621810283521e-02
5.450157727984282496e-02
-1.159836354972267232e-02
-2.091340705261835950e-02
5.464606320434238496e-02
-1.156542918473113003e-02
1.979979494945942331e-02
5.450122484638767612e-02
1.159699745134385417e-02
-2.091997557033213259e-02
5.466579892743744090e-02
1.162342185766263546e-02
1.977033258370105434e-02
5.580135373090954615e-02
-4.845002983643360813e-07
-2.104312020021773325e-02
5.587516341511760548e-02
2.713727391032177321e-05
1.975820150267148037e-02
5.666746365119083167e-02
-4.119487921137851560e-02
-4.173041705112598421e-02
5.700405744958497722e-02
-4.115775977959499482e-02
4.091508335335349716e-02
5.545192892138366136e-02
4.126335810352297490e-02
-4.064719872115973159e-02
5.702880604959331690e-02
4.126270133337636009e-02
4.080083047898638848e-02
5.812909250021310731e-02
-1.236902845319301850e-02
-2.734469871644562913e-02
5.810235784804630016e-02
-1.289527266291463567e-02
2.618943734701083270e-02
5.815357759219062783e-02
1.166993469412437590e-02
-2.728184189270731544e-02
5.811060239181420339e-02
1.295602839805682326e-02
2.615236956111291131e-02
5.900084828748547450e-02
-2.561560947016532086e-02
-3.451711066779494796e-02
5.915292235336317567e-02
-2.619453219663862853e-02
3.363055923515002182e-02
5.848380471686971671e-02
2.601581620636608458e-02
-3.400239252659666839e-02
5.892642488593007044e-02
2.617752435790053275e-02
3.316078343854797494e-02
5.944889266213562035e-02
1.729107860355374364e-04
-2.739731529490610495e-02
5.963190275112004862e-02
3.198387140023174578e-05
2.620465795293556652e-02
6.246502210822348078e-02
-4.539412155899858609e-02
-5.004395394429746874e-02
6.284044069652426623e-02
-4.534947903737034103e-02
4.922905997920180160e-02
6.247470645618679458e-02
4.539512214513325566e-02
-5.006728001872101652e-02
6.287809834282041821e-02
4.546032948314423366e-02
4.909809097434504610e-02
6.277863903100494580e-02
-1.335497071008322732e-02
-3.427602807515953143e-02
6.305336725925521357e-02
-1.332504456788128656e-02
3.319800634746388618e-02
6.279678366789517852e-02
1.335702662691499835e-02
-3.426481428699161558e-02
6.308049879206986676e-02
1.339731551317172205e-02
3.314546209550536804e-02
6.403033507886943254e-02
-2.852512368299949322e-02
-4.178792433785238208e-02
6.433696810082514816e-02
-2.847195793395387864e-02
4.082927356737724861e-02
6.404053148502240889e-02
2.852815375727959374e-02
-4.179332080774680186e-02
6.439285161863791962e-02
2.858969897266253404e-02
4.070684693668324972e-02
6.396822189612835774e-02
3.130320725963001540e-04
-3.397194048866115923e-02
6.448023606097152971e-02
3.487713745221478309e-05
3.313731682738173950e-02
6.857239443350400532e-02
-1.458507347262768747e-02
-4.179879915345683511e-02
6.888257622478372033e-02
-1.453670181373936839e-02
4.075779668383928966e-02
6.856724403427970349e-02
1.457715422214890533e-02
-4.179030686255708060e-02
6.892782519271843655e-02
1.462944352558467540e-02
4.069074346326960467e-02
7.008817512159493113e-02
-9.580359370915377069e-06
-4.178358608351018938e-02
6.942030422008618751e-02
-3.940339210422813565e-04
3.942745574626518174e-02
7.054976791395520253e-02
-3.142128646304363782e-02
-5.007679110698767810e-02
7.092766922511799244e-02
-3.136244850596891370e-02
4.913252059879853056e-02
7.055081215310882170e-02
3.142041177788106043e-02
-5.008735603192286667e-02
7.099257932454253184e-02
3.149756156040633970e-02
4.899802625099448916e-02
7.554454014129030615e-02
-1.605820188277751540e-02
-5.008857295363285111e-02
7.572447089119456465e-02
-1.661556272118546590e-02
4.906105364914128270e-02
7.554917153349251235e-02
1.605472507380662633e-02
-5.006018089119902009e-02
7.597428214116716538e-02
1.611584563004357304e-02
4.898421412504744277e-02
7.715368192652186097e-02
-6.282227816267481378e-04
-5.007497077500085852e-02
7.765838737392984081e-02
4.856814966839151750e-05
4.898944104623501050e-02
5.251661871887262391e-03
-7.839161907667891241e-03
-6.179196304145519181e-03
-1.747852816079708757e-02
-2.783853088615717390e-03
1.451394745697947956e-02
-2.224987832053488060e-02
-2.803155486950096773e-04
-3.155973955233683237e-02
-2.376390649360139717e-02
-3.286598710861621947e-02
-1.035615544574195607e-02
-2.434393372240407916e-02
3.163279041860300039e-02
-1.076265785524542842e-02
2.418089201672133509e-02
3.195750803306438015e-02
-1.171658833228392087e-02
-1.292870298545462961e-02
-2.058776009866069429e-02
-4.037144374038914747e-03
2.957739557386691864e-02
-7.857076353719603251e-03
1.892367296122234727e-02
1.944412103259480704e-02
-1.825854122721601303e-02
2.782264532149702346e-02
5.009373179346790148e-03
-4.481683014300569950e-02
-3.465777690046766002e-02
-2.036345471998876611e-02
-2.242736917185931406e-02
-2.516719095552804805e-02
-4.464462060591154607e-02
-3.328966298328821238e-02
-3.990561559136557995e-02
-4.309371999173117890e-02
-1.409135679827949218e-02
2.657822140312930334e-02
-4.917728456939075843e-02
-1.887950289866378514e-02
3.957170639363852271e-02
-5.401304210058354566e-02
3.745004317082135849e-03
-3.790973281077320706e-02
-4.647908022329157174e-02
-8.005789965603687637e-04
-2.682318027640972005e-02
-4.567722227184724954e-02
2.250844016558162936e-03
2.463543678942003642e-02
-5.287769466070969815e-02
2.058044854842045000e-03
3.872253993070964850e-02
-4.909697446519670910e-02
2.108548635372480690e-02
-3.872857480473741731e-02
-4.272547437297047335e-02
1.434827849963036563e-02
-2.736732701726540817e-02
-5.056990444531583861e-02
1.872903752405839783e-02
3.872339653042791013e-02
-4.677115878024416112e-02
3.430865888026001648e-02
4.059269274366861247e-02
-1.423386570898156275e-02
4.166628071014450568e-02
-2.592927063173823196e-02
-3.330425177542915838e-02
-4.520834979725112807e-02
-4.052938510169334929e-02
-3.163795763625250335e-02
-4.549598492347178835e-02
4.010288555259202553e-02
-2.886341212707425885e-02
-3.354163553775973278e-02
-3.720506175426276096e-02
-3.114487710727128697e-02
-3.381021885550327538e-02
-2.427101056512473778e-02
-3.243184296395339172e-02
-3.047528920750085593e-02
2.366554349139847815e-02
-3.563262815678815143e-02
-3.251884372508313803e-02
3.684698876271989831e-02
-4.118570012980354855e-02
-1.805497986111999700e-02
-2.749630663114291038e-02
-3.563462662022629651e-02
-1.657105148507060505e-02
-1.097091006972852195e-02
-3.391777418400693939e-02
-1.987998093400634297e-02
7.105308605418386714e-03
-3.051409001788881609e-02
-1.421524082951249393e-02
3.641451074388573489e-02
-3.859094006557316214e-02
5.429730201583751227e-03
-1.066477458024281920e-02
-3.894948173959775217e-02
1.241811764110018531e-03
8.040945749677803206e-03
-3.001207806181893645e-02
-4.600643205181813777e-04
2.482520731931005947e-02
-3.781744964834526934e-02
-2.694654660121673789e-03
3.609954411213059378e-02
-3.281550088320388248e-02
1.694744594491721934e-02
-3.760494706288522448e-02
-3.398402672241029876e-02
2.060789305663001530e-02
4.469665533331605711e-03
-3.924339759747016293e-02
1.874836032669963473e-02
2.428142567514695455e-02
-3.506810907497650426e-02
1.377070387541443758e-02
3.911300410775408326e-02
-3.659249647944219641e-02
3.653646638033043043e-02
-3.837107134456432117e-02
-3.202782011826100367e-02
3.172151833362066992e-02
-2.601509362670731407e-02
-2.990959848255540093e-02
3.430193609256705634e-02
2.365167272571767898e-02
-3.565761852834555684e-02
3.251799668384908887e-02
3.720543731036604629e-02
-3.057030527771684159e-02
4.564652622912520469e-02
3.830041967838324762e-02
-1.713621813083422360e-02
-5.085028835372081002e-02
-3.929328133573528614e-02
-1.599182537060887116e-02
-5.257583887035104792e-02
3.900051564771160606e-02
-1.775631615140009847e-02
-3.564738949075979546e-02
7.014362014158433654e-03
-1.617408986176518265e-02
-3.975777413521917186e-02
2.563060810698470499e-02
-2.121665684534904464e-02
-1.765745982842920753e-02
2.118186600189602906e-02
-1.649196955496996450e-02
-2.234462061316529538e-02
3.697601834351463973e-02
-1.487110431881452297e-02
-1.716249539334273625e-03
-6.985384791258320882e-03
-1.633023246086734437e-02
-1.116893750765107080e-03
3.471550917992764773e-02
-1.819123808489506861e-02
1.908603220336125422e-02
-3.823345377882600427e-02
-1.804196676190018486e-02
1.732696542597690972e-02
-2.024594318256749820e-02
-1.606647839974752884e-02
1.874463105311187719e-02
6.695472146937827412e-03
-1.572591849719092924e-02
1.825092119725453196e-02
2.448010845974389962e-02
-1.614909742268235554e-02
1.701975596705271668e-02
3.818443982608635268e-02
-1.790186708656945833e-02
3.637962606286509332e-02
6.764629907424041591e-03
-1.411282113708946413e-02
4.291938797716306209e-02
2.312023319919976477e-02
-1.791761889020609261e-02
3.564536863049330012e-02
3.671394530425881736e-02
-1.734151917575834506e-02
4.991994843530179332e-02
-3.880126100874022044e-02
-1.762997520302943960e-02
5.213604248205600672e-02
3.857696334494632728e-02
1.209643558208432649e-03
-4.667125513107103774e-02
2.564538173550054423e-02
1.460128163884367005e-03
-5.208190502209272127e-02
3.830333990698663038e-02
-1.091772863950011933e-02
-4.159835825265834758e-02
-2.555739718862955201e-02
1.615775042588239209e-03
-3.833720208123192474e-02
-7.541576199047553969e-03
-7.405292245047527305e-05
-3.347376229943031800e-02
3.459949135530374781e-02
-2.633556442826090038e-03
-1.575204762735208514e-02
-2.945560220336198090e-02
3.015777874509730015e-04
-3.983270585745043307e-02
1.276841761185776823e-02
-2.479891114740133428e-04
3.687385651118152939e-03
-2.658489491402212315e-02
-1.594467310940378283e-03
2.071156635425209711e-02
-3.408349793361088037e-02
7.553178121913070586e-03
1.468273732528115744e-02
-4.845685684256581700e-03
2.443633375582278562e-03
1.377770207981437491e-02
1.734437726679615224e-02
3.026885387389626446e-03
1.794376847770303568e-02
3.745781354022287291e-02
-5.425025220453218383e-04
3.852221055787118792e-02
-9.418740608971902517e-03
-3.563033666636348726e-04
4.040465378362983334e-02
1.958567283860169345e-02
-1.113353892857025162e-03
3.247811119453792444e-02
3.530772294810156919e-02
5.332417743592384601e-04
5.446461471198701249e-02
-3.930010823852354840e-02
3.234102501811767037e-03
4.579238079298410952e-02
-2.842721289533076817e-02
1.072250572891962691e-05
4.946971641497019401e-02
3.369816603048545606e-02
1.779086925818544260e-02
-3.730844525595084643e-02
-2.072180136204019446e-02
1.778474540335574922e-02
-3.557039088570671664e-02
6.352875566239613372e-03
2.215477133547152574e-02
-3.681628841795812901e-02
2.278887946531541614e-02
1.678677966996054011e-02
-4.264133150316440357e-02
3.719976199484093665e-02
1.863348258718665329e-02
-1.677129167919947858e-02
-2.383538307744546142e-02
2.000232206152980502e-02
-2.218477498304652351e-02
-4.624774254179108215e-03
1.852876948604878157e-02
-4.741120819283152097e-04
-3.609895090280084567e-02
1.411151445136547139e-02
-8.903187545387842867e-04
-1.954096820617068353e-02
2.029599703693323737e-02
4.399192095071939590e-03
1.132841500549239440e-02
1.843798810914140315e-02
-1.088538382885214398e-04
3.288612379283500226e-02
1.830807675720355285e-02
1.708689581406514640e-02
-3.852650732778051951e-02
1.435986900985195859e-02
1.579966764782879049e-02
-2.258873612463651800e-02
2.262698128794038421e-02
1.758017731519608690e-02
3.327851058492913017e-02
1.811875665869516761e-02
3.890959491461594422e-02
-2.570660035371956711e-02
1.657084195524382783e-02
3.615421470975002660e-02
6.558819726420997594e-03
1.653454865663785134e-02
3.828490928482154720e-02
2.642706970522074386e-02
3.245516959884382074e-02
-3.537599229725408440e-02
-2.777262480720851801e-02
3.329312058263073082e-02
-4.071573710086858616e-02
3.846149398704256511e-02
3.801739342080889122e-02
-1.800469640087066711e-02
-3.679222775401713025e-02
4.064379917260323855e-02
-1.811233850027421308e-02
-2.355703099049058155e-02
3.539375097794095204e-02
-2.047140060000342959e-02
-1.071803487127140526e-02
3.422448092483380139e-02
-2.187891149903542845e-02
6.943363226831002037e-03
3.900829165613877575e-02
-2.112912643995719028e-02
2.724902933965786533e-02
3.477311516646792305e-02
-1.188005646960964409e-03
-3.973684522623609910e-02
2.989090414358039696e-02
-2.184234644173613498e-03
-2.587616569798551619e-02
3.689598614100284002e-02
3.130676950330041428e-03
-1.117728735187354001e-02
3.970730083976924812e-02
-1.994642206249259454e-03
6.117357435316194900e-03
4.397136018132101476e-02
6.238253638235703898e-04
2.430746550187638105e-02
3.651398236209082299e-02
1.399706002757524111e-02
-4.003493306890552189e-02
3.863733535048046591e-02
1.785786152143103642e-02
-2.491922898878750486e-02
3.440971380868183827e-02
1.877640932031481372e-02
4.679431758338853907e-03
4.018785671871590720e-02
1.822657075519346428e-02
2.544803913277121979e-02
3.152842182041357827e-02
3.611485589247584449e-02
-3.655319517917232641e-02
3.207594619368749761e-02
3.499629264838783477e-02
2.284387172837006388e-02
3.452414587841324406e-02
3.577751020778439928e-02
3.618692657840259785e-02
4.602682331721155706e-02
-3.303724912673942915e-02
3.810829666901754259e-02
5.277403060983754807e-02
1.758091688010017268e-03
-3.887254098145590669e-02
4.600804083270344791e-02
-6.512345081603137338e-04
-2.538859004795769592e-02
5.146248277733826704e-02
1.817494492627417385e-02
-3.764387811744598217e-02
-1.175260439022303882e-04
3.656503439123894028e-02
5.870190417560458389e-03
4.666638928384268803e-02
3.072347599339145599e-02
-3.994348556668632366e-02
-5.554691289025381895e-02
3.053529065577088863e-02
4.992545679917139573e-02
-5.020249815152559580e-02
4.271945967876965289e-02
4.989860950431673770e-02
-2.271346355057000596e-02
1.241675246926426598e-02
4.962693214861475799e-02
-3.784918434276171584e-02
2.825177758637193587e-02
4.978882459019175893e-02
-3.640664528236548653e-02
4.333102617342191043e-02
4.979873498180004132e-02
-2.420443037907239053e-02
4.274092249222440076e-02
4.970024428730841076e-02
-1.648790687192831436e-02
3.364790378276911326e-02
4.961680235510234488e-02
3.495024870760175123e-03
6.324432359537913995e-02
-5.011706745754596071e-02
1.411359662516059946e-02
2.499256044400285579e-02
-5.025019986678348760e-02
1.684656406661502390e-02
5.042603082135963671e-02
-5.018901555992195257e-02
4.594086081115444919e-02
5.020720077602113668e-02
-5.011345232989822263e-02
2.509314937766076586e-02
5.658197182669124845e-03
-5.025364865815919180e-02
3.373982157005745580e-02
1.682974920060558918e-02
-5.024813198648311885e-02
3.473943717775448276e-02
4.646617623996950747e-02
-5.017917656516476810e-02
4.802971269314317004e-02
3.470869626575400629e-02
-5.015906958960955619e-02
2.356220025064565890e-02
1.854409979482458948e-02
4.907975817802328472e-02
1.641428766969229430e-02
3.372145285491191802e-02
4.931086087443111582e-02
1.725370044495148220e-02
5.045888902323818204e-02
4.940933737199326020e-02
3.575838560500805424e-02
4.045189735100490624e-02
4.927214403112076258e-02
-2.394301169639323143e-02
2.804472814627035140e-02
-5.013535971764621069e-02
-3.731302856859772948e-02
4.627531835876856625e-02
-5.008821431240553790e-02
-1.113320453589113773e-02
1.617802138234365403e-02
-5.019436062092630380e-02
-3.496012187636426093e-03
3.611708080126996290e-02
-5.018303124067752252e-02
-1.461768663250476857e-02
5.444706785165031454e-02
-5.012982026507575850e-02
-3.015150014374564508e-02
-5.391480972069465083e-02
4.983974038965703623e-02
-1.199712962422538019e-02
-6.824857325536343167e-02
4.977158192332263587e-02
-3.122003130003069005e-03
-5.943371100950374519e-02
4.968418968348332215e-02
-1.716928364404749288e-02
-5.470270212580791158e-02
4.976684981730043755e-02
-1.663949097891931697e-02
-3.775144720789738034e-02
4.969950983329329136e-02
-2.777122173434701420e-03
-2.240637377189300117e-02
4.947203120346230221e-02
-1.862994627851387655e-02
-1.083753005757861869e-02
4.957702163350201363e-02
2.152486865313800977e-03
-1.697822477762712251e-02
1.930906659141892398e-02
-2.443099903526319353e-02
5.630057625446386466e-02
4.972650340141000075e-02
-5.269940397368585300e-02
-1.773166616943139609e-02
-5.006409820758574852e-02
-3.771104418349794513e-02
-3.437719768689299904e-02
-5.008607730470158309e-02
-2.071722260951176092e-02
-1.622267097743755257e-02
-5.018155340270359643e-02
-1.646435372803715241e-02
2.154420869735682118e-03
-5.018419561559394476e-02
1.105618573631040967e-04
-5.712188244115262020e-02
-5.011205001455019264e-02
-1.918334489880610158e-05
-3.362615405228793625e-02
-5.018883080237521166e-02
1.684809251789694609e-02
-5.043307049163062161e-02
-5.014908918169919821e-02
1.991951848007980988e-02
-3.076231258363026910e-02
-5.020620720270587561e-02
1.254602774017621845e-02
-1.671444953379529891e-02
-5.023936247899914165e-02
3.214625707673182675e-02
4.044263503350039473e-04
4.905657838565091050e-02
5.110718090607822839e-02
5.993771806877653727e-05
4.908065772452769454e-02
5.114274649691387398e-02
1.935842190080900443e-02
4.909437794754617501e-02
1.177097855598680225e-03
1.626012449123536915e-02
4.927109220707929366e-02
3.626094263674858160e-04
3.366632920421281511e-02
4.945095728793155732e-02
-5.995342539053372978e-03
5.435702343409997556e-02
4.959841813971608421e-02
2.307956180198464033e-02
-6.487031522757066675e-03
-5.023798591521369539e-02
3.432188449962118859e-02
-3.974444921578643153e-02
-5.018641565240506558e-02
3.373077283872687876e-02
-1.682109674389476936e-02
-5.024247476601763351e-02
5.217308743826805373e-02
-3.612328150959360357e-02
-5.013271016647657258e-02
3.405982842852997572e-02
-5.571920169453162264e-02
4.941957557194788520e-02
4.627563795092563131e-02
-4.305736359743106423e-02
4.930771039569194908e-02
1.752256602319935894e-02
-5.303204790297644938e-02
4.950689276166821140e-02
1.854379776285844036e-02
-2.119526238600336412e-02
4.919224044455700745e-02
3.061167485315165193e-02
-3.669076728191513620e-02
4.932960840485332843e-02
5.003822143166609254e-02
3.753464592187037013e-02
4.916889183504392913e-02
-5.889441447799381724e-02
-2.577235214770400018e-03
4.994738039480764447e-02
-3.491870501093766871e-02
-2.076569287418236071e-02
4.977590817696225800e-02
-3.331943830590986672e-02
5.297657370764970126e-05
4.972780492178874995e-02
-6.077694137324601148e-02
1.783281492136539609e-02
4.995597161597680608e-02
-4.519607239464532022e-02
1.503517827621512169e-02
4.983290182471629415e-02
-3.448651650257262419e-02
-5.345407126033868001e-02
-5.006343628246579663e-02
-1.577830592595104442e-02
-5.453877292855387887e-02
-5.009482668653524040e-02
-1.947512775102639912e-02
-3.687392437434240666e-02
-5.011716499525244867e-02
1.267233807972361313e-02
-6.827444677155224129e-02
4.959981922684689182e-02
8.493829129653508031e-03
-3.846364638096651939e-02
4.948779403609183253e-02
-5.009118620935923416e-02
3.363798822153474949e-02
-5.005725782113912975e-02
-2.726351022786755243e-02
9.570484335717265381e-03
-5.013492195894803799e-02
-3.894528869707157559e-02
1.988081847496393773e-02
-5.009726983768084119e-02
4.332463666295081894e-02
6.612089410964808872e-03
-5.021501401530609199e-02
5.226936939205449606e-02
1.844005157656760513e-02
-5.016912286346504601e-02
6.302880922685319409e-02
7.679691781466153715e-03
-5.014151871976785246e-02
3.373492119016260893e-02
2.422532762128141832e-06
-5.024165257045548616e-02
4.292577974142361419e-02
-6.224405576853679102e-03
-5.019331678740663466e-02
5.180834227383736279e-02
-1.931215978633092634e-02
-5.017859697177328576e-02
-5.898976647457311595e-02
-2.280095609706191476e-02
4.997818391889905648e-02
-4.814391165525092747e-02
-3.528791261769032017e-02
4.991547628639575462e-02
-5.577552337673077204e-02
1.628963169780811224e-02
-5.005949186632437792e-02
-4.144638510974255063e-02
9.847338247683417364e-04
-5.010886031494224402e-02
5.102612498251820478e-02
-1.675593105704426683e-02
4.918235400107719840e-02
6.096747634105741109e-02
-5.707697758440628301e-03
-5.016631135247425627e-02
