-7.732808658467466012e-02
2.760598680043539952e-05
-5.027737708737467504e-02
-7.834050637644635051e-02
-1.548373349401009017e-03
4.808843877633468128e-02
-7.562862886251253691e-02
-1.601794909503979902e-02
-5.023259647420876689e-02
-7.675708356869609394e-02
-1.767885451039995226e-02
4.733988568842009692e-02
-7.559849719673630841e-02
1.609460300181097744e-02
-5.013492629404728979e-02
-7.649359379065423514e-02
1.455944069824558450e-02
4.881418964321340009e-02
-7.067933750921095992e-02
-3.142306171461679148e-02
-5.023326995913474091e-02
-7.209940885795072807e-02
-3.324121540134113151e-02
4.627337927638843634e-02
-7.056224919361406278e-02
3.146978868579605043e-02
-5.010489414854919776e-02
-7.146477390118320672e-02
2.996313995801766841e-02
4.932960429994558832e-02
-7.018052011255086764e-02
6.355610496368727731e-05
-4.203423960632489409e-02
-7.111387175155002571e-02
-1.211678279859789526e-03
3.991089267483872993e-02
-6.872910057057157740e-02
-1.456175729616230805e-02
-4.204380396101004697e-02
-6.974092274089101207e-02
-1.581146293458637539e-02
3.919951965920426967e-02
-6.859152035892782107e-02
1.463875682319662648e-02
-4.189761351023855995e-02
-6.857107743619569873e-02
1.401010460279951755e-02
3.975612967015588334e-02
-6.420779339613401360e-02
2.017513406108187518e-04
-3.440261865598385344e-02
-6.486878813673897792e-02
-6.380276838847977455e-04
3.211430086499773850e-02
-6.415662494301080376e-02
-2.855265549165481379e-02
-4.208279896900409683e-02
-6.549446374551065597e-02
-2.990988680735120336e-02
3.822506387577775944e-02
-6.404454627610402240e-02
2.856911251198704718e-02
-4.182689319021625635e-02
-6.485618710337788528e-02
2.727958860194511226e-02
4.099338920918249585e-02
-6.294328508828699043e-02
-1.330817269613524673e-02
-3.464306797606395150e-02
-6.388265264871158255e-02
-1.425472326225508263e-02
3.179500607523787908e-02
-6.286255307892910094e-02
1.340088723720648904e-02
-3.438919010388594155e-02
-6.356661987478445797e-02
1.237338460735371189e-02
3.298518104186055899e-02
-6.261157566773142835e-02
-4.547685943278795273e-02
-5.031874763875681528e-02
-6.425658688072581615e-02
-4.740369785900572924e-02
4.541033848404778250e-02
-6.246317056754027708e-02
4.544593238055848888e-02
-5.007289045882473699e-02
-6.338426359384440045e-02
4.396157616743995300e-02
4.973472100086999415e-02
-5.959129936362073110e-02
4.984813574982487235e-04
-2.776704415675101609e-02
-6.020924308859034596e-02
-6.962146364295422173e-04
2.554018530429011391e-02
-5.881609127737259801e-02
-2.612083044776594698e-02
-3.464418205819850410e-02
-6.006139452167336829e-02
-2.675434058481675897e-02
3.110468835164969734e-02
-5.866230971693132956e-02
2.617754648706269172e-02
-3.430427341492402193e-02
-5.959976815889300727e-02
2.496394627929308940e-02
3.361885534758290994e-02
-5.813648539431055806e-02
-1.167463031413353176e-02
-2.730536854548560807e-02
-5.919864739165661693e-02
-1.355567621664587746e-02
2.529263320500506687e-02
-5.820468064123660717e-02
1.237992053017894500e-02
-2.749034040951838301e-02
-5.886490531996200343e-02
1.081797550143114191e-02
2.601445361630300504e-02
-5.623602695107536575e-02
-4.082731280752610603e-02
-4.119955887512270765e-02
-5.830732574837609039e-02
-4.287846768032138600e-02
3.740850622376024059e-02
-5.618384447627432915e-02
4.006687863077727785e-02
-4.048382013566380333e-02
-5.793904624837280942e-02
3.965849017225307749e-02
4.160087920702450204e-02
-5.606006851047139888e-02
5.850958596181564178e-07
-2.155424948455424844e-02
-5.645536656796976832e-02
-5.263666657478680835e-04
1.925846467016788244e-02
-5.476323242567385924e-02
-1.159798633973016871e-02
-2.137620388988489828e-02
-5.531767119727003940e-02
-1.208421032401984369e-02
1.868670737275575366e-02
-5.459723110902876819e-02
1.159661434049131384e-02
-2.107084108997332728e-02
-5.505161099186932361e-02
1.099780847348583515e-02
1.958807524452062243e-02
-5.446427097363178843e-02
-2.416872793917183848e-02
-2.782987617398694977e-02
-5.530095467931538111e-02
-2.493904716384084605e-02
2.434191262510358722e-02
-5.432173080580831454e-02
2.419181455604836259e-02
-2.741454267604492498e-02
-5.492247117315042504e-02
2.334823419140618500e-02
2.640068832427767964e-02
-5.322711866294612543e-02
5.013538999904301177e-04
-1.552518813029283434e-02
-5.349204176913877062e-02
-5.538143190714652333e-04
1.310228851279828834e-02
-5.211653848527472016e-02
-3.779154730395155315e-02
-3.469023014347772521e-02
-5.325615557139911499e-02
-3.899072776052729672e-02
3.028921299807236373e-02
-5.192001885962558433e-02
3.775647287565166155e-02
-3.422422801411174192e-02
-5.264941123306483839e-02
3.666919089385969194e-02
3.371815663111198125e-02
-5.206487498739486436e-02
-1.103767222596739594e-02
-1.540793184504251137e-02
-5.248983553745861785e-02
-1.210868682943471927e-02
1.316958595092064879e-02
-5.198288987706615322e-02
1.150457326936588434e-02
-1.551971883687724291e-02
-5.238733521192722592e-02
1.090857305773066006e-02
1.396499003354385871e-02
-5.174965714210198742e-02
-5.748366129370389987e-02
-5.020850417881567163e-02
-5.339823496159179506e-02
-5.960377763496783887e-02
4.504827878449942091e-02
-5.163188157179739862e-02
5.738620744457528094e-02
-5.002131819755469694e-02
-5.259971499828760416e-02
5.595928217177913166e-02
5.004640614815883404e-02
-5.145742953903712641e-02
-2.519479651999752140e-05
-9.427388765203315729e-03
-5.161130955445222823e-02
-3.285130538144571261e-04
7.141973698064096356e-03
-5.151931940234816959e-02
-2.286513176698365402e-02
-2.211398493222163641e-02
-5.194119309578017901e-02
-2.378464707716011414e-02
1.875667758004138236e-02
-5.149393964833659521e-02
2.281802133502152524e-02
-2.194288849141592251e-02
-5.142306150602270892e-02
2.202366963840084180e-02
1.991015620115878584e-02
-5.054989296284660705e-02
-8.546768920318788786e-05
-3.347698783866639213e-03
-5.075354656141695120e-02
-3.004444623095693960e-04
2.295097033990374166e-03
-5.040185522565487214e-02
-1.070046883064923633e-02
-9.621217501074433298e-03
-5.066879948041897591e-02
-1.088242125369144435e-02
7.044348922763599662e-03
-5.026995031326562946e-02
1.046850025296299641e-02
-9.281078640481076059e-03
-5.042720251145513949e-02
1.035473761856756970e-02
7.693910671293070595e-03
-4.950735757261926634e-02
-1.055818911468063212e-02
-4.016851635362012236e-03
-4.969416606578302281e-02
-1.065088095360273816e-02
1.474031567028425511e-03
-4.941552005691966787e-02
1.032509531769125119e-02
-3.590221466554366532e-03
-4.949216809845782827e-02
1.025371980544406876e-02
2.026478544879512129e-03
-4.863161528774850167e-02
-2.158877736657857649e-02
-1.550519370982294740e-02
-4.906485493372102907e-02
-2.192746281176356435e-02
1.234929012629018205e-02
-4.847642217404748988e-02
2.152124090293651426e-02
-1.491566143588359157e-02
-4.881435927522963236e-02
2.105755034675892146e-02
1.378477094395219073e-02
-4.826957001384812873e-02
-3.500183429875391300e-02
-2.789285803471640984e-02
-4.917088632059869041e-02
-3.583262452035861079e-02
2.379101700693792704e-02
-4.806566399850861065e-02
3.493394807627561716e-02
-2.728267346100488391e-02
-4.869708009292848111e-02
3.406005433391618570e-02
2.668593919755780572e-02
-4.701346077962972186e-02
-5.215547678205505189e-02
-4.208228716046835682e-02
-4.844158016578555687e-02
-5.396209981595142396e-02
3.708948191998993893e-02
-4.684355376229955292e-02
5.209702483254249894e-02
-4.169746914251667297e-02
-4.772560029544992838e-02
5.081791286944354474e-02
4.165119403509087020e-02
-4.712582599411278134e-02
-2.095566888776675615e-02
-9.768838464827084983e-03
-4.739028575113742731e-02
-2.115384148782060297e-02
6.756066636836126175e-03
-4.686919132650993469e-02
2.071395115513968016e-02
-9.077236148421832795e-03
-4.709563343055294532e-02
2.046764043698955787e-02
7.937967821298878499e-03
-4.629689667268287873e-02
-2.058313759108450214e-02
-4.213190670414539325e-03
-4.644496076160532783e-02
-2.068367296641158287e-02
1.263063162356180182e-03
-4.610031269112334351e-02
2.033249908549133664e-02
-2.933776521088161688e-03
-4.622347881417599585e-02
2.022233377132013829e-02
2.243915371323689217e-03
-4.536111582877550008e-02
-3.287442273160618572e-02
-2.152665752894696374e-02
-4.611639582326333003e-02
-3.402304685581569732e-02
1.850645802094471118e-02
-4.525908495521215047e-02
3.347840734975925797e-02
-2.191172052963375264e-02
-4.558697430746992685e-02
3.203889508774573208e-02
2.017443684725025999e-02
-4.309737803637151560e-02
-4.837339308666233073e-02
-3.523292756039554663e-02
-4.414489544267661408e-02
-4.912190125013170261e-02
3.003396941305332135e-02
-4.290065934000542036e-02
4.768748142089310887e-02
-3.414038206690964139e-02
-4.369088392464660908e-02
4.713777900786977199e-02
3.459027436206146833e-02
-4.312032906843377145e-02
-3.122902672284540854e-02
-1.559334922590247322e-02
-4.350188118451098901e-02
-3.168173292437459487e-02
1.205078962448442870e-02
-4.289559157040313125e-02
3.105162336743770221e-02
-1.474102477169247742e-02
-4.345605913621181787e-02
3.026640483879061358e-02
1.402802343076263968e-02
-4.178914143464012437e-02
-3.031235588713624904e-02
-9.856326304449757394e-03
-4.203330429518890160e-02
-3.055170703285818579e-02
6.510952444188683637e-03
-4.149782664777505042e-02
2.992575823522132528e-02
-8.887084848210486179e-03
-4.172558334027617888e-02
2.965989645371921307e-02
8.170672856815204207e-03
-4.103967179069466925e-02
-2.974207004759383752e-02
-4.316793971917490258e-03
-4.123106948507440639e-02
-2.989268453060454911e-02
1.070526869487268239e-03
-4.084103067128154463e-02
2.933598256873081594e-02
-3.191333194211712441e-03
-4.091603985686054906e-02
2.926338705815920496e-02
2.459399670880017905e-03
-3.991750193399894869e-02
-4.427652223273672444e-02
-2.789456926123533645e-02
-4.131596032540575669e-02
-4.535093859019644069e-02
2.427211160501228579e-02
-3.972215202023191005e-02
4.412066292286626751e-02
-2.719151425701020475e-02
-4.038002716874966591e-02
4.323810472760094420e-02
2.696347501669554142e-02
-3.863669717778148854e-02
-6.698571049770456198e-02
-5.018032147754684230e-02
-4.023288909272813157e-02
-6.915442344532413133e-02
4.499916405577366468e-02
-3.855686183585119164e-02
6.685019169601695566e-02
-5.000556226523073661e-02
-3.954362682918498989e-02
6.545728144190166020e-02
5.034454872285074739e-02
-3.726794228014939508e-02
-4.218862894963357202e-02
-2.213154931969323405e-02
-3.819678759805582996e-02
-4.254579844687971651e-02
1.797187913734409406e-02
-3.720031818956030106e-02
4.189874604099929484e-02
-2.149609413444146522e-02
-3.790728329759607274e-02
4.092048172530404065e-02
2.098361109996058765e-02
-3.567977283423223039e-02
-3.952553759938689376e-02
-1.563329852610699511e-02
-3.548620422121567114e-02
-4.045471427750407800e-02
1.180280788003964035e-02
-3.546186905188752209e-02
3.921534409770791041e-02
-1.461122950681673083e-02
-3.530994451314219129e-02
3.909550423206537700e-02
1.416208540556157178e-02
-3.509259111599168091e-02
-6.076069425723645834e-02
-4.206710838775631900e-02
-3.653382444838713938e-02
-6.146953637629992001e-02
3.614843162580941988e-02
-3.461497082054650759e-02
6.073582525708991209e-02
-4.157684545648264451e-02
-3.588404594027526373e-02
5.941961839897574177e-02
4.191789340620356852e-02
-3.462823651385617263e-02
-3.832271537196670769e-02
-9.947635480018011261e-03
-3.480474293087115756e-02
-3.867120969636780176e-02
6.359917119235282759e-03
-3.430404916956548284e-02
3.782603606986484346e-02
-8.748154359211647579e-03
-3.454955563956742942e-02
3.753488200961197646e-02
8.370463326022531750e-03
-3.395591269943981638e-02
-3.766895849116323747e-02
-4.472506858673955948e-03
-3.412438146215084761e-02
-3.786996636990333509e-02
9.156247930156210255e-04
-3.379297753437501134e-02
3.708474966715375604e-02
-3.031699642843049304e-03
-3.387152228712587282e-02
3.698893189337722903e-02
2.639084293985345057e-03
-3.169516248925033364e-02
-5.601477076952720430e-02
-3.472338122568692509e-02
-3.306457250340892606e-02
-5.724417336365959091e-02
3.005650094814408396e-02
-3.202771353180383640e-02
5.553068343920175565e-02
-3.408453498434117074e-02
-3.284315801966053439e-02
5.445957364832487713e-02
3.424125643080679071e-02
-2.978591862675825097e-02
-5.158646115373553137e-02
-2.789195863393259187e-02
-3.045582912538593104e-02
-5.276141114458742648e-02
2.363526007866502063e-02
-2.965918287597283515e-02
5.136264405715767339e-02
-2.712689504884995689e-02
-3.033807384070055096e-02
5.048842660263570120e-02
2.719236550343050174e-02
-2.802558085980524569e-02
-4.847858028687538484e-02
-2.153695446337054384e-02
-2.846004097383687467e-02
-4.932626642205836798e-02
1.758510369467014556e-02
-2.782726456390496178e-02
4.808912612633976791e-02
-2.062806226959489411e-02
-2.837375575673523748e-02
4.740393556294786315e-02
2.063438376957430279e-02
-2.665427642280378262e-02
-4.607251612644423094e-02
-1.560233489986643553e-02
-2.691125173386578473e-02
-4.666317334936610772e-02
1.188578080043524964e-02
-2.650409904706467479e-02
4.566818478356445693e-02
-1.449218061829071237e-02
-2.690016640215626628e-02
4.517301572507396307e-02
1.445423436553296831e-02
-2.552671135132669397e-02
-4.507212749467316010e-02
-1.068305133155988094e-02
-2.584392437353723315e-02
-4.513656879390424287e-02
6.391882744343499803e-03
-2.579573446654324920e-02
4.406515156172491343e-02
-9.022215164759230660e-03
-2.546585371399331943e-02
4.393557202290976349e-02
8.585866895292804460e-03
-2.538943173960335475e-02
-4.394492840451962035e-02
-4.426314043249560820e-03
-2.551562906566603312e-02
-4.413654020554705348e-02
9.441774226613005271e-04
-2.527632541584148851e-02
4.316600602662907377e-02
-2.888670839723666336e-03
-2.526338322206717751e-02
4.325503751190407781e-02
3.657125610379042668e-03
-2.388378801855948336e-02
-7.354381040155380522e-02
-5.021050356571308410e-02
-2.523234309746313908e-02
-7.557501055821211344e-02
4.583445867273521629e-02
-2.382050199089106451e-02
7.339148473921834614e-02
-4.999314914495948253e-02
-2.483674479797035040e-02
7.202584918484411514e-02
5.058164804747174170e-02
-2.167336362387418253e-02
-6.676794432610060059e-02
-4.204140011242388231e-02
-2.266813979975930426e-02
-6.857065077171231593e-02
3.782476638366412403e-02
-2.159831346198851781e-02
6.659762810679646650e-02
-4.163826835055278730e-02
-2.253741096953943909e-02
6.537115088232751947e-02
4.213078393823237872e-02
-1.984974515273952092e-02
-6.119562367330268898e-02
-3.461903242796000868e-02
-2.059214011197384869e-02
-6.271615687170892239e-02
3.060664818077686242e-02
-1.977257175803054726e-02
6.093089268513069562e-02
-3.404649438292685348e-02
-2.061632549215414514e-02
5.989607004495989956e-02
3.444199343191933077e-02
-1.796031853913301890e-02
-5.727296947169510655e-02
-2.859470557213393896e-02
-1.868532764197758378e-02
-5.815895185539025208e-02
2.433727234434543071e-02
-1.906273866418050494e-02
5.663662730024058428e-02
-2.783544158226061715e-02
-1.902917235780696853e-02
5.551699508935755562e-02
2.737195746494303084e-02
-1.734526550021708857e-02
-5.347605254747998110e-02
-2.193265656516171780e-02
-1.765687321121732142e-02
-5.410601377612974522e-02
1.790970691072370571e-02
-1.715442634597483598e-02
5.337156073578313425e-02
-2.155951183615986699e-02
-1.718352628025728024e-02
5.251816603802605260e-02
2.133480661676376636e-02
-1.641907046659326144e-02
-5.056150257829444827e-02
-1.558677637527385897e-02
-1.668305595016175355e-02
-5.125971009968506575e-02
1.215354148462065645e-02
-1.640388718397618392e-02
5.011407460737848929e-02
-1.437570698145954756e-02
-1.681176545908602549e-02
4.963610617382226142e-02
1.460795780353669852e-02
-1.594464524511382542e-02
-4.906825664067408083e-02
-9.871645953456993985e-03
-1.609792398139757788e-02
-4.944031188879625949e-02
6.589417194471221435e-03
-1.590457517008189020e-02
4.830355418796195704e-02
-8.498697113706587050e-03
-1.615212221942136789e-02
4.803216076041146032e-02
8.688434385721838238e-03
-1.570486075107057830e-02
-4.827466167657942092e-02
-4.308957178383006695e-03
-1.572748323403751550e-02
-4.842350815554216648e-02
1.150668232912404948e-03
-1.569669506409276938e-02
4.738536558625819350e-02
-2.763685930088305518e-03
-1.578213783249599392e-02
4.728615086562262815e-02
2.929788701080630192e-03
-8.064230645605132211e-03
-7.690240497704445288e-02
-5.020215631730706729e-02
-9.298660601693540737e-03
-7.864433734147893706e-02
4.674912838080339667e-02
-8.051370214084110216e-03
7.672601803173288715e-02
-4.995967593107158294e-02
-9.079285090611666914e-03
7.540917699796077789e-02
5.078139953903728493e-02
-7.300077410197122231e-03
-6.983887878624704670e-02
-4.200726613558197070e-02
-8.761440004551545452e-03
-7.117222459057784278e-02
3.865169949047062709e-02
-7.116189811276007506e-03
6.847224590126360644e-02
-4.013066078664188907e-02
-8.243732137193765172e-03
6.843391942115481519e-02
4.231261869806537262e-02
-6.293053678770850999e-03
-6.430320668637698467e-02
-3.497796490280095927e-02
-7.543749478637928538e-03
-6.545360606130075365e-02
3.160729795635162237e-02
-6.889578585701518904e-03
6.289630150489544658e-02
-3.292948701112931309e-02
-7.525821307948395329e-03
6.269059407735939893e-02
3.461343256407436314e-02
-6.178959781283748995e-03
-5.922185607282873243e-02
-2.774982722722455636e-02
-6.581541603575347468e-03
-6.030304694430810297e-02
2.459432099961700660e-02
-5.572344334262573258e-03
5.891404966608256022e-02
-2.696650024473952467e-02
-6.138338921608465018e-03
5.799855909046091468e-02
2.739283510848176950e-02
-6.443085192653476810e-03
-5.581982188768808834e-02
-2.200053524412446532e-02
-6.076143868574649699e-03
-5.640174374554585146e-02
1.836521209362683080e-02
-5.141539243736184539e-03
5.558430277479876197e-02
-2.125046978303003417e-02
-6.411600750733125777e-03
5.449299552659613022e-02
2.094798057482771120e-02
-5.545401124688439411e-03
-5.289192926338927292e-02
-1.539526549621109477e-02
-5.108670713903733056e-03
-5.354132786172003527e-02
1.270867845401650251e-02
-5.061231868253149302e-03
5.236125559193836876e-02
-1.431171965119148667e-02
-6.736040621008456027e-03
5.195375308472917342e-02
1.524162658562376420e-02
-5.391164811634692987e-03
-5.128215194125292087e-02
-9.688076154219174216e-03
-5.489358182080125888e-03
-5.165357923719546274e-02
6.809861251554322897e-03
-6.088078926935765363e-03
5.025814291904037029e-02
-7.870727341104466826e-03
-5.727078505030700449e-03
5.023865279416708796e-02
8.807192216198994617e-03
-5.334796051814543263e-03
-5.048955160506716361e-02
-4.141677343645138246e-03
-5.339733272991993747e-03
-5.051894606030939844e-02
1.327840739836538874e-03
-5.456964485107428965e-03
4.951500178847516309e-02
-2.660076113673972512e-03
-5.544891291788576516e-03
4.944656057715358932e-02
3.049617127477631442e-03
2.586667519314449909e-03
7.932173709123632472e-04
-5.029934763802829806e-02
-1.309285183964587580e-03
-3.729299815044901517e-03
4.927457361820156145e-02
5.317379069766342559e-03
-5.044477962041019059e-02
-3.280002008557261848e-03
5.198595839281160494e-03
-5.050879620382733859e-02
1.567493482104927909e-03
4.996246295908762965e-03
4.948576512698372315e-02
-2.561555842355381710e-03
4.926476546223455301e-03
4.941527605875212226e-02
3.152372923480357796e-03
5.406645131899701952e-03
-5.120315596035091704e-02
-9.486941379266268168e-03
5.271691515981877241e-03
-5.151612534371211027e-02
7.158194132519597394e-03
5.158049564331887264e-03
5.043435943449375847e-02
-8.332894880653099468e-03
4.928534704441602313e-03
5.021490180349948151e-02
8.918434042051680971e-03
4.982965179678832367e-03
-5.284966645316017259e-02
-1.522981099751881048e-02
4.717107567785333404e-03
-5.369722310916871105e-02
1.347419233906469241e-02
6.050964042239861604e-03
5.251097775384234306e-02
-1.490923617002906827e-02
5.009121976715308518e-03
5.190224979254808718e-02
1.485143301038992052e-02
5.866166006692242162e-03
-5.550500194466048698e-02
-2.127728888269792007e-02
5.592847376700375503e-03
-5.629245126398189913e-02
1.889043701628247141e-02
5.751463148016148878e-03
5.508987822428934589e-02
-2.041452299604337023e-02
5.199543874836273782e-03
5.450313999753404054e-02
2.105646739583717439e-02
6.273101971380994415e-03
-5.919770954599107987e-02
-2.767891326906312885e-02
5.785499179644230418e-03
-6.013379992031966242e-02
2.524154920324000323e-02
6.182650238542673066e-03
5.888237086059155273e-02
-2.691960312782656212e-02
5.778327465220159040e-03
5.838319357180931507e-02
2.821712291800776082e-02
7.610477195900864147e-03
-6.431757082231336076e-02
-3.518570358921213614e-02
5.596529970060504407e-03
-6.568500150918649139e-02
3.288208473914620844e-02
7.039970658706009438e-03
6.351688930451400428e-02
-3.387098788365525831e-02
5.205750816191951139e-03
6.320867296513833777e-02
3.539577522423099226e-02
7.416719813988196727e-03
-6.981732247499862487e-02
-4.197800711059501699e-02
6.484910486239517380e-03
-7.103417761706196099e-02
3.960133608204530892e-02
7.339922467200385610e-03
6.956822297769732488e-02
-4.157882017182541745e-02
6.375709896235368275e-03
6.846611608186198294e-02
4.244532806821029597e-02
8.106358431147982907e-03
-7.688344426902460338e-02
-5.020867042224416710e-02
6.922518667208252957e-03
-7.829389535482307594e-02
4.779292177780109646e-02
8.082867866599839288e-03
7.670118314320333031e-02
-4.995662270661465482e-02
7.030358921959639282e-03
7.544477007010802483e-02
5.092185971258731542e-02
1.554592090112970684e-02
-4.808521006378465440e-02
-3.708539689278471819e-03
1.546863638079736675e-02
-4.824124847370228619e-02
1.845671798062953730e-03
1.521568459233669894e-02
4.730516866005505389e-02
-2.515008928259095458e-03
1.514871641997188496e-02
4.720149354479954290e-02
3.210168865095420435e-03
1.583385304067564531e-02
-4.886250315860066890e-02
-9.346099178121547099e-03
1.570492150799722431e-02
-4.917844581519299069e-02
7.467820920864372616e-03
1.556609915098140090e-02
4.820502685565228318e-02
-8.273562090562389115e-03
1.533113194547837746e-02
4.796133968695616423e-02
8.997438704805467424e-03
1.643284693569628876e-02
-5.057046958563157085e-02
-1.512683198507365316e-02
1.617664655067805116e-02
-5.096593016786242492e-02
1.324185509353518336e-02
1.619419535161441617e-02
5.002003361736945958e-02
-1.417038283008922525e-02
1.579907543944655823e-02
4.958819557283543344e-02
1.494871907531411352e-02
1.726911244790501482e-02
-5.312503308660850021e-02
-2.117742316377153183e-02
1.689785692476309872e-02
-5.370363217011688006e-02
1.931175552011049970e-02
1.768351626472562665e-02
5.282865791169700370e-02
-2.107506307459959191e-02
1.654373407521695510e-02
5.207853074678325811e-02
2.115461936944048119e-02
1.915123400475260418e-02
-5.677897391060928584e-02
-2.825916467001062665e-02
1.743449276395096087e-02
-5.791456609836592717e-02
2.638104707991608192e-02
1.772157731673746142e-02
5.707446075741243185e-02
-2.787114086568012045e-02
1.758566567865453567e-02
5.551255722691966765e-02
2.774553146570979401e-02
1.945198747227184707e-02
-6.224310578265470489e-02
-3.569032031748445993e-02
1.898621452991835351e-02
-6.267858291055723730e-02
3.337519163544174633e-02
2.009918275867593127e-02
6.182915403349826394e-02
-3.525882459829512289e-02
1.896168989827955870e-02
5.993839149385120357e-02
3.483756020593779118e-02
2.221586464097158320e-02
-6.701517228721907971e-02
-4.245832471834162097e-02
2.073964444162046047e-02
-6.780474262914275296e-02
4.018318503702911909e-02
2.162410278826783910e-02
6.649645725044857347e-02
-4.155520165937653249e-02
2.092181094517880577e-02
6.429487503432979034e-02
4.127684570934586628e-02
2.391768505768004233e-02
-7.349676058329955575e-02
-5.015342304903118442e-02
2.269918982451116229e-02
-7.473561321986410544e-02
4.848282215404126766e-02
2.384471657970401240e-02
7.333893445730957361e-02
-4.993076961448848078e-02
2.279503412340521534e-02
7.211903689190389544e-02
5.103560074610032776e-02
2.506151466119671892e-02
-4.374711802062580118e-02
-3.505668950954254556e-03
2.502458229476664520e-02
-4.385309312007571597e-02
2.105931981047498135e-03
2.476280021278630394e-02
4.303849912953280205e-02
-2.468740590706384498e-03
2.468232070567195555e-02
4.293257959721277772e-02
3.261794121997859015e-03
2.557713316744459134e-02
-4.448545827117501850e-02
-9.159158168350133022e-03
2.581581923307627036e-02
-4.441182703117040748e-02
7.851347647404156166e-03
2.522910261328970005e-02
4.410327868038835947e-02
-8.881388218709167573e-03
2.471017882631743739e-02
4.379286315710665539e-02
9.095980596539000526e-03
2.651263385042261153e-02
-4.600893371482372984e-02
-1.497008894511270803e-02
2.618238380329143342e-02
-4.639727983953809837e-02
1.360121111270546496e-02
2.625106725576794101e-02
4.551248010806454442e-02
-1.415552189858235339e-02
2.588077620079517679e-02
4.510345197265602096e-02
1.499637178924020410e-02
2.790501500647534286e-02
-4.833957715670594846e-02
-2.103766890030858011e-02
2.743711681914602629e-02
-4.886952406701686874e-02
1.972010692642748794e-02
2.765947774113245231e-02
4.792418461621292258e-02
-2.033026808881029796e-02
2.714352816198405127e-02
4.735597327641157678e-02
2.121190921020199224e-02
2.978256765752270580e-02
-5.151686523188984262e-02
-2.746289977159116144e-02
2.912020495126598635e-02
-5.219602598740859939e-02
2.620613689432702703e-02
2.956603102584931184e-02
5.121159443740060796e-02
-2.686472578073933332e-02
2.891627169177069315e-02
5.048247225115434084e-02
2.780160718149381552e-02
3.218814987234119157e-02
-5.563325303912543957e-02
-3.437229795286605993e-02
3.134245476066378072e-02
-5.648587753495997593e-02
3.315125445841061308e-02
3.199413369612848224e-02
5.541983068930628198e-02
-3.387490832930883933e-02
3.135079328348879674e-02
5.451719077991110107e-02
3.501644901304033081e-02
3.349795901263749598e-02
-3.754984448681386588e-02
-3.295858372161296606e-03
3.305056856995609860e-02
-3.802117097610685503e-02
2.794784367365695400e-03
3.321820295199341688e-02
3.688948270232576820e-02
-2.446708182991811070e-03
3.275257969066422414e-02
3.714174820478245015e-02
3.744971677315700638e-03
3.416673878183294766e-02
-3.817396617785911300e-02
-8.993173939772869038e-03
3.394601221500573307e-02
-3.840630364394620466e-02
8.038829791557450602e-03
3.385418416015204685e-02
3.761045420191366784e-02
-8.224023487354816669e-03
3.366360437754326723e-02
3.736885292404643066e-02
9.056796705690239521e-03
3.509976160433197351e-02
-6.046997198933523610e-02
-4.159214331511296159e-02
3.404321570536321395e-02
-6.172030011849358178e-02
4.073893184675145968e-02
3.496406331700203235e-02
6.054544211809247123e-02
-4.152415437363413120e-02
3.405163304568324667e-02
5.950749523911155747e-02
4.262318398738024205e-02
3.493057908999798455e-02
-3.995472448623287737e-02
-1.509076727676426748e-02
3.503537667357415480e-02
-3.985640161647832636e-02
1.389332201714295681e-02
3.513669021254393898e-02
3.900135978198707165e-02
-1.414211351154975350e-02
3.427460530796491711e-02
3.897426627760230272e-02
1.492004654604090277e-02
3.722016653865999752e-02
-4.205649138926256109e-02
-2.167745275788442519e-02
3.672295787506010128e-02
-4.196358072737383510e-02
2.004877090690635605e-02
3.704934385373859912e-02
4.113001280346385846e-02
-2.030820447633266412e-02
3.666937635247259630e-02
4.068210798512755105e-02
2.159836705609681495e-02
3.870138906438951032e-02
-6.690415067041501074e-02
-5.015849276899132791e-02
3.736635416655956221e-02
-6.803804967908168300e-02
4.908679579324653347e-02
3.856434695578579014e-02
6.677112242711810697e-02
-4.990612760256280672e-02
3.824589882639140709e-02
6.504918226285302807e-02
5.111852825039781695e-02
4.004379251303066822e-02
-4.483930818967925974e-02
-2.839492202153050954e-02
3.907094385937808639e-02
-4.485990228703994748e-02
2.656981861028639633e-02
3.955119766560424854e-02
4.393590278140837441e-02
-2.688479483796844122e-02
3.893097313127142495e-02
4.320319122865394490e-02
2.783935511992387257e-02
4.044481576431932512e-02
-2.972646961070080085e-02
-3.124447196837017854e-03
4.061162686453129861e-02
-2.969271628477983607e-02
3.545028887008480969e-03
4.038405733328012670e-02
2.881851034093626737e-02
-2.034822739513957382e-03
4.055299574571730875e-02
2.852550178073052708e-02
4.066890509291663618e-03
4.123848395943893047e-02
-3.018620148741854928e-02
-8.834917892071350240e-03
4.098627213297785510e-02
-3.042710472604600799e-02
8.267521304780702310e-03
4.101893205492736921e-02
2.975302778957506986e-02
-8.243191020969821772e-03
4.079301499637658091e-02
2.946371403977881415e-02
9.039154495449038332e-03
4.301017299100462488e-02
-3.074205136522890555e-02
-1.467998775600423515e-02
4.233273435523231959e-02
-3.159593753230909019e-02
1.415583139303419440e-02
4.252533314564943545e-02
3.082852142098047379e-02
-1.417235788630860638e-02
4.235488367877814769e-02
3.014849455813069581e-02
1.499337142615626492e-02
4.301533318068363060e-02
-4.769161620220788156e-02
-3.429272269021142738e-02
4.209658854439037728e-02
-4.854556809064303202e-02
3.357667841528984981e-02
4.281663475936258595e-02
4.754698193618511065e-02
-3.388689052392947210e-02
4.317682406831321873e-02
4.671443175745376014e-02
3.615108132500259586e-02
4.502335137743203319e-02
-3.275237038957538177e-02
-2.078274724399453363e-02
4.474806444345962725e-02
-3.319521989006812834e-02
2.067601667773010660e-02
4.493274129635903974e-02
3.266355323385987386e-02
-2.070460324665493110e-02
4.430441750332904383e-02
3.192603975767073499e-02
2.121563847343575782e-02
4.575022249831364046e-02
-2.020458771806213708e-02
-2.562110254013406051e-03
4.532989469550104816e-02
-2.127224736006564504e-02
3.428783680872695815e-03
4.545697650948395119e-02
2.009025423871280483e-02
-2.523962466822363571e-03
4.549771599903067870e-02
1.998005644592931382e-02
4.054245687059554806e-03
4.650209036621975878e-02
-2.092624066757458462e-02
-8.695716537371554408e-03
4.623995176043717292e-02
-2.118628843966757769e-02
8.457607374522625385e-03
4.636017498487370048e-02
2.053264138530198554e-02
-8.287931245169440422e-03
4.612411825334140208e-02
2.024960607220157444e-02
8.988978945190587155e-03
4.696363169253651298e-02
-5.206753467699594407e-02
-4.181422377255843148e-02
4.585348798270152265e-02
-5.307543667887173328e-02
4.119498777528211864e-02
4.728885543796035318e-02
5.210476356961944028e-02
-4.210590336634501690e-02
4.587430646800452760e-02
5.090821630655691793e-02
4.265907189561709417e-02
4.806563926342530269e-02
-3.490388624683993246e-02
-2.726219937710172569e-02
4.731056340997919635e-02
-3.565345682416585366e-02
2.682851773871508527e-02
4.783448964153594329e-02
3.474840104049652101e-02
-2.687361744245688952e-02
4.723520719938006929e-02
3.401251985395828403e-02
2.781414886450114463e-02
4.777280053713774816e-02
-2.213292708633914085e-02
-1.416751563275400923e-02
4.778549546060243541e-02
-2.203788978800403850e-02
1.436200063138591207e-02
4.798521014495200909e-02
2.150329125800089225e-02
-1.425594294112630077e-02
4.770463524259950516e-02
2.088708577421670085e-02
1.494137325605356809e-02
4.879323008848307497e-02
-1.067972775533481723e-02
-2.809295787730459702e-03
4.872239473582772040e-02
-1.075869989887207751e-02
2.895700294605034128e-03
4.873215379872814640e-02
1.015242872869724471e-02
-2.593306871721836725e-03
4.877909812204912765e-02
9.547772315628410070e-03
3.866505040235638721e-03
4.972633011905402967e-02
-1.077518255747393974e-02
-8.547234362138899505e-03
4.939605506517046746e-02
-1.136841418573100553e-02
8.645492396697483303e-03
4.957203313063819616e-02
1.077450911244427767e-02
-8.408401751288327799e-03
4.924736273742588016e-02
1.074232089253189179e-02
8.969608174124328245e-03
4.992390654705824993e-02
-2.738893922119319110e-04
-3.034135554787794568e-03
4.975487285819404915e-02
-3.533900202966609749e-04
3.029801189029961324e-03
5.060114933645633306e-02
-2.185192596294566192e-02
-1.980199337727885436e-02
5.015942568808970381e-02
-2.326199458942910039e-02
2.054145281518938992e-02
5.057229873420177740e-02
2.247707461112415442e-02
-2.035923669289773155e-02
5.010372724197557220e-02
2.188004435354843485e-02
2.116006466487125107e-02
5.075064889476466057e-02
3.053222285652047556e-04
-8.360230187148497832e-03
5.057639278535435573e-02
-4.498082452618011031e-04
8.793991925609728755e-03
5.170971299555479628e-02
-5.738296106830896581e-02
-5.010555276678449466e-02
5.043331778765212242e-02
-5.851183922734134318e-02
4.955895252243746468e-02
5.159579259543595198e-02
5.730187767721658942e-02
-4.995580646333341174e-02
5.054303380296767956e-02
5.609759697650956722e-02
5.116058971624945495e-02
5.158342828391852819e-02
-1.108239458669886719e-02
-1.442488112321664399e-02
5.124968042486349740e-02
-1.201411276278739788e-02
1.505756271430815953e-02
5.158887328242092729e-02
1.020678420601687890e-02
-1.430514173218615237e-02
5.112805698155041545e-02
1.040067584692435342e-02
1.484055488371820337e-02
5.192334611899504515e-02
-3.847161714909663049e-02
-3.487910050104545828e-02
5.086366214514848050e-02
-3.847250805290827746e-02
3.358001408519608461e-02
5.167142782436538739e-02
3.731407516712612060e-02
-3.362922806597526404e-02
5.109408634969758028e-02
3.770901122710575148e-02
3.595497583633622957e-02
5.268844338130863891e-02
9.118125558958148846e-05
-1.435188760098917056e-02
5.226480452505465751e-02
-7.796458801908415790e-04
1.463660984930913005e-02
5.419946081641865282e-02
-2.413429986276151643e-02
-2.717647939582223601e-02
5.344143172948086912e-02
-2.492583123363157835e-02
2.709292325708006349e-02
5.403984674380485353e-02
2.405597665341128663e-02
-2.688739607267797566e-02
5.342570928253242979e-02
2.327968174995462963e-02
2.774918048959177513e-02
5.428998535770444139e-02
-1.159131635990063615e-02
-2.057140636030206290e-02
5.373495114187235022e-02
-1.223084897904753825e-02
2.074253093346171972e-02
5.418633082618111441e-02
1.146803215711279626e-02
-2.041276611450722547e-02
5.369551898115580701e-02
1.084475415091396000e-02
2.105499778959634208e-02
5.553123876278927284e-02
-5.587956905862765105e-05
-2.060698759166038410e-02
5.494040364024951884e-02
-6.945096674527685655e-04
2.092190048970777455e-02
5.670997149317100888e-02
-4.114704002464619065e-02
-4.171696479388913026e-02
5.562275883918892799e-02
-4.219006405495435985e-02
4.151365501547655407e-02
5.533166865351225872e-02
4.115420059949539272e-02
-4.039913648021111608e-02
5.565890468753631470e-02
4.003855028205353939e-02
4.264847812524496379e-02
5.799353426612103429e-02
-1.233480539228680103e-02
-2.707020063216528799e-02
5.704753018015821381e-02
-1.369518681852007966e-02
2.721433406721993076e-02
5.793155174250776834e-02
1.160739539633078889e-02
-2.685749278105582435e-02
5.704299186148269196e-02
1.205409901240205896e-02
2.757130343552367802e-02
5.899417915296281678e-02
-2.553942262055356252e-02
-3.439594132145989969e-02
5.790818238715384619e-02
-2.711233338155116801e-02
3.451767331706051545e-02
5.827530596257646939e-02
2.591009322899174433e-02
-3.365465285254667926e-02
5.766525150814467288e-02
2.509185635618280813e-02
3.485047863556894887e-02
5.926309319926523905e-02
1.660371132073226491e-04
-2.704950086664129061e-02
5.856707864976622852e-02
-8.200881023300511836e-04
2.749849212166633264e-02
6.249485689081531181e-02
-4.534969431274484680e-02
-5.005175301801322030e-02
6.124072571380730773e-02
-4.651546706919060942e-02
4.990952266114392216e-02
6.238444008560031784e-02
4.533967494437823875e-02
-4.993564939197266128e-02
6.132973778492650102e-02
4.411548319087917058e-02
5.114737872013706832e-02
6.271541497236439444e-02
-1.329322357634820859e-02
-3.403630391659153570e-02
6.179445152553415810e-02
-1.426360488428374089e-02
3.436989744608656694e-02
6.259420345421279341e-02
1.332169399743097886e-02
-3.395568259750162549e-02
6.180524005119391456e-02
1.235965710860395181e-02
3.474424191888884905e-02
6.402130602265439230e-02
-2.845615204983915209e-02
-4.171275371086280437e-02
6.291259066215289242e-02
-2.952345303737999999e-02
4.181860459577535494e-02
6.387957236214082679e-02
2.845659489739762321e-02
-4.156043495186732134e-02
6.294543806298741329e-02
2.735953500258282017e-02
4.257895420173944678e-02
6.381294877110162134e-02
3.295475054567694514e-04
-3.370925577805577306e-02
6.320487232404312095e-02
-9.532134934809329387e-04
3.458274737897568119e-02
6.848970099056991834e-02
-1.451088230553410074e-02
-4.164988067765607038e-02
6.742731281668533361e-02
-1.561660633545199420e-02
4.206732539960739148e-02
6.842435598763532689e-02
1.457450690618371930e-02
-4.158632548685291253e-02
6.745852298424728777e-02
1.345688644775895268e-02
4.246507258966896597e-02
6.998259460619975225e-02
4.759526458139197295e-05
-4.162106819381648087e-02
6.796851400626949258e-02
-1.489782388927318778e-03
4.099932845665065634e-02
7.053837381183554467e-02
-3.136618856587786858e-02
-5.003107586976689863e-02
6.930577525243249160e-02
-3.255114474953408471e-02
5.024511318263068238e-02
7.044906960532289208e-02
3.137544672531592665e-02
-4.992849083880707833e-02
6.935534080054572836e-02
3.014689292133288304e-02
5.107763425278931402e-02
7.549182838563642250e-02
-1.602044168374750638e-02
-4.998335733443313306e-02
7.408382725436810090e-02
-1.783058624685763746e-02
5.050580404807737678e-02
7.543419465614642494e-02
1.605221381019399096e-02
-4.996241836364351957e-02
7.432060510914477447e-02
1.482660869141930182e-02
5.095434972590509592e-02
7.708027319791513343e-02
-6.158661557470171324e-04
-4.997690840323625733e-02
7.598749295288581562e-02
-1.192892000472692282e-03
5.076337807629551641e-02
5.010968019319996317e-03
-8.099890884977825611e-03
-6.263717866011695758e-03
-1.815850563909196871e-02
-3.394015954719158124e-03
1.402964568457728059e-02
-2.225441831702599377e-02
-2.802250801040471963e-04
-3.188036823998099956e-02
-2.403282624441208451e-02
-3.310235497672121135e-02
-1.141279555262430037e-02
-2.449892394768119278e-02
3.146286447628670463e-02
-1.074258675756361095e-02
2.392162333433504179e-02
3.163636332715151489e-02
-1.109032531378689040e-02
-1.314984753706814093e-02
-2.085506979194223440e-02
-4.759260754128592438e-03
2.879059632194200247e-02
-8.535249651560748024e-03
1.936477711303309646e-02
1.842582109586437394e-02
-1.910988197637126726e-02
2.791079133161455950e-02
5.109136250303400635e-03
-4.489253161564060041e-02
-3.508972384328313404e-02
-2.045427892759639835e-02
-2.249819002299684179e-02
-2.584209630047941408e-02
-4.480435434222694580e-02
-3.333209959379997839e-02
-4.051565903947287883e-02
-4.426916971875227008e-02
-1.496302688506436461e-02
2.490478701928911659e-02
-5.082369680414709073e-02
-2.030625833163086924e-02
3.717440204568947526e-02
-5.412630368717191026e-02
3.823456079474837985e-03
-3.828069850646752953e-02
-4.663017986850428315e-02
-7.826450211578926024e-04
-2.738154507237525875e-02
-4.665734178267997440e-02
1.464850801515467241e-03
2.361184486879791891e-02
-5.425449476956336475e-02
8.160084870510092353e-04
3.741794725461811827e-02
-4.915027315655828150e-02
2.118040027385086413e-02
-3.895814063860291582e-02
-4.283272188000605135e-02
1.439535728657835405e-02
-2.770518021735361713e-02
-5.177459267247799118e-02
1.753637282920150753e-02
3.802379732881710356e-02
-4.795274379484578547e-02
3.308044364287079236e-02
4.032975680232843418e-02
-1.423850767287994715e-02
4.158591525086157564e-02
-2.573389253005059843e-02
-3.338797478818746750e-02
-4.530174543964562289e-02
-4.109780305916844317e-02
-3.327289410587115637e-02
-4.741417416515489314e-02
3.658844408885728733e-02
-2.893313895768216334e-02
-3.360592061209414366e-02
-3.788215102491689079e-02
-3.136862086202230754e-02
-3.394572968059245827e-02
-2.514370550495259940e-02
-3.342805229706673209e-02
-3.148927769553604150e-02
2.151396751022075990e-02
-3.722643769980163442e-02
-3.405653956912014363e-02
3.401094188485410258e-02
-4.140845283311363201e-02
-1.808404287104236827e-02
-2.829019978871092147e-02
-3.595180077891252379e-02
-1.668979682677831575e-02
-1.192719565683995030e-02
-3.451249985525945557e-02
-2.025688139286809658e-02
5.849588760068833576e-03
-3.186740770598155831e-02
-1.549241793322518254e-02
3.487327739814507360e-02
-3.884500972992901979e-02
5.357592733096051309e-03
-1.119100689370321894e-02
-3.951306595892427331e-02
9.096975234296157328e-04
7.303056219541128810e-03
-3.093398684822063621e-02
-1.235268661468675493e-03
2.413630237558849270e-02
-3.908507797659578620e-02
-3.875851120455999377e-03
3.497429983059108932e-02
-3.280783520764608135e-02
1.701650459146462208e-02
-3.778104344029061673e-02
-3.444177847674444876e-02
2.032537900095814781e-02
4.196108506982809509e-03
-4.011443092718015163e-02
1.797696364335861843e-02
2.385895630215014579e-02
-3.629662969563052233e-02
1.255342151008606057e-02
3.862532645310527007e-02
-3.659490484846873726e-02
3.657720058517464207e-02
-3.840736579864570399e-02
-3.205426022308810463e-02
3.173044763667607487e-02
-2.607377155275301256e-02
-3.072769479917323437e-02
3.348111468911299515e-02
2.367168005402160366e-02
-3.677503011839369090e-02
3.137441781773866317e-02
3.709086300491379329e-02
-3.169566548323612259e-02
4.445109220424187102e-02
3.851922959290086934e-02
-1.711331958925534080e-02
-5.097088049313221181e-02
-3.984015936698802329e-02
-1.727574523160149700e-02
-5.450239301306478157e-02
3.613853992756876909e-02
-1.818179022549472681e-02
-3.622801184722029832e-02
5.617181709030645564e-03
-1.703158477503545487e-02
-4.098432781355908910e-02
2.369184037103779644e-02
-2.206504394192228616e-02
-1.845579169398580202e-02
2.005386829776818064e-02
-1.776167791521356468e-02
-2.369794643026379433e-02
3.546355881664875476e-02
-1.509786597191034585e-02
-1.941008454360303214e-03
-7.332945269679742514e-03
-1.745478645228920600e-02
-2.226308810587843134e-03
3.425228216979123164e-02
-1.816384121456314851e-02
1.911770863176365243e-02
-3.828480679854062013e-02
-1.812320006757245361e-02
1.724349879253640749e-02
-2.033314107746914123e-02
-1.654223377703988723e-02
1.831023499046996114e-02
6.662428748566893988e-03
-1.655591008005196166e-02
1.739642042209557302e-02
2.445023097382060390e-02
-1.731076229060067931e-02
1.578978117458399236e-02
3.811856430298622700e-02
-1.834678434139496925e-02
3.589911872889482020e-02
6.968764086059300866e-03
-1.491222641508626982e-02
4.204634792029125073e-02
2.352943253532191817e-02
-1.901069178695376227e-02
3.445372937229895099e-02
3.696047913605415847e-02
-1.726505829627716579e-02
4.989266211194988421e-02
-3.864308658264196256e-02
-1.877319003539454009e-02
5.090510619869190873e-02
3.911138213324963364e-02
5.339127613306420776e-04
-4.778656140391666224e-02
2.433787644231319436e-02
2.662169185876874693e-04
-5.358661786478780692e-02
3.671640678705643396e-02
-1.091878070168937967e-02
-4.171203389320823907e-02
-2.625281538958181698e-02
1.547398024800480422e-03
-3.859718319926720015e-02
-8.185728196066954093e-03
-1.154625181021235597e-03
-3.471802292652610006e-02
3.347755734193282734e-02
-2.604359961749264096e-03
-1.576308383053373965e-02
-2.979399271933212690e-02
-1.121973245099052585e-04
-4.059386360695500795e-02
1.175119555953947799e-02
-2.615560874814261568e-04
3.649327077930196537e-03
-2.661981592117016945e-02
-1.569663942803086257e-03
2.070263477117641540e-02
-3.396315172048658404e-02
7.253624133149906214e-03
1.436043445290479531e-02
-4.531436851016782882e-03
1.731282821414436906e-03
1.309756051780095430e-02
1.759015674491254053e-02
1.840138079063404321e-03
1.670406218160944492e-02
3.791217728120577224e-02
-7.157014344063505288e-04
3.822746259008132086e-02
-9.038597446383004122e-03
-1.099048357153143037e-03
3.960721096281162590e-02
2.015286940977509614e-02
-2.201504933968824115e-03
3.128423994750147152e-02
3.580980906347783210e-02
5.850795989883840259e-04
5.436720862060591408e-02
-3.901017380529933631e-02
3.228385374678323805e-03
4.565276121417047306e-02
-2.806911640084753731e-02
-1.056382394589989830e-03
4.830439067499089911e-02
3.446724289667418839e-02
1.785601735797879078e-02
-3.742022239874592815e-02
-2.102351756047877301e-02
1.745931228859882653e-02
-3.601217785077413108e-02
6.033182725141715552e-03
2.140978258659829644e-02
-3.753063792798495835e-02
2.254310758274332555e-02
1.554662428034380046e-02
-4.374282786266347339e-02
3.659384685554060990e-02
1.862696524022340247e-02
-1.681482383858716803e-02
-2.386714813848489838e-02
1.977027847629943269e-02
-2.242351004128207911e-02
-4.686043189352190157e-03
1.857345474459847628e-02
-4.727168342190122608e-04
-3.594679059185883901e-02
1.400387153759919366e-02
-1.016558670741003626e-03
-1.941133805565719433e-02
1.969223894133989919e-02
3.843128635157861111e-03
1.177495468803533077e-02
1.730766463868094532e-02
-1.112021569039290661e-03
3.328969277539640254e-02
1.833022507208686980e-02
1.706716931873674889e-02
-3.823706314045367816e-02
1.424704780031525904e-02
1.565141260979015583e-02
-2.226355870318238658e-02
2.147646567219258992e-02
1.651803494135864470e-02
3.412622466968724677e-02
1.805332521453650516e-02
3.872225574930714814e-02
-2.521410502820102192e-02
1.605329311032951956e-02
3.561061482300244968e-02
7.290776738386973641e-03
1.557774749986001045e-02
3.725077573331357639e-02
2.731554997242476024e-02
3.253423832674558897e-02
-3.539624240733328653e-02
-2.783652856085526081e-02
3.198359669281671674e-02
-4.172747202983925069e-02
3.847087610906226030e-02
3.804594736952910533e-02
-1.792880615193014407e-02
-3.662966524431283954e-02
4.055576373897794296e-02
-1.813473094125749030e-02
-2.332069321918241178e-02
3.519504526149597190e-02
-2.062600577656887452e-02
-1.052829945938272942e-02
3.375564034684376546e-02
-2.229190695437979763e-02
7.192971305511945863e-03
3.794780036984279209e-02
-2.190346132689196743e-02
2.773653496659106779e-02
3.477882259014149907e-02
-1.173921203294372518e-03
-3.948797672734293690e-02
2.982206072068324318e-02
-2.211255769218543974e-03
-2.552272892875490778e-02
3.663127186560201365e-02
2.946381847850113121e-03
-1.056549224567777077e-02
3.916818561285532324e-02
-2.416858560524603756e-03
6.788846448069914795e-03
4.297559451672446768e-02
-1.850894786918432606e-04
2.523540212085773754e-02
3.647273619458744204e-02
1.397171759450760616e-02
-3.964570929874507155e-02
3.845417536652011997e-02
1.770568887157984023e-02
-2.437587994214768933e-02
3.387754881042227828e-02
1.831473406116036068e-02
5.487476215225108381e-03
3.915186292091115544e-02
1.731595349522448493e-02
2.654913632906120632e-02
3.146803224993428849e-02
3.599025337257596296e-02
-3.612653258001318618e-02
3.114366788773585693e-02
3.405509658798117067e-02
2.397853833297692097e-02
3.324658152526870081e-02
3.460341498627007850e-02
3.745592618349513625e-02
4.469922138211247786e-02
-3.403348645394473071e-02
3.855319284888212433e-02
5.267458994499150948e-02
1.788092312250986159e-03
-3.854807258468869596e-02
4.584507883115417765e-02
-7.040622127786812668e-04
-2.494504670079042766e-02
5.133061404352275842e-02
1.812172249821333847e-02
-3.727285187067254368e-02
-5.933250474436555736e-04
3.606522338256126087e-02
6.317249975410185389e-03
4.655907651884201581e-02
3.063260926261757860e-02
-3.958481949455096294e-02
-5.691080133197500696e-02
2.904659558074044676e-02
4.942398008389337072e-02
-5.153951333582577204e-02
4.126910743896251149e-02
4.975415807267373480e-02
-2.421512468006715643e-02
1.086224147864003030e-02
4.929646785776242018e-02
-3.924905187548623914e-02
2.679708927378549044e-02
4.952494897109583488e-02
-3.775305780885993695e-02
4.189703565061651813e-02
4.988389135785583489e-02
-2.555810363159023366e-02
4.128807747775987969e-02
4.996860845733350209e-02
-1.789102982112597898e-02
3.215701586728100803e-02
4.983005279012068384e-02
3.529239499362896940e-03
6.315404717794582956e-02
-4.991328404099412003e-02
1.419178593939219440e-02
2.501998683122539507e-02
-5.001358980528543274e-02
1.688048944766452897e-02
5.033714333477133651e-02
-4.987166617928976559e-02
4.588413941173409560e-02
5.012857437061740695e-02
-4.989450357971267347e-02
2.513031233499259456e-02
5.697717023810654549e-03
-5.007678475407025681e-02
3.374293778228571600e-02
1.681429289728483822e-02
-4.994540922832541724e-02
3.470406012506154630e-02
4.637537746737084576e-02
-4.984407951232431438e-02
4.795638052687888758e-02
3.464867770772100258e-02
-4.987963967722999076e-02
2.200010281472466675e-02
1.711443030685902075e-02
5.011945649742421266e-02
1.494711964822743877e-02
3.232221869450345453e-02
5.023659316369399191e-02
1.581204711849409916e-02
4.907691276675938546e-02
5.053880013143046551e-02
3.423377422718111573e-02
3.909643046205381334e-02
5.062378200328143674e-02
-2.387677284108513306e-02
2.813367827535000198e-02
-5.015938076131289808e-02
-3.725307038436510149e-02
4.633033656220337387e-02
-5.006798779089485091e-02
-1.105846163495097928e-02
1.623357258203698625e-02
-5.020471356566159199e-02
-3.426256171177398564e-03
3.613244859519590402e-02
-5.001295361893350055e-02
-1.453043013374271178e-02
5.443878551963871743e-02
-4.997197909260221033e-02
-3.222842204633340896e-02
-5.633114896667290594e-02
4.572651234384511598e-02
-1.370315863523170058e-02
-7.030387362360861203e-02
4.667483231091775625e-02
-4.884491498531604373e-03
-6.131582986896678272e-02
4.751351521096854741e-02
-1.910402755896783641e-02
-5.684070944061155040e-02
4.658526663270715767e-02
-1.854647817503399243e-02
-3.987027971811058641e-02
4.694481883605301775e-02
-4.477771984139005713e-03
-2.403019710939384435e-02
4.840491080389440481e-02
-2.032857445024549917e-02
-1.262049119702138462e-02
4.830531665718271195e-02
1.438740304103638739e-03
-1.768188258369382190e-02
1.899743189361064941e-02
-2.576782821179192037e-02
5.485546482957016912e-02
5.023997970469097629e-02
-5.287291185122437731e-02
-1.770442206208706903e-02
-5.060539850531940026e-02
-3.780150043910766866e-02
-3.442276626848047444e-02
-5.064041912723938471e-02
-2.066141812325874780e-02
-1.615360972722701058e-02
-5.057805904893774435e-02
-1.639369890553678613e-02
2.228818221909539387e-03
-5.038547151022444021e-02
2.080899830412714111e-04
-5.720706053848136768e-02
-5.042259761731326950e-02
8.904730412622405831e-05
-3.359312389041026886e-02
-5.051695428121873860e-02
1.699703862427989765e-02
-5.044002075889147257e-02
-5.040775063941226042e-02
2.004509659080461539e-02
-3.069492465040220275e-02
-5.033073091275707539e-02
1.266840466496092950e-02
-1.665022676101340568e-02
-5.037458542511651094e-02
3.045353953995544663e-02
-9.294329543574065796e-04
4.995002476094528854e-02
4.938302693391698195e-02
-1.213975818171867229e-03
5.025469619468414528e-02
4.945348865108501607e-02
1.800366562993571326e-02
5.053058768594155536e-02
-3.013113738393494666e-04
1.482940252847872453e-02
4.970550450659825398e-02
-1.043580190704446490e-03
3.223561179925833742e-02
5.001822083256046714e-02
-7.371257015529921082e-03
5.292981815523219863e-02
5.036170430086160665e-02
2.313298938839249141e-02
-6.424837154567645224e-03
-5.017339562113986434e-02
3.442351906099364034e-02
-3.966871508652230344e-02
-5.025282852543404982e-02
3.379989098863942637e-02
-1.675014425189427433e-02
-5.015464296917514220e-02
5.221871763733711147e-02
-3.606693692833164849e-02
-5.011987062652641101e-02
3.239168305309271523e-02
-5.694693570065714749e-02
4.909998393395353239e-02
4.465227556367210721e-02
-4.425483974818585076e-02
4.960921206898336044e-02
1.582630186648192883e-02
-5.445197056380140371e-02
4.860861353769021370e-02
1.685132706217698506e-02
-2.252433251256387783e-02
4.927675353760277432e-02
2.894953761350055332e-02
-3.798796636672307353e-02
4.933768624532104685e-02
4.847898215977500258e-02
3.618195070185011714e-02
5.080082570273222048e-02
-6.049870682112233611e-02
-4.317955536072321139e-03
4.825344419450394023e-02
-3.683005625918665121e-02
-2.279798473553236796e-02
4.732296397618923622e-02
-3.500570797129855249e-02
-1.629984324632206003e-03
4.865997127383728249e-02
-6.219072450248575024e-02
1.627383805645496451e-02
4.901279122057886767e-02
-4.665735846525879971e-02
1.349033750325272923e-02
4.907738657449229464e-02
-3.453836438247333274e-02
-5.354898923980715153e-02
-5.046028627904540487e-02
-1.574769702417206513e-02
-5.464048159106899699e-02
-5.051650306830686443e-02
-1.943938561010263855e-02
-3.687763243675854646e-02
-5.063554374715181078e-02
1.113235490560781499e-02
-6.979767190119973153e-02
4.813000038642455125e-02
6.691335877394166513e-03
-4.000878264473708978e-02
4.853727334877770694e-02
-5.007646058338738326e-02
3.373843537282525396e-02
-5.016233403855133860e-02
-2.721873793622658910e-02
9.667735140344002262e-03
-5.031240386393764225e-02
-3.891441620960794240e-02
1.998451230925005900e-02
-5.025565869959250365e-02
4.330003297133155210e-02
6.648421122353136148e-03
-4.995695832059481034e-02
5.218917005438119400e-02
1.842205641039732292e-02
-4.990796479769372268e-02
6.292907391102289805e-02
7.693780319771503437e-03
-4.994146070732943810e-02
3.375753652354658574e-02
4.775712169417759299e-05
-5.004361276932433461e-02
4.293715031984121633e-02
-6.167042701296207054e-03
-5.004163748977874526e-02
5.180475311199179284e-02
-1.923262844745183761e-02
-5.006292702091227204e-02
-6.085634542561451504e-02
-2.489875010735165262e-02
4.694208381459673285e-02
-5.029843850387016868e-02
-3.760415245587417354e-02
4.603584189939476101e-02
-5.582653478813202202e-02
1.641244139727844609e-02
-5.028195170118153479e-02
-4.144964818859649125e-02
1.108942970725254216e-03
-5.044666426798381786e-02
4.935330241921734307e-02
-1.798601556469825100e-02
5.002407569956118100e-02
6.088538878301832241e-02
-5.656047283518397979e-03
-4.995180427234682113e-02
