-7.714552582305732320e-02
2.331830566904050017e-05
-4.992725827178812192e-02
-7.584801149837740175e-02
-1.506612697979294859e-03
5.090060277926537063e-02
-7.549204359252899288e-02
-1.601744689985592010e-02
-4.998861261101766873e-02
-7.413255831717985300e-02
-1.752025535158813555e-02
5.063459135008308715e-02
-7.544071421489788321e-02
1.605669988665353251e-02
-4.992117114026057428e-02
-7.419235955756586787e-02
1.450561570911755582e-02
5.111620218049253012e-02
-7.053176195113708413e-02
-3.135021028839272972e-02
-5.002286272516671961e-02
-6.911473118899548462e-02
-3.284315407546636867e-02
5.035075558288738123e-02
-7.043288843814964062e-02
3.137508405725678712e-02
-4.991223652297813868e-02
-6.924719264793943729e-02
2.982404685567045452e-02
5.128890672323101196e-02
-6.996281382505828428e-02
2.879795461861158547e-05
-4.157478354625666894e-02
-6.884237222900517483e-02
-1.361721288703335092e-03
4.241575198879594250e-02
-6.851028005404222188e-02
-1.450202936958729788e-02
-4.163281126240431229e-02
-6.729926703883129524e-02
-1.589441577673442879e-02
4.217473203684185545e-02
-6.840847205953123900e-02
1.457105087901245863e-02
-4.155703362606064100e-02
-6.648821413529198976e-02
1.379990171502681537e-02
4.179755555079369550e-02
-6.393151852959627623e-02
1.551524977800835452e-04
-3.384326243154839320e-02
-6.281799778687356672e-02
-9.405036169764833349e-04
3.439094928619167157e-02
-6.403453911492530681e-02
-2.844095127941016071e-02
-4.168247884614947885e-02
-6.276035623554719611e-02
-2.979462310584541154e-02
4.191329336620852608e-02
-6.385928190676755378e-02
2.844452119534484832e-02
-4.153327131586551091e-02
-6.284987797600173620e-02
2.707031284450953437e-02
4.277280408940319079e-02
-6.270614485331062193e-02
-1.330159514254540369e-02
-3.402810123360391903e-02
-6.165760525289950417e-02
-1.453079963209614502e-02
3.448558684293279164e-02
-6.256439342803252202e-02
1.330286673277247117e-02
-3.393270020103044543e-02
-6.167570999798418357e-02
1.208458603263318741e-02
3.488906605659732735e-02
-6.252808463777161097e-02
-4.534920487476717249e-02
-5.008764394247151169e-02
-6.104366871899344349e-02
-4.681144790276334233e-02
4.997387929919271110e-02
-6.236603815776259330e-02
4.532321957936542856e-02
-4.991504202660278222e-02
-6.121845222281456500e-02
4.377409229398211699e-02
5.141077916304914730e-02
-5.927758885110338133e-02
4.361587822766809538e-04
-2.711177588492874602e-02
-5.842786758637516509e-02
-1.059412915367884600e-03
2.761897180822311601e-02
-5.860059859527353560e-02
-2.604638604816227054e-02
-3.412649214728055019e-02
-5.772212058311017996e-02
-2.688638275670947667e-02
3.431555877393296233e-02
-5.841581916834237553e-02
2.600508638299972239e-02
-3.389105902080387367e-02
-5.779201440802717721e-02
2.469065966724214717e-02
3.526776283645152721e-02
-5.776553524791632616e-02
-1.169769954350842120e-02
-2.656595562094473534e-02
-5.725569559957496835e-02
-1.388678308460838083e-02
2.777507490145136523e-02
-5.788426111831391357e-02
1.227123311144776366e-02
-2.689505314508800274e-02
-5.722311295583230178e-02
1.048732368557671150e-02
2.777040050184491696e-02
-5.613501996947960898e-02
-4.069321744499746624e-02
-4.083686496297675439e-02
-5.546557599480422124e-02
-4.246083638722780718e-02
4.156901706647048861e-02
-5.602816887962179526e-02
3.989278596283152289e-02
-4.020135746083414868e-02
-5.596778682716982423e-02
3.944441715028833978e-02
4.314781947761918424e-02
-5.563235483856874414e-02
-8.543947395508946915e-05
-2.077265841619135855e-02
-5.487704034496706379e-02
-9.090164536757468303e-04
2.114112305380041676e-02
-5.427963531215754256e-02
-1.161853518049109878e-02
-2.053566220608102344e-02
-5.362793325528412980e-02
-1.243253825574965228e-02
2.084249353271020941e-02
-5.417373344295092763e-02
1.143295209644677561e-02
-2.037046752138589600e-02
-5.359801913614086616e-02
1.062122796808986046e-02
2.118719574752580062e-02
-5.420805911110777864e-02
-2.414355237250883149e-02
-2.715648093443174746e-02
-5.335764596609880728e-02
-2.516571143788450329e-02
2.717231480058428933e-02
-5.403922601277467985e-02
2.403094625596907674e-02
-2.684578399213601377e-02
-5.332596835671598451e-02
2.303107135138100087e-02
2.792156210128042895e-02
-5.276320449402213675e-02
3.621840991053732546e-04
-1.458003659980364707e-02
-5.217374794248368780e-02
-9.481142900852863138e-04
1.479382840997502287e-02
-5.198122183020618958e-02
-3.765098340302783231e-02
-3.423300695714082131e-02
-5.086116741608300712e-02
-3.885024344774862248e-02
3.392394314247336451e-02
-5.172485866393743831e-02
3.756855879719949581e-02
-3.385129401438811969e-02
-5.088685549163847466e-02
3.640668912956181863e-02
3.514509879573021051e-02
-5.156609578952595085e-02
-1.111813430537566226e-02
-1.438118787948101940e-02
-5.104970395175253278e-02
-1.244109457465130894e-02
1.510044009899587369e-02
-5.154417495120659082e-02
1.132038260342779247e-02
-1.467171273802876479e-02
-5.114233445434456654e-02
1.053436111835315443e-02
1.543563975320453793e-02
-5.170992569033661806e-02
-5.739043966466809976e-02
-5.008163514027565155e-02
-5.024814033928236279e-02
-5.879373779139775158e-02
4.953007439370053083e-02
-5.158751897214975540e-02
5.729355493019460538e-02
-4.991061146622573913e-02
-5.044114603126938906e-02
5.575913959126903297e-02
5.146599860843275448e-02
-5.077154511706800238e-02
-2.317144942537306056e-04
-8.363657531327992056e-03
-5.045133557006249714e-02
-6.976234463918845824e-04
8.644610270060179569e-03
-5.112902300098971092e-02
-2.281006624987873960e-02
-2.133739119613857135e-02
-5.020585060400309385e-02
-2.402341274697026782e-02
2.129872041054824139e-02
-5.109204720724352944e-02
2.257877457859215273e-02
-2.128575471081350229e-02
-5.001618720181767730e-02
2.165465823754366553e-02
2.131581014146037567e-02
-4.980699242638463725e-02
-3.203267344893604546e-04
-2.147197991974288296e-03
-4.976539356438256650e-02
-5.898399060879173580e-04
3.658345021729935906e-03
-4.970501338941030189e-02
-1.081912328590319168e-02
-8.492630463602964322e-03
-4.941462610077524548e-02
-1.117577752188329311e-02
8.718254312323535024e-03
-4.963446566616204481e-02
1.018105797082640568e-02
-8.320794030233412408e-03
-4.935742061693330907e-02
9.986257392557774601e-03
9.012210870273066818e-03
-4.877346469259233319e-02
-1.075016472569078479e-02
-2.741356264239953617e-03
-4.865774941735236114e-02
-1.086207730140853304e-02
2.958152940500749246e-03
-4.868226443925310204e-02
1.006305208439907742e-02
-2.495681614354068080e-03
-4.856313515213209198e-02
9.930210801186870398e-03
3.229890819315697770e-03
-4.821576384819273309e-02
-2.161377616219947728e-02
-1.452041417006117753e-02
-4.771499151094654029e-02
-2.219740477129069842e-02
1.443915077531897004e-02
-4.803713586288521631e-02
2.127642484849384327e-02
-1.409828992355762790e-02
-4.762256938234424308e-02
2.069466400820385230e-02
1.508675736539977393e-02
-4.807683281035367989e-02
-3.489846356009315004e-02
-2.727167728944634648e-02
-4.718704711968239873e-02
-3.588502069011185319e-02
2.689841702764248985e-02
-4.784526832655238565e-02
3.473203506805238455e-02
-2.681790107583465269e-02
-4.714033926132176616e-02
3.375304065410679455e-02
2.801912589388082936e-02
-4.698630721791169362e-02
-5.203291248207401326e-02
-4.184230647692913085e-02
-4.568935883549393728e-02
-5.336005997101500586e-02
4.117156472160098807e-02
-4.677456317998241603e-02
5.192918062221351522e-02
-4.150713691293100166e-02
-4.578005037424202200e-02
5.059714974915676539e-02
4.293882966535812057e-02
-4.649814579911263485e-02
-2.096939677927468770e-02
-8.645719756542123713e-03
-4.618346913815607468e-02
-2.131445640998409080e-02
8.531030157817963769e-03
-4.630818153230965156e-02
2.043931631368170118e-02
-8.186174643850007218e-03
-4.605159668185909022e-02
2.009044195268461924e-02
9.120516371441379777e-03
-4.560965488582782723e-02
-2.070891905079759801e-02
-2.913665286148140517e-03
-4.547993996257514160e-02
-2.081428801188525690e-02
2.784109482286223000e-03
-4.536150727626390294e-02
2.003022487121844039e-02
-1.959173967066121010e-03
-4.531000474711401743e-02
1.986438519555949744e-02
3.321801848881843818e-03
-4.503160911411146355e-02
-3.274973283111392436e-02
-2.078699816133727438e-02
-4.447342887614953721e-02
-3.409243346829206323e-02
2.117152069339756776e-02
-4.494046051915569912e-02
3.320455471631265226e-02
-2.137899367476635976e-02
-4.421567644805232677e-02
3.169242267380485006e-02
2.140395302966057942e-02
-4.304057324656524602e-02
-4.821029459139067330e-02
-3.489235930382336009e-02
-4.195228381796421019e-02
-4.883049110317178032e-02
3.356035770505717136e-02
-4.279690455997479243e-02
4.751236974153685150e-02
-3.384525486823490581e-02
-4.193474023109609178e-02
4.689627975617767508e-02
3.577739746719471592e-02
-4.276789901748647565e-02
-3.119898609230194880e-02
-1.466469399074677576e-02
-4.228159913652705659e-02
-3.176919585881404773e-02
1.418391599366151425e-02
-4.250606101974780532e-02
3.079512708789844400e-02
-1.405886261076391870e-02
-4.229114798096116762e-02
2.991203836078758574e-02
1.516703070812789288e-02
-4.124081214396040085e-02
-3.023426964564933372e-02
-8.800470298298040256e-03
-4.094696045665722345e-02
-3.056054313221518576e-02
8.296959705480310907e-03
-4.097959884882293458e-02
2.963975876382994937e-02
-8.137492719499457919e-03
-4.072341605145029381e-02
2.929236212537659687e-02
9.195369078829482984e-03
-4.043723341840544522e-02
-2.979364412867720191e-02
-3.087122009059447073e-03
-4.035306186319190247e-02
-2.989796637012064745e-02
2.566468939379997968e-03
-4.016968582895393686e-02
2.900173647206462368e-02
-2.362314670423179986e-03
-4.006813447737753164e-02
2.888864057296826326e-02
3.389905533160233325e-03
-3.983384676559136028e-02
-4.413690194328314526e-02
-2.739428753809983186e-02
-3.955933483957942143e-02
-4.523592706091204146e-02
2.731055740843834137e-02
-3.957793727397553724e-02
4.393171515522698717e-02
-2.681590368334618377e-02
-3.885799677532691260e-02
4.295134802765528809e-02
2.806756657482775003e-02
-3.868805043284510858e-02
-6.690927796727778876e-02
-5.008671965724916658e-02
-3.716047026328937741e-02
-6.836494681128187090e-02
4.898803015335637112e-02
-3.854835429755139320e-02
6.675074001155278935e-02
-4.986514916714774454e-02
-3.741475850235359557e-02
6.522214112893502669e-02
5.144662068736514243e-02
-3.711364072985196688e-02
-4.200356915138406949e-02
-2.151973885479552262e-02
-3.682467398691006283e-02
-4.235613247415786348e-02
2.044077307948119482e-02
-3.698172416440465710e-02
4.162881290418519314e-02
-2.104883814782279247e-02
-3.656590763095467905e-02
4.059979201610879052e-02
2.200956709308415221e-02
-3.544022214678221178e-02
-3.945548121885949361e-02
-1.484099542891917367e-02
-3.443549184502042032e-02
-4.033012465186971290e-02
1.377372947420577032e-02
-3.513283452045171118e-02
3.896179387816773448e-02
-1.404868517152372404e-02
-3.420390045176250476e-02
3.878235391235579366e-02
1.508925436948315747e-02
-3.515413866721424363e-02
-6.069152899874974416e-02
-4.188347397533120214e-02
-3.409517867862618679e-02
-6.089743786229612904e-02
3.966696359637826574e-02
-3.458841585349443221e-02
6.059645465446249213e-02
-4.137559570733585768e-02
-3.395365155566812398e-02
5.918601614880875800e-02
4.292758040415142057e-02
-3.421020060759234760e-02
-3.818839382364157958e-02
-9.009911960397368191e-03
-3.390197127386977011e-02
-3.852654990646674216e-02
8.041128703907687164e-03
-3.382059491724802303e-02
3.750927816069036386e-02
-8.114799625451293852e-03
-3.361389659104033895e-02
3.719983825329083171e-02
9.228464303995135079e-03
-3.352332849604130333e-02
-3.764800226827270252e-02
-3.318602790479437906e-03
-3.341941738035015402e-02
-3.776145850670976911e-02
2.332891011922692132e-03
-3.318818283280936671e-02
3.677050681384502751e-02
-2.318792910698736116e-03
-3.308861221141009418e-02
3.663839793456487304e-02
3.425509718595093345e-03
-3.176227369944914503e-02
-5.589709229751689545e-02
-3.446986228460004881e-02
-3.117680494821760059e-02
-5.674579884062008056e-02
3.308077526929333739e-02
-3.196959314780322553e-02
5.536262002135140109e-02
-3.382515765403660418e-02
-3.111000698934193731e-02
5.421792613761392682e-02
3.517771527120316238e-02
-2.984823416332919865e-02
-5.150215277458292801e-02
-2.748816414597608088e-02
-2.901748718779643271e-02
-5.243370148174908429e-02
2.613601116795741600e-02
-2.956979871035146992e-02
5.119245719184842280e-02
-2.679760957432945206e-02
-2.884000842507981888e-02
5.023127444225671673e-02
2.805648104495415615e-02
-2.796738215468489927e-02
-4.834111521537570733e-02
-2.106722446051745648e-02
-2.734513644200200350e-02
-4.906973727658468787e-02
1.966363714064943424e-02
-2.762806042923494562e-02
4.784917558162182782e-02
-2.026006238152303768e-02
-2.707953061714012816e-02
4.713104973585837548e-02
2.143803408061183136e-02
-2.654418652000606685e-02
-4.599265915006339744e-02
-1.501966037076580412e-02
-2.612403875347159635e-02
-4.654908903915966345e-02
1.356294280243909925e-02
-2.622702807206924239e-02
4.542215162533228684e-02
-1.406176537328493632e-02
-2.582679182432093268e-02
4.489794805690315582e-02
1.520403464166595990e-02
-2.533718404593968479e-02
-4.495272933264208431e-02
-9.996003223812638394e-03
-2.518655294992415070e-02
-4.493493997224517339e-02
7.759736077015452760e-03
-2.540519480598406321e-02
4.378768019022325625e-02
-8.535223449775192553e-03
-2.458142008016451358e-02
4.364258078056208745e-02
9.261469827686748604e-03
-2.510230070379455489e-02
-4.386676433083763760e-02
-3.551024723873662248e-03
-2.502825327895017576e-02
-4.396224568398561516e-02
2.063517109618689515e-03
-2.474146043570001757e-02
4.290442082126106477e-02
-2.329675741815159882e-03
-2.453728485956694488e-02
4.294247309353965703e-02
4.289997974267832463e-03
-2.394581768689878556e-02
-7.350377008350725272e-02
-5.018235508205796253e-02
-2.241692363940461785e-02
-7.506123271584907997e-02
4.824811488045328833e-02
-2.384041356693444857e-02
7.332334033426189668e-02
-4.991411223142381420e-02
-2.268924339760637968e-02
7.176592071623580371e-02
5.140076342298038198e-02
-2.177401828859040420e-02
-6.672837535682626942e-02
-4.196654610747420355e-02
-2.055102866549604959e-02
-6.808718503921591669e-02
4.000929429168376128e-02
-2.161789833066793745e-02
6.648116295671890885e-02
-4.151235821283612987e-02
-2.059186652812739285e-02
6.512789747637302840e-02
4.288287127253469916e-02
-1.997705956332402472e-02
-6.115189006208017475e-02
-3.449037205551161445e-02
-1.902656279733209652e-02
-6.230199834229911693e-02
3.250358033524945039e-02
-1.976497873808483532e-02
6.078652190945501438e-02
-3.386093455307402633e-02
-1.888063676607661459e-02
5.966138482775137225e-02
3.513387985270831348e-02
-1.809850063960703401e-02
-5.723246591353352980e-02
-2.842778022497804633e-02
-1.751465250262844789e-02
-5.786253355284293187e-02
2.591808615028682802e-02
-1.901756838174330916e-02
5.649191659117500791e-02
-2.759671068536369981e-02
-1.752565720971335089e-02
5.527405484319180412e-02
2.801429750388586756e-02
-1.741171172342404969e-02
-5.341652591101949538e-02
-2.168953878834604249e-02
-1.681131138552958287e-02
-5.392938678969234900e-02
1.920189508477122831e-02
-1.702951649143853025e-02
5.319217911652948660e-02
-2.128840156981202589e-02
-1.588751535763662306e-02
5.227106801442760881e-02
2.191792271698085603e-02
-1.647084096760896912e-02
-5.056459254122720043e-02
-1.524823305898550738e-02
-1.611528232878132322e-02
-5.113191727320964830e-02
1.316454928383557765e-02
-1.618436263519021714e-02
4.992521958328871579e-02
-1.404237685083796656e-02
-1.576400471372064668e-02
4.939153644280740163e-02
1.516029802179891077e-02
-1.587641059524681070e-02
-4.898883533194803991e-02
-9.451678889771757824e-03
-1.568843810382550621e-02
-4.931024475685789193e-02
7.382854638906095890e-03
-1.554930283350592843e-02
4.807935437150424179e-02
-8.127680729339349305e-03
-1.529658876766450994e-02
4.778084494445354602e-02
9.188057576379979677e-03
-1.555933415011760690e-02
-4.816601922485246740e-02
-3.809713903369041192e-03
-1.549404149617432912e-02
-4.833380834371452800e-02
1.745430704706230508e-03
-1.519721243187844260e-02
4.716788006677492123e-02
-2.349465591122329704e-03
-1.512826510905959480e-02
4.704192639245471930e-02
3.382202571166146015e-03
-8.143806352339549859e-03
-7.690774497884897420e-02
-5.022346206752591191e-02
-6.647048393119268928e-03
-7.862154331800434715e-02
4.732225937816014055e-02
-8.072468457236718284e-03
7.668610961720143115e-02
-4.991064053708796355e-02
-6.929745880906436513e-03
7.508641057225988458e-02
5.128728817182470756e-02
-7.430160304149114638e-03
-6.984549672914526497e-02
-4.200533852606778973e-02
-6.902432711363194924e-03
-7.114773603535455571e-02
3.922192019478978886e-02
-7.178806703678364959e-03
6.839697236511577128e-02
-4.004931630570553874e-02
-6.286836427419262817e-03
6.815062689903711446e-02
4.277190404719137529e-02
-6.443925870813122653e-03
-6.429817453066472011e-02
-3.496843041410276770e-02
-6.253556192344748160e-03
-6.541666898729030233e-02
3.210731400222212317e-02
-6.899608617983069882e-03
6.280340382388156784e-02
-3.281864193800021479e-02
-5.790366424432254015e-03
6.244639055955611417e-02
3.502464030155199443e-02
-6.322687409438885152e-03
-5.921252142014456904e-02
-2.774241706493286649e-02
-5.700607595883611448e-03
-6.032722435800528388e-02
2.501189412776119725e-02
-5.543606335754116751e-03
5.882657904695053758e-02
-2.683361671236774923e-02
-4.661330547181530108e-03
5.777493236698506840e-02
2.775697942151846356e-02
-6.586477748514397469e-03
-5.583731396568510086e-02
-2.196883311074169370e-02
-5.534044164791133980e-03
-5.651688403201073074e-02
1.869426551126818561e-02
-5.049612004544565443e-03
5.548234806878254294e-02
-2.109656388567727331e-02
-5.149640511720922180e-03
5.426673093179997659e-02
2.129613381494947777e-02
-5.633543493206862041e-03
-5.291659364909134800e-02
-1.532872719261435188e-02
-4.731034088880395512e-03
-5.367932760193420971e-02
1.288209796144504891e-02
-4.876042261254211543e-03
5.225617428728341479e-02
-1.411913556706803630e-02
-5.682085476669106877e-03
5.173653390051599632e-02
1.558104715085392201e-02
-5.472518704618152020e-03
-5.124871669390335810e-02
-9.608589651162749434e-03
-5.276896105364978565e-03
-5.161736176157937644e-02
7.069240383411185685e-03
-5.778840887698549582e-03
5.010165728002577423e-02
-7.638102658534750081e-03
-4.901553469459606072e-03
5.004187494252949897e-02
9.108673418932048196e-03
-5.292775939070354894e-03
-5.048823733937150837e-02
-4.033548285308255835e-03
-5.218399821874924321e-03
-5.055818082800851709e-02
1.483182406340113240e-03
-4.987169885671368340e-03
4.935207959777213049e-02
-2.409685238266105582e-03
-4.905572798250739351e-03
4.926626925776172311e-02
3.331564125955034563e-03
2.423299804715603901e-03
8.165623452532559494e-04
-5.032678933332543347e-02
1.332796073260802397e-03
-4.156130226904467505e-03
4.933881437415331417e-02
5.336175224998346636e-03
-5.060948115323526258e-02
-3.614782368795748258e-03
5.292590257003041906e-03
-5.057953021870992966e-02
1.159676428574307879e-03
5.446289275386324846e-03
4.941552853164175862e-02
-2.473738233592615802e-03
5.550113621757800375e-03
4.930460123390376787e-02
3.248672269512763860e-03
5.325154906174230617e-03
-5.136722868765256078e-02
-9.754598935998512813e-03
5.455652694498875147e-03
-5.173914231469983749e-02
6.646035980599864119e-03
5.434893891190019019e-03
5.039470608142324753e-02
-8.254017195695337317e-03
5.744861716913192418e-03
5.008674736048906312e-02
9.021081645701910581e-03
4.866291811485951371e-03
-5.291681219424065885e-02
-1.543220472883986318e-02
5.106053668683835020e-03
-5.389081053562239793e-02
1.291698334012129044e-02
6.211991406997221556e-03
5.248492976565870965e-02
-1.484915572995154642e-02
6.023593045073111739e-03
5.175343862909247833e-02
1.495623438603413229e-02
5.759338095405844814e-03
-5.558289904136093362e-02
-2.145954420526810513e-02
6.140000224744135253e-03
-5.660815540549769820e-02
1.806783070821739445e-02
5.828503429611199549e-03
5.507064532134723495e-02
-2.035793322389971641e-02
6.446529119461126209e-03
5.430619563590093762e-02
2.117176847003916784e-02
6.130013574911540378e-03
-5.925785321879133843e-02
-2.785242493512376724e-02
6.755401005417841810e-03
-6.050247274735491565e-02
2.427308007709546092e-02
6.202012326081590352e-03
5.887026392571908379e-02
-2.687794416009594775e-02
7.275409810174166512e-03
5.814644572848616522e-02
2.834277707238218313e-02
7.471439364436629170e-03
-6.439108754254839473e-02
-3.530960245893527416e-02
6.922453026845228584e-03
-6.620627834869727280e-02
3.171487646118562043e-02
7.005400839978877421e-03
6.352775101524581192e-02
-3.383747096072796390e-02
6.951440469794551054e-03
6.291461840751917667e-02
3.556733350016753892e-02
7.251491675360246560e-03
-6.987448930125933488e-02
-4.207487125297251773e-02
8.332517944552487663e-03
-7.169707440180769775e-02
3.821112195165744102e-02
7.265317305455415604e-03
6.956769412392191376e-02
-4.155411069531993185e-02
8.333194782780587243e-03
6.811876187514750991e-02
4.261750896294139168e-02
8.057591105374762100e-03
-7.693011076890128586e-02
-5.026447354898798403e-02
9.551742866469299306e-03
-7.897585273434956643e-02
4.627631549841539071e-02
8.048383858738189164e-03
7.669166598015535186e-02
-4.996060895090467802e-02
9.184026496839027900e-03
7.504846837234747936e-02
5.111442269342099387e-02
1.568044086200575879e-02
-4.836871423991442875e-02
-4.488915632799729723e-03
1.566268540626768180e-02
-4.849313964089445317e-02
9.409386167828612171e-04
1.566773413942781218e-02
4.730419532090646834e-02
-2.619135560995162516e-03
1.576579059628108875e-02
4.716449077209966534e-02
3.100660858623385807e-03
1.594606290188412684e-02
-4.912438761183494929e-02
-9.989501989496265763e-03
1.604923054375193003e-02
-4.960017516861624232e-02
6.339817587079297698e-03
1.587618071137342560e-02
4.824689968873654283e-02
-8.367745296759236326e-03
1.615483853569653003e-02
4.789729570708788076e-02
8.872208378870169096e-03
1.638842398979178244e-02
-5.080293076168776456e-02
-1.565396812641293989e-02
1.664931388060556655e-02
-5.134432421151997883e-02
1.186760272494476187e-02
1.637391481114732275e-02
5.009349671585207331e-02
-1.425652942524657275e-02
1.682489764090599332e-02
4.948014209145170511e-02
1.480570000221107484e-02
1.722471074721147744e-02
-5.329505754215248248e-02
-2.161804002903905744e-02
1.771742965936672423e-02
-5.427797786606791686e-02
1.754387320898658995e-02
1.777212591468230532e-02
5.289449571695125502e-02
-2.115716682733262410e-02
1.779573012010449845e-02
5.191349316509848849e-02
2.100331848001043417e-02
1.904487688246407975e-02
-5.687196876148518238e-02
-2.862189960688688375e-02
1.857719068973192819e-02
-5.866539984559361598e-02
2.418848799364715918e-02
1.772881251527538837e-02
5.714386402094247946e-02
-2.792900449633371751e-02
1.907533022121082195e-02
5.530338679954320547e-02
2.757872989329226629e-02
1.934621380694265258e-02
-6.235733977131301120e-02
-3.592331026006016087e-02
2.060937217599438306e-02
-6.367331178344864950e-02
3.066922821839268218e-02
2.006711504170800159e-02
6.189905805642430259e-02
-3.532347125499590845e-02
2.068086263505700129e-02
5.964413165589357857e-02
3.468406801761231978e-02
2.211025023967829600e-02
-6.713763684305519563e-02
-4.261593802721473645e-02
2.286161678007903042e-02
-6.896148167148316577e-02
3.709592838030216500e-02
2.156582687432054626e-02
6.658165545436200983e-02
-4.159748203710823128e-02
2.283648860437579448e-02
6.393997062114620267e-02
4.110337634145295321e-02
2.386058101448268118e-02
-7.356704657414146753e-02
-5.024492660359709817e-02
2.555699596666493809e-02
-7.598210921146082708e-02
4.502464416672632280e-02
2.381086206168284147e-02
7.339129874703258227e-02
-4.996198980599861339e-02
2.495899054051956001e-02
7.166859090912666708e-02
5.087446892085615430e-02
2.541879206713131695e-02
-4.406562485633980231e-02
-4.630186844114505401e-03
2.547635166665079137e-02
-4.431363024607762324e-02
6.894010248527228206e-04
2.523795306276568548e-02
4.311716687949544019e-02
-2.765160627787078412e-03
2.532203354636917286e-02
4.298845695244852411e-02
2.933851553329397399e-03
2.585576119982726725e-02
-4.482563325883050925e-02
-1.005539964761642015e-02
2.637955195119443680e-02
-4.476324444843704509e-02
6.156143766765528880e-03
2.554946720035033980e-02
4.423020765917029529e-02
-9.145484852184136357e-03
2.554621485664336500e-02
4.378563505002382866e-02
8.749903031889197727e-03
2.668046231639669558e-02
-4.630324995927907056e-02
-1.570957035540630764e-02
2.701954830906589181e-02
-4.695043776394603602e-02
1.145170720583027144e-02
2.647266151728871336e-02
4.565275613091977769e-02
-1.439570899194277109e-02
2.691387336439751352e-02
4.502494175889597272e-02
1.460280469850741558e-02
2.796078197265079376e-02
-4.858783690002226041e-02
-2.163957517297431660e-02
2.851153952858370352e-02
-4.951818638565340380e-02
1.708852380088108844e-02
2.778045588519176962e-02
4.806304115634964236e-02
-2.055714229469595214e-02
2.840032389166461876e-02
4.722362829176333932e-02
2.078968428230510562e-02
2.973786062442271630e-02
-5.163692222109089042e-02
-2.797360458243061329e-02
3.062045943076085672e-02
-5.304704035068213280e-02
2.295348122512418446e-02
2.961940663057692838e-02
5.134338138513041411e-02
-2.707564316029745580e-02
3.038863491919940180e-02
5.030560220565710727e-02
2.734970811375344452e-02
3.214655239461404468e-02
-5.578689803716535556e-02
-3.473778475929101273e-02
3.321843524761382976e-02
-5.750563240002387611e-02
2.932008754550887233e-02
3.199182603434338329e-02
5.554924611597448353e-02
-3.405812707251033855e-02
3.306719234454362499e-02
5.422433437547765495e-02
3.451965137255895433e-02
3.398913803931300631e-02
-3.777943942251363318e-02
-4.601717345611108269e-03
3.383803671551723069e-02
-3.844346841224385164e-02
1.120538337184367799e-03
3.374750807880737280e-02
3.702776771297423830e-02
-2.958539629857961407e-03
3.348264248407634147e-02
3.724603634839179778e-02
3.190360959403362902e-03
3.452023737992748059e-02
-3.843581778213864958e-02
-1.015119841703034965e-02
3.492821533735455952e-02
-3.881601040590930418e-02
6.066369682828689699e-03
3.426113516402026077e-02
3.781068614143134193e-02
-8.675034701898610284e-03
3.454572712193507839e-02
3.742084287362528600e-02
8.442042195453577230e-03
3.506176994563874050e-02
-6.060466933692985197e-02
-4.186848337613262305e-02
3.660413665227481989e-02
-6.313730580325382924e-02
3.615085546953901441e-02
3.495964986695804938e-02
6.065567725118543169e-02
-4.166011761565203281e-02
3.599125573608916856e-02
5.909941547402825651e-02
4.210385817206264286e-02
3.517735685474265850e-02
-4.016206225044145761e-02
-1.609154431522756556e-02
3.607811085456163330e-02
-4.024432541027932186e-02
1.154892061473422951e-02
3.542905001394969222e-02
3.920855517359998071e-02
-1.455231287406058907e-02
3.534441608548976460e-02
3.895353119103469458e-02
1.426047639741780809e-02
3.740205969651825418e-02
-4.230838380570118434e-02
-2.237130161845254928e-02
3.824557289624865714e-02
-4.257304871660289036e-02
1.701412342686609014e-02
3.721960597738450255e-02
4.132107756678491534e-02
-2.067557556825491000e-02
3.795755384962500034e-02
4.061524567369811933e-02
2.085707955919729323e-02
3.867626888055565593e-02
-6.701380889627263360e-02
-5.032800695441152355e-02
4.057548730092867817e-02
-6.980064690074080924e-02
4.388257811026652355e-02
3.853496861623183917e-02
6.685002424002012278e-02
-4.999695654944590062e-02
4.041155995201278078e-02
6.454069647085784733e-02
5.052993424610838918e-02
4.007912373668768430e-02
-4.499509393059072937e-02
-2.894525732404624324e-02
4.107147275487801896e-02
-4.563025994715189798e-02
2.282903308192499661e-02
3.965795329187619261e-02
4.417551492021128123e-02
-2.717794736299923922e-02
4.044412639223035622e-02
4.306634702272412601e-02
2.702326554076240478e-02
4.105323203971376900e-02
-2.986665148780005483e-02
-4.503241986741070638e-03
4.157066964140397614e-02
-2.994800619491430962e-02
1.791034934283876551e-03
4.099915284739912014e-02
2.897973893467304177e-02
-2.730319831279528868e-03
4.131567424791612875e-02
2.867521948055544445e-02
3.263601370284650253e-03
4.179196901929128211e-02
-3.041417445027827168e-02
-9.963517704455304713e-03
4.211535628883988913e-02
-3.067039348541700239e-02
6.249487372930206432e-03
4.147365760731151069e-02
2.993286185897733528e-02
-8.859054388785656334e-03
4.171306506894983251e-02
2.954387340128837233e-02
8.177317015951559437e-03
4.338649910661389331e-02
-3.084492871187114252e-02
-1.562009498360392157e-02
4.355376590121459723e-02
-3.181808351384694811e-02
1.173310404401329415e-02
4.285690771516477426e-02
3.105301566841421612e-02
-1.473524608740854960e-02
4.344301704603265035e-02
3.014982197543979864e-02
1.402431413752999387e-02
4.305857821705257743e-02
-4.787392016618956941e-02
-3.470162294747752840e-02
4.448695967568919163e-02
-4.952207283596050946e-02
2.921386789668890122e-02
4.286212161658067843e-02
4.770804021480188478e-02
-3.413435364946714595e-02
4.496242074479145368e-02
4.642312571749071526e-02
3.525518867695211223e-02
4.533812807636936060e-02
-3.294342511345928204e-02
-2.151414843415468819e-02
4.645713680277875623e-02
-3.346311651440243146e-02
1.767035285165823380e-02
4.516917666887625832e-02
3.292499362533345825e-02
-2.119654307733237139e-02
4.561059595610380407e-02
3.186722892396763596e-02
2.015846518643232832e-02
4.650135857988316884e-02
-2.027385406911792753e-02
-3.949757776889917769e-03
4.633767684066356779e-02
-2.140698212791392746e-02
1.781329699567511457e-03
4.612841413628352566e-02
2.026731892611236679e-02
-3.407757212274038598e-03
4.636276732719221000e-02
2.015722058739806422e-02
3.031925907894742877e-03
4.718806904346729836e-02
-2.103134014221879483e-02
-9.853379926759549962e-03
4.743045760413064360e-02
-2.130701878744330549e-02
6.575969853167377109e-03
4.683738962602307376e-02
2.071961931240537055e-02
-9.063105499472831270e-03
4.710370064705259735e-02
2.036865414150657375e-02
7.869504305880962308e-03
4.699956022629492997e-02
-5.223507744998661523e-02
-4.211661495923903903e-02
4.877609321454991209e-02
-5.436529696419205304e-02
3.608638545320232843e-02
4.733479212681317855e-02
5.225179430658152130e-02
-4.226095171024703279e-02
4.785936816830312773e-02
5.049006193692218841e-02
4.173607254355654606e-02
4.824033102332195982e-02
-3.505716322530436080e-02
-2.784535672309505772e-02
4.931044774001026865e-02
-3.604503922323435555e-02
2.334768220972853123e-02
4.804647045799290139e-02
3.499607555187171648e-02
-2.727264992051021616e-02
4.875731586214120117e-02
3.386758181628057168e-02
2.664703522118691201e-02
4.821492458587590957e-02
-2.217243848112632199e-02
-1.515060830438404345e-02
4.915079228282237533e-02
-2.207686061016063406e-02
1.216185471408195648e-02
4.838636326295402829e-02
2.172538566434196322e-02
-1.497836020272830422e-02
4.882460663493284891e-02
2.092247729371735088e-02
1.368932237896626665e-02
4.954081518388300104e-02
-1.064922752268191060e-02
-4.111158049547190309e-03
4.981827621124408634e-02
-1.077646090252274910e-02
1.302854863210631438e-03
4.942917721222280653e-02
1.028793176119264206e-02
-3.647353719639877950e-03
4.972119750702474333e-02
9.699767538022246310e-03
2.637407017163120784e-03
5.042202858193563925e-02
-1.074855572886846897e-02
-9.691448992487279937e-03
5.067351912900197597e-02
-1.136997343523542606e-02
6.805793116742789133e-03
5.009425576523143797e-02
1.099262723816386844e-02
-9.338189614178454834e-03
5.030031482831286843e-02
1.087019605905660720e-02
7.641911247279423863e-03
5.063122573221272987e-02
-1.832117190088516348e-04
-4.215657567080511280e-03
5.073745010739597050e-02
-2.475807914169734169e-04
1.655721408879029348e-03
5.101615879543041493e-02
-2.197862936572218123e-02
-2.061377288450677581e-02
5.194406697049985810e-02
-2.339070545295725626e-02
1.791487109543236228e-02
5.092548306438374889e-02
2.273934156952258853e-02
-2.096071502179821036e-02
5.145808997911299754e-02
2.187231260720159595e-02
1.976790278623761707e-02
5.142749143716919547e-02
4.327845871942033310e-04
-9.405703664110580398e-03
5.171713664536192051e-02
-3.418004232093418255e-04
7.231659538842175397e-03
5.176660006754995463e-02
-5.748987768358233830e-02
-5.029122748371805951e-02
5.379864158626158216e-02
-6.014795522198439215e-02
4.394686675168193307e-02
5.162729105185290268e-02
5.737514987438846470e-02
-5.001904611211528684e-02
5.275446050735509845e-02
5.554216679162871789e-02
5.015409565604455472e-02
5.206761396493318067e-02
-1.106968053838283325e-02
-1.544956359790135292e-02
5.262398096580993279e-02
-1.198490860444700011e-02
1.295200580321863651e-02
5.204213415768473017e-02
1.037043095125158264e-02
-1.513372653310507930e-02
5.229523349213574535e-02
1.045463401163915576e-02
1.333952235379152508e-02
5.200716628879729908e-02
-3.862236626690901398e-02
-3.532198124813294010e-02
5.329707584994226172e-02
-3.903765206534092619e-02
2.955774991034956431e-02
5.182171119064769155e-02
3.752761914376063351e-02
-3.392774736844211131e-02
5.287315560161821165e-02
3.738495171685247975e-02
3.471637221992576045e-02
5.318387810394911708e-02
1.818363042729538906e-04
-1.527008265272605282e-02
5.349191194861999815e-02
-7.102258004210101634e-04
1.285250973420580881e-02
5.448026875400041602e-02
-2.422936813685665561e-02
-2.778678686843258708e-02
5.551277341126902021e-02
-2.511298630067287929e-02
2.404423957588101846e-02
5.431184999796755813e-02
2.424476476328711952e-02
-2.736783217873238819e-02
5.499597797147830897e-02
2.317187162631071870e-02
2.620553137959434967e-02
5.478035058268157509e-02
-1.163274894801010970e-02
-2.137758784356953365e-02
5.538282590962362306e-02
-1.221649786423910714e-02
1.840686668407407953e-02
5.460641404635702134e-02
1.165075116500366957e-02
-2.108614059998624446e-02
5.511047392372041970e-02
1.084999024903436637e-02
1.937549559744573824e-02
5.599520992965911770e-02
1.408495254396507561e-05
-2.133135376635766911e-02
5.643534657480492323e-02
-6.692458910490953553e-04
1.892668233507071099e-02
5.681145818818549020e-02
-4.128503431104373067e-02
-4.197198967166795164e-02
5.857177061467117724e-02
-4.303505209135354004e-02
3.678356614281221709e-02
5.542224128552513535e-02
4.130222317007035959e-02
-4.061832006258881550e-02
5.764424472019018947e-02
3.961890060354543441e-02
4.127866089965216007e-02
5.831545309490923645e-02
-1.235611207470797661e-02
-2.771726023853442536e-02
5.893668710694868057e-02
-1.374549920326115227e-02
2.458853162687010471e-02
5.825916381183873088e-02
1.174043325260705484e-02
-2.741509395803749111e-02
5.867719705643820172e-02
1.198056265578353353e-02
2.571285893785634977e-02
5.917037651659418779e-02
-2.563392930215618176e-02
-3.487951766609457410e-02
6.040438090554771378e-02
-2.750310302954259156e-02
3.099314262888854324e-02
5.849193209694232565e-02
2.608841855317848082e-02
-3.401466720836898022e-02
5.948234905963012409e-02
2.483683688686457933e-02
3.317736915423619842e-02
5.959589848286533237e-02
2.346906474987328715e-04
-2.761559047862456942e-02
6.031158479121961208e-02
-8.729765550355325339e-04
2.525728630072524711e-02
6.256325098296151854e-02
-4.543152161962055180e-02
-5.015605986982020481e-02
6.449139272495370279e-02
-4.772526395539834071e-02
4.475202160670970625e-02
6.245759105214148538e-02
4.542193649533625421e-02
-5.005608323699328038e-02
6.352359619252392897e-02
4.357282310793288149e-02
4.968883701356575228e-02
6.295859815776483348e-02
-1.333228361212936836e-02
-3.456144267105254464e-02
6.403152956086777259e-02
-1.447779099535504398e-02
3.138635780531009306e-02
6.288641071633233048e-02
1.344653838715337106e-02
-3.436292059225207890e-02
6.370809212743948347e-02
1.216671546842044635e-02
3.265154889435633451e-02
6.419735340564373949e-02
-2.856623973839904351e-02
-4.203259709107624864e-02
6.576418508034818922e-02
-3.007498779997629101e-02
3.788753741519415574e-02
6.405009392476274099e-02
2.860078044245126239e-02
-4.180482381559853799e-02
6.496665640726577429e-02
2.697368622469267091e-02
4.080744179756848333e-02
6.410465867855281996e-02
3.684907997232983435e-04
-3.413305339107727127e-02
6.523054104579088797e-02
-1.142320344374171378e-03
3.213587571935642290e-02
6.874216617973076537e-02
-1.456691715626553564e-02
-4.198822622866037885e-02
7.005179195716336460e-02
-1.599753872051415393e-02
3.871828605844152005e-02
6.861923443341250151e-02
1.466989345737905980e-02
-4.187100219260512374e-02
6.961569485543578351e-02
1.312488057902310053e-02
4.021052378478762179e-02
7.016363552043244911e-02
7.578754552900223210e-05
-4.190231785046332619e-02
7.020403819379035515e-02
-1.757083457308032150e-03
3.839855590772042748e-02
7.066312708354356709e-02
-3.144399803442599062e-02
-5.022658518831916996e-02
7.230410010143445421e-02
-3.344559924131740997e-02
4.593513786371115210e-02
7.054806707911613628e-02
3.146341799968606356e-02
-5.010479160572555574e-02
7.157794786430621281e-02
2.962446583872755182e-02
4.917246095189461291e-02
7.565350334674124377e-02
-1.604857492485562906e-02
-5.020571859039986429e-02
7.694551439927165004e-02
-1.856055407967828821e-02
4.680271228162712766e-02
7.558927962875348905e-02
1.609160959190809176e-02
-5.009631484971291404e-02
7.671531656834676416e-02
1.434159973448626696e-02
4.851720581533037341e-02
7.720761595327449434e-02
-6.069011362016393449e-04
-5.015077668096538238e-02
7.848424744134992193e-02
-1.741637027265576171e-03
4.785631706003459079e-02
5.417765283758550245e-03
-8.116566993188380902e-03
-6.429296013369337030e-03
-1.703913197392093945e-02
-3.575554632293539894e-03
1.465583691768207464e-02
-2.223037910068172487e-02
-3.224236238392994046e-04
-3.144978541643939085e-02
-2.378477467995473646e-02
-3.312591621220325327e-02
-1.068858480837395729e-02
-2.412992547343233846e-02
3.125982065990018377e-02
-1.023899447574279191e-02
2.423979040137937482e-02
3.174644563317447626e-02
-1.140839947989573736e-02
-1.279827998602523290e-02
-2.092219789126232785e-02
-4.317673753278923783e-03
3.004806290568590166e-02
-8.700360058519387985e-03
1.829550204025113397e-02
2.017496432782564866e-02
-1.950469820012672509e-02
2.685733614472848862e-02
4.934661644644076743e-03
-4.493530652059694180e-02
-3.524500631924278732e-02
-2.038795081277390564e-02
-2.248977925105995895e-02
-2.535349933019692692e-02
-4.472997127088273323e-02
-3.324819439157690459e-02
-4.003065934141445542e-02
-4.246386899093027023e-02
-1.514506446894224416e-02
2.675788765631963162e-02
-4.831364786441255665e-02
-2.023472335762859300e-02
3.973393299191496641e-02
-5.393679354626576550e-02
3.743824472383052576e-03
-3.772999804671314794e-02
-4.640646222822037564e-02
-8.534261368312400344e-04
-2.661890130146329567e-02
-4.503877145921190289e-02
1.213306880260064426e-03
2.509214698343262273e-02
-5.206097742748033025e-02
7.025132685019930875e-04
3.927211631291323973e-02
-4.899346243991373195e-02
2.103794298350047942e-02
-3.847462711355190829e-02
-4.261422519669436776e-02
1.426798344464320564e-02
-2.705191849955269207e-02
-4.978052685135322952e-02
1.734700657065969126e-02
3.952909884101427074e-02
-4.599430476785506400e-02
3.286722618051222955e-02
4.164890255837273847e-02
-1.414451068041693363e-02
4.147183392414640485e-02
-2.546323639925113236e-02
-3.340650741509482852e-02
-4.520849336728251927e-02
-4.075633161380706748e-02
-3.078544822952967996e-02
-4.692148417975212926e-02
3.947445085028767481e-02
-2.895310162528818773e-02
-3.353368394369197342e-02
-3.742675275814925234e-02
-3.123823832783030260e-02
-3.387332997154676034e-02
-2.450794950820390714e-02
-3.192968655963169394e-02
-3.146494824496826048e-02
2.340916826684151172e-02
-3.482319634164954270e-02
-3.383086549675887178e-02
3.659977699756550990e-02
-4.119862306604946123e-02
-1.808908316676399730e-02
-2.750173135126785656e-02
-3.554726750793538170e-02
-1.678295144054351221e-02
-1.096029694506521317e-02
-3.362308016322048537e-02
-2.044063219813568866e-02
7.056972110199149183e-03
-2.969960816302880460e-02
-1.555909147456556972e-02
3.646635870724274087e-02
-3.841103718549550294e-02
5.177029543894810792e-03
-1.037395032247160481e-02
-3.855308353144046296e-02
6.448909589993226214e-04
8.369399397848979044e-03
-2.937869326409038237e-02
-1.516860930529820599e-03
2.512520729869943334e-02
-3.703096193954781568e-02
-4.016328948683259119e-03
3.641233015843457071e-02
-3.275949064008556316e-02
1.692123147238466102e-02
-3.734408446526996800e-02
-3.360770268082833440e-02
2.002833515012420948e-02
5.023369929900564287e-03
-3.861575328716827793e-02
1.768310608792441480e-02
2.495577449118845451e-02
-3.428031509051893827e-02
1.235837051731408266e-02
3.969416455622518797e-02
-3.649860926567909114e-02
3.644240736212291804e-02
-3.804164527194989209e-02
-3.190964235704416702e-02
3.157444025771156265e-02
-2.560970634660903258e-02
-2.930803880826934535e-02
3.320444852623170157e-02
2.451704278376589177e-02
-3.492057310890088473e-02
3.113480201073098863e-02
3.811538832650834818e-02
-2.983945129024444601e-02
4.421191845990334740e-02
3.941748615000674472e-02
-1.727939490491887248e-02
-5.093262809687734705e-02
-3.968637157360195566e-02
-1.519440520495406351e-02
-5.409164437384873098e-02
3.775658331658347105e-02
-1.759225801563947880e-02
-3.626037502098408694e-02
6.445720281871458734e-03
-1.570110184919229143e-02
-4.089001250224099521e-02
2.483699893568156944e-02
-2.071166081061946024e-02
-1.860859767187727012e-02
2.105276953258371567e-02
-1.562541360501090021e-02
-2.374705502890833708e-02
3.661691428142421073e-02
-1.470278600258031511e-02
-2.005640132909397837e-03
-6.877599259949684039e-03
-1.555453208852093823e-02
-2.487245546981069720e-03
3.494347901694456332e-02
-1.817439187104078271e-02
1.905206270029846313e-02
-3.800503124768651181e-02
-1.794710018637292112e-02
1.715626976026893638e-02
-1.994071083072685921e-02
-1.571992093040445668e-02
1.812066982859401182e-02
7.164234723890962157e-03
-1.513543202505513406e-02
1.714824598697801267e-02
2.501567785599864008e-02
-1.537235193690371371e-02
1.556356918689260141e-02
3.873470479260328336e-02
-1.753681012863862743e-02
3.566819321481243255e-02
7.469304241416456665e-03
-1.356052277199151952e-02
4.180118642123479417e-02
2.402637384718423613e-02
-1.720769074723566341e-02
3.422232401059666779e-02
3.756645652839257082e-02
-1.727455880385233428e-02
4.977138629762532795e-02
-3.841584278447696815e-02
-1.692484822404530243e-02
5.066460275643742961e-02
3.973228951414008864e-02
1.594071962829696470e-03
-4.801966312787511737e-02
2.410510470571125899e-02
2.327567872944458910e-03
-5.389327025623456141e-02
3.631182567737024913e-02
-1.104508232228311980e-02
-4.172160091650906066e-02
-2.609630404662783079e-02
1.617801154507235439e-03
-3.864114812935682403e-02
-8.317110574722204677e-03
7.209747499628093963e-04
-3.496504579427875403e-02
3.346588605552430068e-02
-2.665746996619561705e-03
-1.575211244823213758e-02
-2.973505709796028795e-02
4.927399415705769996e-04
-4.069765831935141104e-02
1.174268180562230458e-02
-2.313357013103462152e-04
3.654594000952836926e-03
-2.655656845300220434e-02
-1.588213200036526617e-03
2.069705178101859111e-02
-3.388370082942252642e-02
7.729348146459250578e-03
1.433312743745959392e-02
-4.613379007940157997e-03
2.889717368715439237e-03
1.291918198331840767e-02
1.766230132951450427e-02
3.753367850442376752e-03
1.643096216284616398e-02
3.795606451292363875e-02
-3.894091975225789795e-04
3.815055368500909483e-02
-8.897824485268743949e-03
1.037802572283367744e-04
3.939673118402590990e-02
2.033954925408495984e-02
-4.457673958728435829e-04
3.102684563263883449e-02
3.603288126548086223e-02
5.474962713462647569e-04
5.434107827661927709e-02
-3.894316506195127925e-02
3.262564997128351157e-03
4.563642713759408914e-02
-2.800677665709730771e-02
6.215701618491415109e-04
4.804322419970308289e-02
3.468372340993953334e-02
1.780932869029184379e-02
-3.750446994521853400e-02
-2.149422459890562576e-02
1.801513225387255460e-02
-3.621740649234373582e-02
4.976128101698477565e-03
2.274696884340462674e-02
-3.801161818334878456e-02
2.085098974545362277e-02
1.776202693054130741e-02
-4.452933456994019601e-02
3.472624669547313275e-02
1.866861037140061727e-02
-1.683024905421098838e-02
-2.436324028225306942e-02
2.017009982627298095e-02
-2.246206718125181093e-02
-5.432723611413693525e-03
1.851769030553158946e-02
-4.117981410168366661e-04
-3.626048857706287015e-02
1.418677263312368396e-02
-9.944090952980725196e-04
-1.971119035842024830e-02
2.065618682434162273e-02
3.730594239232163430e-03
1.123352722891444999e-02
1.908008435336177103e-02
-1.424964578356287476e-03
3.272267557030895252e-02
1.828081181868647723e-02
1.713083993049065515e-02
-3.846574954846559286e-02
1.439225803478398277e-02
1.569535096765996632e-02
-2.246512327424836711e-02
2.322680132895001137e-02
1.623559047711098033e-02
3.357181845052856911e-02
1.812600617083239343e-02
3.879112481740354390e-02
-2.536297186315148930e-02
1.683742747709061557e-02
3.555205778004844747e-02
7.114626318108058754e-03
1.701839934933599766e-02
3.705659256831429077e-02
2.712442443314433058e-02
3.253650825049310413e-02
-3.549209859353547741e-02
-2.845798045948145713e-02
3.456411450440613486e-02
-4.273052902043743273e-02
3.485527438215943463e-02
3.810512362824704236e-02
-1.798392127353364012e-02
-3.726887106548450179e-02
4.077824348028422086e-02
-1.817248073710194325e-02
-2.415788022234694604e-02
3.559886638137097631e-02
-2.062236490761310340e-02
-1.149218958815259248e-02
3.460816135961492651e-02
-2.241196975904246116e-02
5.842031051854172131e-03
3.989002702697602015e-02
-2.222914335343989176e-02
2.564341990579405151e-02
3.479996429278527093e-02
-1.111273718898209920e-03
-3.994998317321026698e-02
2.996268493936546026e-02
-2.186333736346157165e-03
-2.616559598833998607e-02
3.703886097046887177e-02
3.047414721124450110e-03
-1.145951003962215366e-02
4.007349060448832379e-02
-2.416544583161987520e-03
5.586032762835796590e-03
4.450386362064591428e-02
-3.706804598293475268e-04
2.376334218374278121e-02
3.653163973060630926e-02
1.406298070184102550e-02
-4.010324408660679435e-02
3.864622948284771042e-02
1.789861622959318735e-02
-2.497495185119677844e-02
3.464067763964721880e-02
1.834689712061265618e-02
4.723634602709254025e-03
4.064521254490967989e-02
1.712809629082534882e-02
2.546976850389801386e-02
3.147888680179589810e-02
3.613029995346882239e-02
-3.641676198183990687e-02
3.250945631027466615e-02
3.392975926629212408e-02
2.332722156055176341e-02
3.509268303137727529e-02
3.429443332958889007e-02
3.667765940291914384e-02
4.732346038859287785e-02
-3.484543983750140739e-02
3.497291682296606308e-02
5.285218732286458415e-02
1.848488448084455735e-03
-3.902930610438370279e-02
4.611510601270226578e-02
-6.270137929651315410e-04
-2.566686427311804658e-02
5.148705458783280065e-02
1.824923417522334584e-02
-3.768650651553186182e-02
1.862884859937209096e-04
3.591424808381266792e-02
6.477530330576269924e-03
4.665212031687093752e-02
3.078109940074650816e-02
-3.991287126990689105e-02
-5.466751477066691955e-02
2.892628571404977714e-02
5.100786130923112144e-02
-4.935348031714409389e-02
4.109698638885159877e-02
5.115328803016304382e-02
-2.178172302153982831e-02
1.073920402738571048e-02
5.009463571691721850e-02
-3.697974282180590405e-02
2.661911646545970025e-02
5.065632351290958596e-02
-3.557302919445387568e-02
4.168778056358649758e-02
5.093893089314663336e-02
-2.339220081421919048e-02
4.107219126421397803e-02
5.074264529629445714e-02
-1.566091341815786103e-02
3.196761878821714059e-02
5.043400042931150268e-02
3.454320338661029648e-03
6.315255062154884191e-02
-4.989118138125779589e-02
1.406864001375246476e-02
2.507602331631827303e-02
-5.013489812661639511e-02
1.678149638658100670e-02
5.039932045507594660e-02
-4.993978202104518843e-02
4.589997796821625176e-02
5.022048719388220311e-02
-5.004786830938915548e-02
2.506451004700034624e-02
5.772664530605653432e-03
-5.034557012071364662e-02
3.370489076779212972e-02
1.692606388492515559e-02
-5.026589198477913328e-02
3.469124395396602084e-02
4.647897703129464514e-02
-5.004564902066482857e-02
4.798780294790484791e-02
3.475828513899569677e-02
-5.012668165888989336e-02
2.441401617430665610e-02
1.666518954864149721e-02
4.948144274946211785e-02
1.721307887661086347e-02
3.188305307090347901e-02
4.995322999939094677e-02
1.798085472417165764e-02
4.863622675879938212e-02
5.037364527874206577e-02
3.646336315033249509e-02
3.859361685517412321e-02
4.984717593632373434e-02
-2.392875428287850881e-02
2.806354814026941827e-02
-4.989972893805867671e-02
-3.723924862331668556e-02
4.621981214377194475e-02
-4.980989215510125967e-02
-1.116341909028672856e-02
1.621776071624924861e-02
-5.004338668423376907e-02
-3.520827162663040400e-03
3.613050782869200311e-02
-4.994614016447834759e-02
-1.459798855541797821e-02
5.436361387681113572e-02
-4.981253645473018160e-02
-2.902236727654239692e-02
-5.557211896374917443e-02
4.895703351568879425e-02
-1.082256527068353215e-02
-7.012967781390411215e-02
4.781457361986950205e-02
-1.785834369720026979e-03
-6.150321749109038949e-02
4.755801096804311567e-02
-1.595147634848568391e-02
-5.649819019525964547e-02
4.838605503374847350e-02
-1.545193674744188735e-02
-3.952394276573512055e-02
4.886988934438121768e-02
-1.620181222453569722e-03
-2.433945899102958610e-02
4.874596516133550272e-02
-1.760292929495589631e-02
-1.257078052204907426e-02
4.954341965102609241e-02
2.622733144543987378e-03
-1.786268882617575091e-02
1.888184122655533689e-02
-2.362697438288296342e-02
5.462237417417283719e-02
5.102829297247776091e-02
-5.275893031439521375e-02
-1.763574576939562488e-02
-5.004446251112986549e-02
-3.781909183724162932e-02
-3.433703467167328188e-02
-5.024489636168937012e-02
-2.080979900163822810e-02
-1.614631776501986374e-02
-5.030766264249825898e-02
-1.649438229908430781e-02
2.209452802319915570e-03
-5.013134838498988638e-02
3.132475200238261291e-05
-5.723493207817216544e-02
-5.050235793529658096e-02
-7.693951761921199507e-05
-3.356760708356677780e-02
-5.053811704886237988e-02
1.682524775520143415e-02
-5.051898972872186089e-02
-5.064760480421718475e-02
1.990782923716549052e-02
-3.073799001836256817e-02
-5.063612414788667276e-02
1.250344284864059012e-02
-1.663299811665798836e-02
-5.051847985110973632e-02
3.295091103430115853e-02
-1.604941476442475670e-03
4.873169079033175255e-02
5.199480767792877267e-02
-1.971491891720484908e-03
4.821757944650430228e-02
5.181330127043957262e-02
1.731425366032079277e-02
4.892527480552819746e-02
2.070825580476914462e-03
1.444462802672024856e-02
4.976021542005925474e-02
1.187370533917085332e-03
3.188811452036190847e-02
5.020599765077807253e-02
-5.218151586763008706e-03
5.261057219417400455e-02
5.073487810227264583e-02
2.305904635672758815e-02
-6.389032576764609381e-03
-5.041555666262993035e-02
3.438551292900514367e-02
-3.977508841893093866e-02
-5.064732707382679777e-02
3.374935454834009779e-02
-1.675614654627386249e-02
-5.060687213045771821e-02
5.228666330574082560e-02
-3.616208920658354337e-02
-5.043525621571787187e-02
3.585996682598965174e-02
-5.859935340230015138e-02
4.449865608945180462e-02
4.804054216739278571e-02
-4.585142257580670372e-02
4.489390962552663317e-02
1.906837944795551285e-02
-5.568796733827732076e-02
4.603345132143236290e-02
1.971524833364696194e-02
-2.329701936687195163e-02
4.775302312757706558e-02
3.224786534048999787e-02
-3.929198739065458551e-02
4.575580330134986634e-02
5.070225927295492208e-02
3.557666877849147841e-02
4.955089179530510618e-02
-5.794093431361142105e-02
-4.129913034711679524e-03
5.049523754968490014e-02
-3.386086896439802901e-02
-2.240498376657966417e-02
4.973462487498391676e-02
-3.237708504953547284e-02
-1.586676569764441979e-03
5.005679525213152514e-02
-5.985519400626959641e-02
1.624748016343077056e-02
5.086939841979570831e-02
-4.427058167462234739e-02
1.342367204929072015e-02
5.053173698032147054e-02
-3.460928651288262131e-02
-5.346148180119057042e-02
-5.025087020420465622e-02
-1.587604379644965910e-02
-5.458969060600180750e-02
-5.041167710510658512e-02
-1.958832114303366359e-02
-3.680992724989950310e-02
-5.040789582037358968e-02
1.401504591676416139e-02
-7.071859407708548650e-02
4.609485887675494886e-02
9.908611313632140552e-03
-4.079121885088939081e-02
4.741778653282063133e-02
-4.999907625753233220e-02
3.360436185390582031e-02
-4.984871726339530629e-02
-2.726997302111826976e-02
9.623745950643367367e-03
-4.999598514238851044e-02
-3.889967963636952603e-02
1.989750959597166510e-02
-4.989536811198043431e-02
4.334047783080369198e-02
6.702567223026425006e-03
-5.032303691324002681e-02
5.227198894432808635e-02
1.852770002952526529e-02
-5.020739804832877878e-02
6.306260261364939057e-02
7.758202516066152986e-03
-5.024438011221156464e-02
3.373096250425428044e-02
9.058375588691542095e-05
-5.040115941419293782e-02
4.295711432871266583e-02
-6.137992580124870985e-03
-5.039596431994454451e-02
5.191614510308113078e-02
-1.927683837158984670e-02
-5.046793270891786892e-02
-5.795937673013457081e-02
-2.431811445724416793e-02
5.020676439677210223e-02
-4.709182353337600796e-02
-3.683028278310584991e-02
4.980709458368387521e-02
-5.570870590521054266e-02
1.631235425978628389e-02
-4.988670097046079416e-02
-4.143628253290691787e-02
1.055558667722259272e-03
-4.997180964017115118e-02
5.230934787300297456e-02
-1.898655522130875128e-02
4.704142431219684312e-02
6.102774200654886849e-02
-5.641567973183875609e-03
-5.031954551760934452e-02
