-7.714258665000388315e-02
-1.246524552297574835e-05
-4.992162409689163138e-02
-7.600682099993354146e-02
9.464574074016906657e-04
5.080588896532048371e-02
-7.545289134227521621e-02
-1.605916433995620285e-02
-4.992977129013755067e-02
-7.435244177952185507e-02
-1.508082433749864844e-02
5.091608764977855611e-02
-7.547019709994433334e-02
1.602704843069462440e-02
-4.997582905375640150e-02
-7.429474173424366334e-02
1.697242566721095247e-02
5.064498221425391133e-02
-7.045200559893151360e-02
-3.137751109335550764e-02
-4.993540965558862510e-02
-6.938358614171226402e-02
-3.040614725598086640e-02
5.100868923950472450e-02
-7.051719021145370914e-02
3.136011067525529966e-02
-4.999960517302619312e-02
-6.926441382721210127e-02
3.229690857012110228e-02
5.044637543707312932e-02
-6.997601861851468485e-02
-2.786290260899898876e-05
-4.157065586273928776e-02
-6.898029381720952036e-02
8.571160612553132109e-04
4.234145966213791884e-02
-6.841124914894243514e-02
-1.455169197656695258e-02
-4.155465017365607416e-02
-6.747372397580223002e-02
-1.368812614959400396e-02
4.244758593410764835e-02
-6.847860676406905545e-02
1.451718455316797565e-02
-4.162102279194251908e-02
-6.658565139688610302e-02
1.600551624150065716e-02
4.135784156206013390e-02
-6.393197600623858057e-02
1.448753803231110149e-04
-3.384547639644527872e-02
-6.294766690518731334e-02
1.034180342733894645e-03
3.431754544371282828e-02
-6.389888011055380734e-02
-2.844605118263472329e-02
-4.155016462963188190e-02
-6.296012001544198933e-02
-2.759579871547633220e-02
4.253559755710790286e-02
-6.398827141662180584e-02
2.844181110135974785e-02
-4.165978116105955448e-02
-6.288750019039271444e-02
2.930562576699166297e-02
4.200918722691009133e-02
-6.260403289463276066e-02
-1.331524735755075690e-02
-3.391093438222846784e-02
-6.180196860076048182e-02
-1.254744626433262726e-02
3.474378161593914827e-02
-6.265938998535043603e-02
1.329757370724659292e-02
-3.401900077432808145e-02
-6.177965322330436493e-02
1.406758222294790528e-02
3.450340361804790645e-02
-6.238600840281221388e-02
-4.532444190950502688e-02
-4.991092908401983247e-02
-6.132047744997988492e-02
-4.435357081205856811e-02
5.106467041881552343e-02
-6.247498983810641227e-02
4.533013765419324770e-02
-5.000844644144359502e-02
-6.118261665470211413e-02
4.624702587054693032e-02
5.019220054921472163e-02
-5.928118006420567826e-02
4.749374896381163306e-04
-2.711549252504450933e-02
-5.853424305717262049e-02
6.568229012296752456e-04
2.756428143171326881e-02
-5.845421511415927612e-02
-2.603018399879521508e-02
-3.392367526539064732e-02
-5.783768340491601129e-02
-2.490152089501828508e-02
3.490039431883042165e-02
-5.856538549415769845e-02
2.603394517210527032e-02
-3.406971030453342930e-02
-5.786304923108642750e-02
2.668780509977163387e-02
3.456785270403448657e-02
-5.768105135672838696e-02
-1.161889339848561423e-02
-2.643771635129370939e-02
-5.733637881107694900e-02
-1.213502907812721507e-02
2.805398098184736996e-02
-5.795825525671136763e-02
1.233397125261075263e-02
-2.702303800204761824e-02
-5.732149682342182334e-02
1.221606308889877125e-02
2.744189370549846713e-02
-5.596966515868075087e-02
-4.065999856721953104e-02
-4.057625400083598316e-02
-5.564507258612939877e-02
-4.025199437692358190e-02
4.258601627582431215e-02
-5.619953985149800380e-02
3.997514914796201219e-02
-4.037153316464653363e-02
-5.599598307692717908e-02
4.170093458682956611e-02
4.202830567489046487e-02
-5.563884576205451599e-02
4.468483507021734936e-05
-2.076866330926485649e-02
-5.497043958271020936e-02
5.627591516703465534e-04
2.110245379692917561e-02
-5.418604287068537473e-02
-1.148277761688025651e-02
-2.038618583133702811e-02
-5.367511178369489128e-02
-1.097622425211837102e-02
2.109329318581624688e-02
-5.426688748575961285e-02
1.157836755182570405e-02
-2.050637278383925233e-02
-5.371066887019953356e-02
1.210139294597760949e-02
2.086941639259148884e-02
-5.406762156755599152e-02
-2.407412204443043144e-02
-2.689726114353035297e-02
-5.340169868407377424e-02
-2.342559032584302578e-02
2.774719260801499290e-02
-5.416918417507998740e-02
2.412217755644957204e-02
-2.707202146780508106e-02
-5.343209392659393348e-02
2.476351707180947728e-02
2.727104840567776828e-02
-5.276938909735929412e-02
5.812441052673260724e-04
-1.458769279585444591e-02
-5.225416834546967038e-02
2.515331161354593414e-04
1.477302095985626521e-02
-5.175971751094971679e-02
-3.760349794334937740e-02
-3.391234764760810844e-02
-5.097717478772886140e-02
-3.687352527939184721e-02
3.486751283399415480e-02
-5.189468986049965149e-02
3.766634976705102861e-02
-3.413986024592912533e-02
-5.097397197964560062e-02
3.840144679754194795e-02
3.409388747976347528e-02
-5.148642040684991983e-02
-1.087763885344419749e-02
-1.420562131675726959e-02
-5.108702307682787269e-02
-1.122914771579370564e-02
1.535777931664736133e-02
-5.162422652594955003e-02
1.155151901337650444e-02
-1.484371913460942952e-02
-5.124684144080468573e-02
1.176982823757572946e-02
1.514023293574059958e-02
-5.160446864621343749e-02
-5.730802162018619472e-02
-4.994358799613728139e-02
-5.054148262424746491e-02
-5.633077954406632420e-02
5.106637973213740828e-02
-5.169338782258408455e-02
5.736763815893436425e-02
-5.006956928376474214e-02
-5.040806401570733369e-02
5.823018193515829694e-02
4.985235077346505256e-02
-5.078680583398312992e-02
1.257200102236112193e-04
-8.360920858137074405e-03
-5.051160300672821735e-02
2.438708739094962088e-04
8.635534158692802220e-03
-5.095726953509532170e-02
-2.266957129700316459e-02
-2.105798901800095754e-02
-5.021689421599222214e-02
-2.253974853544515877e-02
2.185454603973949195e-02
-5.126895254703588145e-02
2.275128508090317955e-02
-2.153139226879859092e-02
-5.013978435067021483e-02
2.314034601425677892e-02
2.071205503681652904e-02
-4.983631823026724722e-02
2.348302324313287137e-04
-2.143796562397150014e-03
-4.981348710847473965e-02
1.785719822477645517e-04
3.657094998796244553e-03
-4.964351337973912232e-02
-1.044678909100867775e-02
-8.308110858035845994e-03
-4.942031133533712067e-02
-1.022094202198709466e-02
8.944734648415964343e-03
-4.975256975876457544e-02
1.054361812613377296e-02
-8.494633074951882939e-03
-4.946962164536845841e-02
1.095542027386529026e-02
8.762515585895528508e-03
-4.872331870360690348e-02
-1.019557720091547777e-02
-2.547300325311762075e-03
-4.862060057461235762e-02
-1.011334658006367467e-02
3.172731330879875831e-03
-4.878283011981484479e-02
1.061495455150966889e-02
-2.692590057946556755e-03
-4.868739185337799674e-02
1.068677540487486879e-02
3.006229835893803413e-03
-4.807641617592259276e-02
-2.136179772222721734e-02
-1.418238381278310624e-02
-4.769591784665293266e-02
-2.099261097779712634e-02
1.495560025880278594e-02
-4.819041713257782300e-02
2.154880415722977907e-02
-1.442313691950480349e-02
-4.775992589531743993e-02
2.192903315446169052e-02
1.452514962489049287e-02
-4.786446079856633562e-02
-3.477514416569407046e-02
-2.687841947077513130e-02
-4.721792425368097346e-02
-3.415909884528327278e-02
2.778327735834813794e-02
-4.801780398433449365e-02
3.487115850409346074e-02
-2.717117282403359868e-02
-4.726556518788761763e-02
3.549911755411450792e-02
2.704521286770033769e-02
-4.680198952176931049e-02
-5.197333307207355202e-02
-4.155136845758162362e-02
-4.586792511412803725e-02
-5.111346370658922944e-02
4.258473296350168830e-02
-4.694220894325151078e-02
5.204813529445718318e-02
-4.177447267089908628e-02
-4.579664301372091129e-02
5.284150668789867888e-02
4.146744315601669922e-02
-4.634528067742484797e-02
-2.055678786445943457e-02
-8.272493170004086016e-03
-4.612238611612648476e-02
-2.033851025948825095e-02
9.005898645403192723e-03
-4.648545850449244121e-02
2.087975484983514013e-02
-8.546019087454228072e-03
-4.620413891274129797e-02
2.109438109415655641e-02
8.616264108171243011e-03
-4.548220534038811130e-02
-2.014075948782062184e-02
-2.500659008119814411e-03
-4.538557816433150260e-02
-2.005793370337312365e-02
3.223487743854239630e-03
-4.554181866151469499e-02
2.063604036176676024e-02
-2.371903501472502271e-03
-4.547680997974525019e-02
2.063858990611806832e-02
2.869228359138759673e-03
-4.478724336903287806e-02
-3.253074979278362810e-02
-2.035030314549053296e-02
-4.441998172963100566e-02
-3.258050062810022990e-02
2.202653578193372944e-02
-4.516372173871224804e-02
3.342535738221987657e-02
-2.178045183434025936e-02
-4.437317863858211003e-02
3.319854103271779183e-02
2.050236777242896852e-02
-4.282353500685261161e-02
-4.809607390820880291e-02
-3.450227448203378039e-02
-4.201770466946914279e-02
-4.681229234797613242e-02
3.487140007315531892e-02
-4.297051259722923372e-02
4.765699467145746715e-02
-3.422261109117308298e-02
-4.201551791886200954e-02
4.892142252014321235e-02
3.439831741756804728e-02
-4.255025628270720645e-02
-3.090118865527992018e-02
-1.416452468713236962e-02
-4.217728021530654792e-02
-3.053519885818540766e-02
1.498303966352852561e-02
-4.272542356611143399e-02
3.114384519670126972e-02
-1.455241209425256824e-02
-4.245646121444667659e-02
3.116638017763931345e-02
1.434469028191213621e-02
-4.100943164054555307e-02
-2.975924121531456010e-02
-8.259937058743631669e-03
-4.079105573841026317e-02
-2.955059062577266096e-02
9.029891638466706547e-03
-4.119503992992074731e-02
3.012725340121707313e-02
-8.691015123802815073e-03
-4.091779918740375693e-02
3.032911929417301047e-02
8.444018588951177073e-03
-4.023969538701420434e-02
-2.919002525079765140e-02
-2.489534941489732374e-03
-4.014170926226649783e-02
-2.910487856682478225e-02
3.243876070551672281e-03
-4.039200414039974957e-02
2.965935343719804801e-02
-2.969189747628742018e-03
-4.030304489482068597e-02
2.971412446076253031e-02
2.707862474343378928e-03
-3.960237389051866203e-02
-4.397417759322030939e-02
-2.688474780455061067e-02
-3.950866684501069814e-02
-4.344244053137875927e-02
2.853828399901139207e-02
-3.976134474254480050e-02
4.411838138870272097e-02
-2.725748114840816777e-02
-3.899449019821601969e-02
4.471698315758609876e-02
2.681030562316756224e-02
-3.857878621318102524e-02
-6.678473962409284259e-02
-4.994877864786548965e-02
-3.750131872010804140e-02
-6.578931654221559233e-02
5.102116929070182189e-02
-3.867677678024917381e-02
6.689227038963489747e-02
-5.010920675007763531e-02
-3.738489746191842739e-02
6.776521503709641292e-02
4.947827861731105004e-02
-3.681366943198550318e-02
-4.173976977126487437e-02
-2.094290311260335949e-02
-3.667404974273907187e-02
-4.083110829407099462e-02
2.160104344343787008e-02
-3.724555810138394096e-02
4.194286753936586620e-02
-2.155296194832658635e-02
-3.676813501753494612e-02
4.215410349509831484e-02
2.082942250674816795e-02
-3.517697230440516160e-02
-3.908509024273338489e-02
-1.416765929791126942e-02
-3.425844765436176359e-02
-3.908728303809846927e-02
1.486243303477057486e-02
-3.537497970167696043e-02
3.938750936947015696e-02
-1.467483049446965948e-02
-3.440523701811130236e-02
4.007222449490312199e-02
1.400925099411432992e-02
-3.498588633667965714e-02
-6.057836465702162720e-02
-4.155943954954284536e-02
-3.424211110767678284e-02
-5.860362967447211441e-02
4.151919354675583790e-02
-3.476291861506853459e-02
6.079060279504325259e-02
-4.174452722280652672e-02
-3.398755762159140492e-02
6.147410454486040149e-02
4.112808456372387539e-02
-3.388341892724170551e-02
-3.766388389121259200e-02
-8.253281549192350783e-03
-3.367018490868363412e-02
-3.746024039859117277e-02
9.028017131646375384e-03
-3.413448248570957050e-02
3.808374670655345628e-02
-8.827710026653876052e-03
-3.384891312349243980e-02
3.829525636951491147e-02
8.258572407114937730e-03
-3.323579727180563104e-02
-3.694819225723609130e-02
-2.477130501436553868e-03
-3.314506808265137161e-02
-3.686364880537078281e-02
3.247336427551539284e-03
-3.344775798782669701e-02
3.748823238996561169e-02
-3.122885197452817709e-03
-3.335160838098601838e-02
3.755869813969297394e-02
2.540749516156812736e-03
-3.153639519601052904e-02
-5.568596780045848016e-02
-3.401103198010279466e-02
-3.119061550286247875e-02
-5.467029624184880504e-02
3.483131394567561684e-02
-3.216818542562557143e-02
5.557925035408430026e-02
-3.430542078598817352e-02
-3.123183615898261420e-02
5.625261628565408206e-02
3.351252277898317949e-02
-2.960593969848124979e-02
-5.125514178379244473e-02
-2.688936888566337974e-02
-2.890770268739185911e-02
-5.063794188396957691e-02
2.773878582490707165e-02
-2.976495693760370861e-02
5.146698135474662983e-02
-2.734011731690795879e-02
-2.901232305919166157e-02
5.202212064980500650e-02
2.651693274381355589e-02
-2.768051213619699552e-02
-4.796312249974476333e-02
-2.036624053032671383e-02
-2.714128151643209474e-02
-4.748904328943018283e-02
2.115512248062226958e-02
-2.788357939826154389e-02
4.826878706924039170e-02
-2.088718513056432233e-02
-2.730186124153376886e-02
4.870817678513082727e-02
2.002518441073537422e-02
-2.627400521874995523e-02
-4.556924898327936041e-02
-1.419230665919460517e-02
-2.588342424555543919e-02
-4.521887346235972660e-02
1.494628654243323161e-02
-2.646443486113508881e-02
4.591112490842937793e-02
-1.480787157612166102e-02
-2.606086266146400571e-02
4.625411147676722345e-02
1.389808526974886660e-02
-2.501154457672791209e-02
-4.433235261060785443e-02
-9.080028820997497821e-03
-2.489335133709680986e-02
-4.380942983702225402e-02
9.026924099370147933e-03
-2.569356450597232860e-02
4.446395745536160099e-02
-9.361886673324852290e-03
-2.485450211712202789e-02
4.480910224399054648e-02
8.068134952479086297e-03
-2.479179031997848226e-02
-4.310483171772248878e-02
-2.505494390588357701e-03
-2.470419812896185521e-02
-4.301873876402124985e-02
3.221973643751315213e-03
-2.501372449867286449e-02
4.370327335933167634e-02
-3.289048697141293189e-03
-2.483271063538917273e-02
4.395497950722102032e-02
3.192158231176198905e-03
-2.384882571993544517e-02
-7.335259254265209805e-02
-4.995163095205174680e-02
-2.278431494208432717e-02
-7.232866932021862760e-02
5.092341132812587545e-02
-2.391249605188535549e-02
7.347252887283979572e-02
-5.010367527381748981e-02
-2.265688275776961760e-02
7.436849376570513204e-02
4.902939052783705787e-02
-2.163670533496211273e-02
-6.652863193103038253e-02
-4.157811859970217405e-02
-2.068378250633884363e-02
-6.563804222987987269e-02
4.245153882379933130e-02
-2.174682535666768585e-02
6.666962329455791703e-02
-4.186301241552482094e-02
-2.065854203500010200e-02
6.748092659844959207e-02
4.071781923412361864e-02
-1.980072259787978017e-02
-6.086901959461845507e-02
-3.394898793854882191e-02
-1.896308842922114074e-02
-6.011429101180358614e-02
3.474527419044300125e-02
-1.993581382581063183e-02
6.109953453578480242e-02
-3.433968990882185074e-02
-1.904297573917159564e-02
6.176526027193240953e-02
3.314355307833971587e-02
-1.791052368859077232e-02
-5.695023605911102987e-02
-2.771907415626515686e-02
-1.734499313453901834e-02
-5.594762487012655550e-02
2.797880992909484998e-02
-1.918803500146387328e-02
5.679701120002762782e-02
-2.822995829495141343e-02
-1.775221133486358863e-02
5.711649301514125365e-02
2.618228091073746336e-02
-1.719983150404872166e-02
-5.294613098354675890e-02
-2.084416766928752496e-02
-1.655110811367396795e-02
-5.221846160510888041e-02
2.108222723244890240e-02
-1.722884999287322902e-02
5.367934254053235987e-02
-2.203450468627377729e-02
-1.614621242455310801e-02
5.393803715667688792e-02
2.023212813546486702e-02
-1.622844409571860477e-02
-5.007846669632851772e-02
-1.421172408235050512e-02
-1.581708407297088143e-02
-4.971772496248560991e-02
1.487859806281473588e-02
-1.639227163308501489e-02
5.046463408068071338e-02
-1.496953058826136322e-02
-1.600632623918539499e-02
5.078165141320387099e-02
1.365422392794543756e-02
-1.559769260103037285e-02
-4.827857852349820567e-02
-8.310618883130211840e-03
-1.534983080846532948e-02
-4.807125343396317224e-02
8.938035859379248743e-03
-1.578620356228970997e-02
4.883045469962208479e-02
-9.139556352493730454e-03
-1.556674045072218085e-02
4.900203849774782683e-02
7.823703491965650070e-03
-1.524811818492660676e-02
-4.738034886218426417e-02
-2.553321094475814214e-03
-1.517447852919391084e-02
-4.729873669799935371e-02
3.159087173964640529e-03
-1.545729147321103780e-02
4.799558347704911687e-02
-3.466784496957104472e-03
-1.537379508387633903e-02
4.808514309582594820e-02
2.143819410325292340e-03
-8.086686078820428530e-03
-7.672047208775205351e-02
-4.996327411770015714e-02
-7.026245318703503231e-03
-7.567296390467545542e-02
5.078671816675965622e-02
-8.104577215773121554e-03
7.684663385921244871e-02
-5.015983012631659854e-02
-6.868334928559720678e-03
7.785451277583151086e-02
4.844271636745283577e-02
-7.344402374434223953e-03
-6.958407239560461532e-02
-4.159600289817836499e-02
-6.978915746458059025e-03
-6.852137663539085988e-02
4.228921370305797206e-02
-7.273754523100578809e-03
6.862320260862637966e-02
-4.047362777577706572e-02
-6.366356061663747991e-03
7.064060511541137011e-02
4.020070654859966841e-02
-6.338806050479559549e-03
-6.399692665602442487e-02
-3.439974185505802196e-02
-6.143975042262928704e-03
-6.305111295912993463e-02
3.490377864307136341e-02
-7.012319858444788709e-03
6.314850893094248185e-02
-3.337613275450451028e-02
-5.976563543077004215e-03
6.465913060234651510e-02
3.267524853756720998e-02
-6.202148320918226231e-03
-5.890655426664553884e-02
-2.696412228798794608e-02
-5.484816410455631286e-03
-5.825809936766033342e-02
2.755431710653913693e-02
-5.665801178279432707e-03
5.916190810411382089e-02
-2.756342749659119323e-02
-4.865908375824252313e-03
5.972456141054142270e-02
2.562159596978371909e-02
-6.469385884990357279e-03
-5.539228386614460098e-02
-2.108934597957008023e-02
-5.206634041224541057e-03
-5.463995017745336413e-02
2.098482698111019118e-02
-5.178243849570634237e-03
5.598403984092847896e-02
-2.189771103182578532e-02
-5.401718439290022558e-03
5.598399804002476138e-02
1.939373771131050472e-02
-5.453126124611014196e-03
-5.239842143529177543e-02
-1.429286422656546145e-02
-4.424547839412471852e-03
-5.210207027847737343e-02
1.495126911368513389e-02
-5.010437916464305884e-03
5.281493006509212218e-02
-1.506773983796800762e-02
-5.940627152984882982e-03
5.323904289462468020e-02
1.386886101992246441e-02
-5.203956560665257310e-03
-5.052701792451046864e-02
-8.390001539141229286e-03
-4.948186501765814913e-03
-5.030605202216398286e-02
8.853153757723471531e-03
-5.992999461921557150e-03
5.087836409459314119e-02
-8.733743619999735988e-03
-5.148774312615012061e-03
5.122797909895893120e-02
7.590879586490209725e-03
-5.031087224079695830e-03
-4.957857064704154770e-02
-2.631019625314904957e-03
-4.950133715978882742e-03
-4.951978392393015932e-02
3.082395274188902846e-03
-5.191203286093661919e-03
5.025811608179132223e-02
-3.642733283034696803e-03
-5.098934262543377942e-03
5.027701537391592035e-02
1.934415489535777893e-03
2.401937807880859688e-03
6.327366799912161749e-04
-5.028514183741120830e-02
1.129977523412175038e-03
-1.197097045722213824e-03
4.955011762887061993e-02
5.489408575920743695e-03
-4.958820378628039233e-02
-2.057834753944355437e-03
5.510326973762751275e-03
-4.954872824477544319e-02
2.988225725656872001e-03
5.332994679564024600e-03
5.032273875657108930e-02
-3.866844496099691199e-03
5.399193989008892192e-03
5.033187384786063506e-02
1.683686161663941775e-03
5.425875845256982605e-03
-5.057175370257174091e-02
-8.483369372322812491e-03
5.690052492610967773e-03
-5.034199243215829039e-02
8.744121712559446008e-03
5.381276040895513479e-03
5.118786347430642064e-02
-9.462224802471991617e-03
5.535589635932300356e-03
5.125766130083204281e-02
7.316480196882651880e-03
4.989799856724133099e-03
-5.243590796600295506e-02
-1.437612804198323303e-02
5.351520355592841865e-03
-5.230790003773861524e-02
1.527933588320046394e-02
6.140977486273026774e-03
5.300668643737744407e-02
-1.590663932434128666e-02
5.842543215623668615e-03
5.317724967793541896e-02
1.305155346557622040e-02
5.815586774349351326e-03
-5.522019407717655010e-02
-2.051250843052284181e-02
6.387323501784523093e-03
-5.466470961660270522e-02
2.085391275848393414e-02
5.778353670575326131e-03
5.558943640077503717e-02
-2.120896489823464320e-02
6.228482874864595294e-03
5.601566604846219127e-02
1.904131159183608882e-02
6.182226942236507435e-03
-5.894454802463998389e-02
-2.701988724868955097e-02
6.898202134656068393e-03
-5.827486080111955041e-02
2.741332545792443329e-02
6.136042632492067807e-03
5.919678536692142556e-02
-2.765035498880749620e-02
7.090928544863744215e-03
6.023759002306263571e-02
2.590862136723483602e-02
7.488757737458808829e-03
-6.408676198697928206e-02
-3.471115527367059361e-02
7.017251959567915101e-03
-6.352388134051696611e-02
3.530685158564396409e-02
6.965920769739214653e-03
6.384591620393510747e-02
-3.440100089281594720e-02
6.791536233590937319e-03
6.533754364005238402e-02
3.287051153667751996e-02
7.259708714726790038e-03
-6.961909596356607999e-02
-4.162607836870740874e-02
8.241193048727009363e-03
-6.866912916126385880e-02
4.216566297043142231e-02
7.263977591203977721e-03
6.980271434802307051e-02
-4.194043941008238074e-02
8.275204831788824864e-03
7.079868230689685682e-02
3.968002445761935337e-02
8.042161970572694191e-03
-7.673932564257182620e-02
-4.997645255942739090e-02
9.087151802750013940e-03
-7.565892838782886654e-02
5.061070013645155297e-02
8.037812516969071799e-03
7.689125104698071866e-02
-5.013330576762216328e-02
9.298880941864895791e-03
7.798696945796708413e-02
4.790300953427839570e-02
1.565602043828885626e-02
-4.750645994939323852e-02
-2.839453608407475037e-03
1.574578120294697209e-02
-4.740300006475609701e-02
2.851769649613951699e-03
1.568206472673910196e-02
4.816245231312352160e-02
-3.992644560521392376e-03
1.571020164670522759e-02
4.823889026268577546e-02
1.515317315126281806e-03
1.586304136830133174e-02
-4.840690884229774393e-02
-8.577836621802659850e-03
1.611526448669350561e-02
-4.815872604653805011e-02
8.597795235095007788e-03
1.590001249625242266e-02
4.899797579589349611e-02
-9.601500722044664302e-03
1.607706215923290771e-02
4.917362999572700427e-02
7.046295179913047296e-03
1.636047114850902595e-02
-5.016302290976394629e-02
-1.446382672346062555e-02
1.677890911461682802e-02
-4.979598575984232195e-02
1.450349522264586001e-02
1.637707212915511315e-02
5.057102508045843020e-02
-1.537391572763890761e-02
1.671250655364503110e-02
5.093834817964779105e-02
1.270770825404780348e-02
1.718833075557872972e-02
-5.281104326481977917e-02
-2.059820396965944891e-02
1.774060891095652695e-02
-5.228841229935365931e-02
2.067992989472368370e-02
1.781848524787644703e-02
5.336628353523086010e-02
-2.205369208065241157e-02
1.768154516378060356e-02
5.369941535275648409e-02
1.864937143548889981e-02
1.902400669006767964e-02
-5.659273947039910463e-02
-2.777107104852512970e-02
1.858712514841819388e-02
-5.625529174049282571e-02
2.790219186157591805e-02
1.773545922248400894e-02
5.744305907431082603e-02
-2.870267670215938607e-02
1.892859912326010779e-02
5.740959083789942685e-02
2.492663576709033477e-02
1.929563398996313531e-02
-6.207591300214844454e-02
-3.533812456935321589e-02
2.044903366813351220e-02
-6.074967575159507388e-02
3.505305156616478346e-02
2.013609065350584898e-02
6.217639843920243908e-02
-3.584746826387017610e-02
2.061410380133890316e-02
6.213210754669683256e-02
3.166946988137909341e-02
2.203540195333745719e-02
-6.692925934846954972e-02
-4.219160206856154699e-02
2.254039289063475976e-02
-6.563619292911133940e-02
4.196079991446672458e-02
2.164006052644246864e-02
6.679825332120875592e-02
-4.199702989440343842e-02
2.286510465959465388e-02
6.669794729137143441e-02
3.783828582601784368e-02
2.381949355608029700e-02
-7.341333972299138311e-02
-5.000247368849311536e-02
2.485537444697094589e-02
-7.231068008947884318e-02
5.039112160041178679e-02
2.386499362669067259e-02
7.354418697343970135e-02
-5.020423289743348311e-02
2.517820585951866669e-02
7.476514805346833048e-02
4.725461313795027707e-02
2.524463245485053173e-02
-4.328582283191945851e-02
-2.968299389459342578e-03
2.531399699948826826e-02
-4.320187205632889521e-02
2.695219727364966868e-03
2.534029323468046241e-02
4.388456082199387182e-02
-4.143854250682772050e-03
2.542652463793377074e-02
4.401804797219515536e-02
1.306636262617873103e-03
2.561854555614857115e-02
-4.411247864357042275e-02
-8.703228535655534170e-03
2.630798525166924348e-02
-4.357951661596296683e-02
8.475548798647210280e-03
2.569789916087083723e-02
4.489878237018164048e-02
-1.030390627062661123e-02
2.560741364124257541e-02
4.503203473673273588e-02
6.876390111772688780e-03
2.647586715344191904e-02
-4.573072869683862673e-02
-1.456543589365338898e-02
2.686651109972459234e-02
-4.534164529050710435e-02
1.431752925585260718e-02
2.656490410312653191e-02
4.611545857386001313e-02
-1.542416091616632262e-02
2.688583385501985487e-02
4.644298954616239011e-02
1.245973675677241460e-02
2.781448176872396844e-02
-4.813696029225304068e-02
-2.068692256262670559e-02
2.834903792370579989e-02
-4.760652421384158062e-02
2.048068348581365272e-02
2.791024028808073917e-02
4.848379182867450232e-02
-2.140171974668550123e-02
2.841349298892138428e-02
4.902768652651079417e-02
1.831684705310775846e-02
2.965416791644638964e-02
-5.140176815498591345e-02
-2.717287175684223940e-02
3.033058441446762760e-02
-5.072544839984895193e-02
2.702002797421965835e-02
2.975218299649886114e-02
5.166430164252946294e-02
-2.775723185347972119e-02
3.039882571915494824e-02
5.247428345188557414e-02
2.452817422556833465e-02
3.202744988439056723e-02
-5.556619532471736983e-02
-3.413405190546042051e-02
3.284199246766061897e-02
-5.473540257153086674e-02
3.405048249579353814e-02
3.208933105898784111e-02
5.567848058544462575e-02
-3.462089406746469283e-02
3.311245481772481791e-02
5.678361610360790207e-02
3.130565230387817588e-02
3.374310195571703780e-02
-3.716136371000457184e-02
-3.148690623091283426e-03
3.345982183765784657e-02
-3.742789294363454977e-02
2.981712855310560736e-03
3.390342181380524844e-02
3.768690440466822972e-02
-4.287577314897080515e-03
3.368413903205489529e-02
3.819598460551577868e-02
1.628692611572133808e-03
3.427368316632665307e-02
-3.787853881434535830e-02
-8.853396718561482373e-03
3.450239462264630130e-02
-3.764373912649953552e-02
8.219751629502784068e-03
3.453935790240065390e-02
3.837616916995599536e-02
-9.798808930745674106e-03
3.472817226289093978e-02
3.857351004886794971e-02
6.688432881449856912e-03
3.495409868469953607e-02
-6.042335622670563788e-02
-4.140497317141845351e-02
3.591501562591466884e-02
-5.970897941033196515e-02
4.169791774895833386e-02
3.505986737976956452e-02
6.082167692658579927e-02
-4.205081845744566144e-02
3.617681722868220512e-02
6.207233209550258590e-02
3.854209113728038899e-02
3.495373166076898991e-02
-3.976893980124111827e-02
-1.492827447925183793e-02
3.580036774940081185e-02
-3.888925044817377608e-02
1.408668986453914806e-02
3.563971335229116494e-02
3.967157167684127322e-02
-1.550848419093099617e-02
3.545679664843340989e-02
4.032906773191451133e-02
1.224506200296211593e-02
3.712995855963854841e-02
-4.198036951682890261e-02
-2.153743153295530413e-02
3.775295407827825023e-02
-4.083343814765628271e-02
2.022441500003717765e-02
3.736239731033454831e-02
4.158960405300456131e-02
-2.147841530193269136e-02
3.804811185405525958e-02
4.234219922477816533e-02
1.847068374508215038e-02
3.855888467386603402e-02
-6.688652206445466764e-02
-5.003257471491252134e-02
3.960839524624464036e-02
-6.575066421678445183e-02
5.010395129756730487e-02
3.863638009470996004e-02
6.698323702558041381e-02
-5.023717599258278876e-02
4.079413327337922529e-02
6.782445730899389069e-02
4.660939280907661075e-02
3.994671174312965090e-02
-4.484631256929667159e-02
-2.823924306992111471e-02
4.036310447521135325e-02
-4.347607900677842585e-02
2.673377260881491801e-02
3.989634271438120827e-02
4.434237539671602446e-02
-2.772083094001040124e-02
4.058260049550115045e-02
4.506605588285174380e-02
2.422438073656394894e-02
4.080230906589216167e-02
-2.941545999110141418e-02
-3.317391428298034888e-03
4.112531424036220545e-02
-2.921418723407772852e-02
3.301819481387445639e-03
4.121216807667286292e-02
2.952332471795405394e-02
-3.786056082516383800e-03
4.158840656831379323e-02
2.948045212948781357e-02
1.993223189104364676e-03
4.148705012997248170e-02
-3.000840189862626420e-02
-8.985128268684633782e-03
4.167949090780231208e-02
-2.977219076009787399e-02
7.996985348346656933e-03
4.165299080243001217e-02
3.024400890954950447e-02
-9.774408692399988094e-03
4.195652279119801292e-02
3.053210155616456825e-02
6.693115085031612309e-03
4.315103511779085771e-02
-3.064591442315784189e-02
-1.482201801220947752e-02
4.322134144904941910e-02
-3.071665470678289905e-02
1.383719578301662728e-02
4.306110996916104328e-02
3.136589899925098374e-02
-1.544052026795457271e-02
4.359761958729484188e-02
3.130983185725411122e-02
1.228443044796108559e-02
4.289592936766017245e-02
-4.773151730113869146e-02
-3.419107928475412228e-02
4.369584983753917184e-02
-4.686955981758653134e-02
3.373791623690908237e-02
4.297171492119359476e-02
4.779102978859625650e-02
-3.460880997673210918e-02
4.527001366565082396e-02
4.901451273027301880e-02
3.186365460182138953e-02
4.507590465235553068e-02
-3.275585685572880712e-02
-2.089204424427276025e-02
4.588443978884432922e-02
-3.210577494493863093e-02
2.028122440758917469e-02
4.536696054638365838e-02
3.306858660617992968e-02
-2.176713736938258245e-02
4.584724454793114023e-02
3.338836193151726445e-02
1.805093451907353180e-02
4.625439152681721372e-02
-1.992419725519251061e-02
-3.099816328002364448e-03
4.602491278588578122e-02
-2.085640056324528785e-02
2.817247871116403558e-03
4.631423708994513583e-02
2.061152763785928030e-02
-4.131594968544068450e-03
4.659591701503041500e-02
2.072891206918827528e-02
2.140106677910125731e-03
4.690360179758984449e-02
-2.079019495735374284e-02
-9.141097596978007764e-03
4.709915902024842255e-02
-2.058797765959710646e-02
7.748092330052467822e-03
4.700621355882102226e-02
2.093497519778649701e-02
-9.673568526034858478e-03
4.733527051230292798e-02
2.115023715712308419e-02
6.810750962909088366e-03
4.685238637617333141e-02
-5.213554661316418398e-02
-4.176256115073642694e-02
4.776715495390049943e-02
-5.109683907149036725e-02
4.136140640377668903e-02
4.745128821286408866e-02
5.236703446275610407e-02
-4.253935618712188782e-02
4.829251825389789532e-02
5.353175661690116882e-02
3.799925677166919591e-02
4.807643931108736279e-02
-3.497865462281991161e-02
-2.732270671944329529e-02
4.871548910500636542e-02
-3.433538531631818297e-02
2.636059943582481566e-02
4.822599493401204945e-02
3.506330357624717203e-02
-2.775533461982852834e-02
4.903273824010054294e-02
3.572602723088977306e-02
2.416265598876870049e-02
4.800496594597222083e-02
-2.208060954377204926e-02
-1.454277346178893190e-02
4.880321455623148896e-02
-2.122092651898623700e-02
1.355074206108640954e-02
4.855048108625512060e-02
2.181006645835551622e-02
-1.550390934244468520e-02
4.899601701149924882e-02
2.192218214896268086e-02
1.240764312930409292e-02
4.939573214598606127e-02
-1.037243233742857901e-02
-3.658017173668024358e-03
4.949024670651591684e-02
-1.035099981638530620e-02
1.885044150149293172e-03
4.946238685797995499e-02
1.052863080681959093e-02
-3.994741210427349594e-03
4.986183715449767767e-02
1.013834125126811779e-02
2.190661006236891643e-03
5.025224167321822727e-02
-1.062867051838078253e-02
-9.290965274141577482e-03
5.034920363909414776e-02
-1.077887416787953571e-02
7.531155595815801525e-03
5.019854292682039004e-02
1.106375926561245157e-02
-9.654263825978160601e-03
5.046182709007141637e-02
1.146789162491070914e-02
7.060091382446046296e-03
5.054713981587675292e-02
5.620584447294850683e-05
-4.187660012090349722e-03
5.068730838689827767e-02
1.125177776364673116e-04
1.657106864310266573e-03
5.080072232067920496e-02
-2.192796119895164958e-02
-2.013467201099223419e-02
5.142740417682441223e-02
-2.225189118799955623e-02
1.960389173875175597e-02
5.112443833688453537e-02
2.277172109217882184e-02
-2.138313792265387342e-02
5.168759334327786836e-02
2.314012382042182625e-02
1.822338704676184501e-02
5.135283319418984527e-02
4.940879357440429486e-04
-9.407593994767675036e-03
5.166137628980969204e-02
1.510647511780155851e-04
7.223922938960221883e-03
5.165734531046007466e-02
-5.740672886006283754e-02
-5.006231765365466713e-02
5.266374313572064897e-02
-5.623306476650699604e-02
4.972505682394638693e-02
5.172056832319910091e-02
5.745325781339954280e-02
-5.012298351764011423e-02
5.334117265174039002e-02
5.895775748322187176e-02
4.608650997640695302e-02
5.190737841400669406e-02
-1.103583155503763680e-02
-1.508850119593510043e-02
5.237445365689962634e-02
-1.119943433748349544e-02
1.375808294582171222e-02
5.208064261086468166e-02
1.036591065964269018e-02
-1.538508176234898613e-02
5.245196549744846060e-02
1.131101188642610368e-02
1.267977199673921314e-02
5.184777093670541598e-02
-3.860826531678544088e-02
-3.488761905995732548e-02
5.257127463976719872e-02
-3.688039130182832470e-02
3.304684977408313407e-02
5.200491320118044714e-02
3.757147357180372349e-02
-3.427760562543846062e-02
5.332445655839596760e-02
3.989140878994686112e-02
3.164031400981286157e-02
5.311675905377512968e-02
1.591029107268435443e-04
-1.526959017992120769e-02
5.347855862810575039e-02
3.958751201604537851e-05
1.285081211653200071e-02
5.433571075153891677e-02
-2.423556200601046512e-02
-2.739581869006026474e-02
5.495604371027552892e-02
-2.364071488440442140e-02
2.601813591068939321e-02
5.444022623441033965e-02
2.422578633494559472e-02
-2.773755390898066664e-02
5.523995253021306284e-02
2.482264056190896379e-02
2.438384427541045660e-02
5.460714920384911186e-02
-1.164653272285002227e-02
-2.110146185491966128e-02
5.511288016816166813e-02
-1.122086728419453144e-02
1.925661329154332302e-02
5.470369527823609052e-02
1.162056023814067585e-02
-2.129581214674376721e-02
5.533283293196455954e-02
1.198836153865157073e-02
1.855207865958981295e-02
5.595332000944551465e-02
-1.594351724501123980e-05
-2.132540674322394234e-02
5.643264128226502252e-02
3.739044129237426061e-04
1.888489739599882519e-02
5.665644019717637481e-02
-4.123295069007017893e-02
-4.173219878242027947e-02
5.764682416663609310e-02
-4.027624828192240269e-02
4.092262194279876891e-02
5.553785621211097812e-02
4.132702223594929281e-02
-4.086174374967400935e-02
5.829289888086210125e-02
4.251329451840811513e-02
3.784673155911751075e-02
5.820474021057656100e-02
-1.242416361299331605e-02
-2.749724386577907798e-02
5.867319321892151829e-02
-1.242017617787481362e-02
2.556612103270505115e-02
5.828895347070953137e-02
1.166667968237041636e-02
-2.759617947235032398e-02
5.880731510186143485e-02
1.342772197289511353e-02
2.471944292392992681e-02
5.901140678266082740e-02
-2.567909302247978198e-02
-3.457250878993143456e-02
5.975420935063145006e-02
-2.552502125477871045e-02
3.328706812973578760e-02
5.863770501632893650e-02
2.606675512152539440e-02
-3.428987714677945997e-02
5.987942213299800309e-02
2.700469770883106094e-02
3.096210285873450194e-02
5.955274250403343878e-02
1.340991221207055205e-04
-2.762417499957974670e-02
6.031406233731970157e-02
4.910401880839561665e-04
2.519230701646633236e-02
6.245515927606844209e-02
-4.542440494905666815e-02
-5.004160158281541898e-02
6.352208623083453742e-02
-4.430623982403969485e-02
4.927251788748968769e-02
6.254904549839981898e-02
4.542871220244941444e-02
-5.017564820914060392e-02
6.438346737175656975e-02
4.690886215071754517e-02
4.585447844349232333e-02
6.282102400244435336e-02
-1.341866131469339300e-02
-3.441214301093654948e-02
6.375366695912960957e-02
-1.269876595897737395e-02
3.247520845464926809e-02
6.293750357155043773e-02
1.335449630949723902e-02
-3.448907638823522220e-02
6.396583891071033756e-02
1.406812850837437477e-02
3.143715801374546287e-02
6.404400773179043382e-02
-2.857562058583817607e-02
-4.182402085074328479e-02
6.504449096469304414e-02
-2.763717262377973771e-02
4.046898593038252001e-02
6.415703697993885291e-02
2.856057987412565988e-02
-4.198679191559746143e-02
6.554003911692059259e-02
2.958873994033220031e-02
3.824942917951586890e-02
6.406635528570858718e-02
2.783810689331013772e-04
-3.414025097753613236e-02
6.528281514221920268e-02
6.707644095329421893e-04
3.204019874707457471e-02
6.862636957253133441e-02
-1.464824822557488256e-02
-4.188558387253933646e-02
6.968358152053097387e-02
-1.373124327548896732e-02
3.999678727241396531e-02
6.866749122151218077e-02
1.455588659124220849e-02
-4.193570141729870138e-02
6.997204507547273578e-02
1.548928498938739046e-02
3.880328754877968717e-02
7.016578839425152703e-02
-7.254463273483359172e-05
-4.188373600262811774e-02
7.030540415721971137e-02
3.718029690401178041e-04
3.829720401168495991e-02
7.056144979210593471e-02
-3.145861084597097873e-02
-5.010340836902540257e-02
7.169291714096864832e-02
-3.034468586578433977e-02
4.878020408922165152e-02
7.063207689272466006e-02
3.144666079367981065e-02
-5.021472014418737473e-02
7.222569699825388823e-02
3.275618658517988335e-02
4.634805986399201383e-02
7.557956001628586551e-02
-1.608998197737417091e-02
-5.015431537596183598e-02
7.658393846803053517e-02
-1.561249337454731316e-02
4.828482681972133539e-02
7.563186846495784099e-02
1.604634420253293545e-02
-5.013169851697154428e-02
7.710055637358149971e-02
1.726930691248965838e-02
4.695656976572832458e-02
7.720606710693976582e-02
-6.429783050672707029e-04
-5.013531256193600599e-02
7.860018021774237140e-02
1.109444083185000566e-03
4.772765737082308030e-02
5.377945552498620066e-03
-7.677294935152841754e-03
-6.081855089494803655e-03
-1.709215781254750863e-02
-2.317795400117972707e-03
1.479691254269912930e-02
-2.224158959137460118e-02
-2.658227306398153905e-04
-3.142447221877658209e-02
-2.359460879863323896e-02
-3.265244252159262700e-02
-9.976677145517186610e-03
-2.430539740186768091e-02
3.176887388088772690e-02
-1.087799021423336600e-02
2.431130943228202237e-02
3.217797311224458723e-02
-1.238876051972367422e-02
-1.275137710429729253e-02
-2.035025098072604233e-02
-3.716734809457486466e-03
2.996730779768582570e-02
-7.369076498464580821e-03
1.876265543944077158e-02
1.992158817761469775e-02
-1.756138756649925151e-02
2.798184750880882213e-02
5.005234550699687139e-03
-4.475841861060075172e-02
-3.444776536437049730e-02
-2.030062349364443464e-02
-2.234839100426267572e-02
-2.489880789860692348e-02
-4.456891738068476105e-02
-3.325115006058559225e-02
-3.967391773192331661e-02
-4.252010412718997684e-02
-1.345941203484154157e-02
2.710764478806959241e-02
-4.849021104865548076e-02
-1.807957035458790385e-02
4.020787235033148471e-02
-5.397151043460331893e-02
3.721076746192554172e-03
-3.776631602136255178e-02
-4.640590917156046935e-02
-7.662268200966707542e-04
-2.660012920261205227e-02
-4.514900984043528770e-02
2.831468665262005385e-03
2.502908469980128295e-02
-5.220211058549797251e-02
2.817108627202503067e-03
3.918478080600841518e-02
-4.910092763173486141e-02
2.105594839868632842e-02
-3.865973560437387102e-02
-4.269399470085458864e-02
1.435773695833914183e-02
-2.725246840789429664e-02
-4.987136534714119857e-02
1.947234300911794211e-02
3.901010353488695154e-02
-4.604033988166144481e-02
3.508225577936582851e-02
4.067939917683070783e-02
-1.429520809291887941e-02
4.174532803055994168e-02
-2.618798537829876080e-02
-3.324926059288951102e-02
-4.514388484510736127e-02
-4.029796074686788770e-02
-3.095894695731910354e-02
-4.462604443328521686e-02
4.089328086137732077e-02
-2.881089936454529765e-02
-3.348370206509034691e-02
-3.694379566929764658e-02
-3.103868843859555401e-02
-3.370444248704541901e-02
-2.394735368711930004e-02
-3.189947636964941824e-02
-2.984589024866566784e-02
2.426752742820243586e-02
-3.497239650165354097e-02
-3.171097630672697204e-02
3.751119943696430703e-02
-4.109419395858898011e-02
-1.799961621495047709e-02
-2.721238441509424635e-02
-3.547240790390960435e-02
-1.641055700121805613e-02
-1.063220464772229173e-02
-3.358818615148844583e-02
-1.950275762418966080e-02
7.554011303742482787e-03
-2.984946244813611177e-02
-1.343523523883184342e-02
3.689583662425741095e-02
-3.845577150873960570e-02
5.546935173958257755e-03
-1.043650405385579058e-02
-3.861608893786423746e-02
1.587176251807064170e-03
8.386865260150229776e-03
-2.946728223976959743e-02
1.342097452764837715e-04
2.518338851288256727e-02
-3.716991160823639173e-02
-1.950124536749640956e-03
3.650972687871414935e-02
-3.283484144522564457e-02
1.692333199231923005e-02
-3.757125577970392427e-02
-3.373892975177727321e-02
2.087450674146543173e-02
4.542090225766062458e-03
-3.872009717242083648e-02
1.930261422707748101e-02
2.445367529874237569e-02
-3.435019917241701609e-02
1.452660018381876118e-02
3.930353278540478501e-02
-3.662593954934994372e-02
3.653138137315301709e-02
-3.841908213126208477e-02
-3.205143131144968377e-02
3.174018064966608460e-02
-2.606652176148597025e-02
-2.945164173741686431e-02
3.484564819143005920e-02
2.353944258367032111e-02
-3.498241483557670839e-02
3.324772158218141510e-02
3.716815876437989941e-02
-2.987624103637379069e-02
4.639870144354576315e-02
3.805232846470423674e-02
-1.711269011460181053e-02
-5.076315235762334649e-02
-3.905009948535494851e-02
-1.535252423419020996e-02
-5.169325152671263440e-02
3.974090393486651857e-02
-1.743527024627651925e-02
-3.522700749989277763e-02
7.496131838992562552e-03
-1.564580880845378025e-02
-3.906128889928771331e-02
2.621651332278884111e-02
-2.074547110138777808e-02
-1.707520606691102782e-02
2.159752777181662628e-02
-1.582553251387838755e-02
-2.150584225838546651e-02
3.745451082146616928e-02
-1.474187183653982193e-02
-1.553758049332647044e-03
-6.790666623695943739e-03
-1.565451041244864810e-02
-3.708565697396653052e-04
3.504538683650460645e-02
-1.821664967240453278e-02
1.907595529055956460e-02
-3.826537497643510422e-02
-1.801691713060112748e-02
1.738474101837765573e-02
-2.026963613955402518e-02
-1.579967053094344376e-02
1.907241079092870245e-02
6.620103118922612655e-03
-1.522038605838274550e-02
1.883013898352111845e-02
2.443184412600159575e-02
-1.541937622117967900e-02
1.778123037196816317e-02
3.817506444413823474e-02
-1.771811525326328837e-02
3.672460706020352211e-02
6.503913793385703544e-03
-1.372250044039314588e-02
4.348358943702624463e-02
2.271037325659009537e-02
-1.723806681652145442e-02
3.638179722014209944e-02
3.646878434638577832e-02
-1.744417924863816624e-02
4.997190977922642829e-02
-3.901176914370221155e-02
-1.695019609985816411e-02
5.294377358236735526e-02
3.802337811546192131e-02
1.688513466371969899e-03
-4.596014791251508413e-02
2.621856789747318423e-02
2.071424251230800581e-03
-5.120301609771338303e-02
3.895011891788474623e-02
-1.086761781092116484e-02
-4.149223697097387253e-02
-2.524994568202900552e-02
1.741687052092326772e-03
-3.812509651343545108e-02
-7.211936106117507531e-03
5.405202303540311603e-04
-3.264030763885436559e-02
3.507728175982272739e-02
-2.631917286191005033e-03
-1.573377705624353154e-02
-2.931367859036208834e-02
6.315567821719624214e-04
-3.934162405848782434e-02
1.320666337349537568e-02
-2.596482308169217467e-04
3.694736923817140955e-03
-2.660345239694123301e-02
-1.620377561269656938e-03
2.070050451999237012e-02
-3.423359844389899792e-02
7.698100061255042093e-03
1.485086489374925871e-02
-5.079169336084239997e-03
2.831175452481429506e-03
1.427171125807356195e-02
1.718176207515723086e-02
3.702482103625124536e-03
1.872712793341893903e-02
3.719626813690343065e-02
-5.161376885143740493e-04
3.870534400093062627e-02
-9.852861241933640740e-03
-1.839570487953732670e-05
4.096568161438688543e-02
1.898414221578009417e-02
-4.462525556881664977e-04
3.325743866836882584e-02
3.480461494198949096e-02
4.547333060600026165e-04
5.456178500978411949e-02
-3.961740623543365258e-02
3.169769766501707390e-03
4.591058451619470931e-02
-2.881904010264068478e-02
5.887984956156408359e-04
5.028811714643071501e-02
3.280738106087591893e-02
1.780057174322659946e-02
-3.723011117503492728e-02
-2.053682154798180948e-02
1.801095245156586130e-02
-3.521825047177130907e-02
6.650570339034908400e-03
2.255472880047293752e-02
-3.617070015789492637e-02
2.314077756934214067e-02
1.736494068687587794e-02
-4.172691239938765978e-02
3.768019900575138997e-02
1.864180385447460758e-02
-1.674734458839444856e-02
-2.379286778452925979e-02
2.012550594531644851e-02
-2.202313929303571088e-02
-4.498419603458552254e-03
1.849387993440606420e-02
-4.939588772986565346e-04
-3.620303745692192432e-02
1.413446804420342637e-02
-8.461726635678891830e-04
-1.962335341595979055e-02
2.061058385592086373e-02
4.781838786165092288e-03
1.109846366371316714e-02
1.903086790383798355e-02
6.490120259603647437e-04
3.275047208431210860e-02
1.827575264328276661e-02
1.707290922407215736e-02
-3.875941542466915246e-02
1.438918006295726408e-02
1.585411616868697207e-02
-2.284153811456824182e-02
2.327270201824175461e-02
1.835919430830595944e-02
3.258257682199259403e-02
1.810755042347913374e-02
3.902768229921332183e-02
-2.623511319860116417e-02
1.681516412215454739e-02
3.652403956125990087e-02
5.706967524230451005e-03
1.706939769158189943e-02
3.898224449120512441e-02
2.534006677746636696e-02
3.243956553315754249e-02
-3.537598244503321193e-02
-2.771869740174042612e-02
3.386194304483429451e-02
-3.980444410726777932e-02
3.878226023151767204e-02
3.800043737870224814e-02
-1.807129217846259808e-02
-3.687441600476995540e-02
4.068431733203805439e-02
-1.812916838250439727e-02
-2.366947880046548283e-02
3.546953743788693741e-02
-2.041778467783300285e-02
-1.078017810318675912e-02
3.446563357591964777e-02
-2.158044693277721970e-02
6.912701077183817759e-03
3.943911228967589278e-02
-2.050181848636992502e-02
2.721222010295554911e-02
3.476828940092140802e-02
-1.236681955205405333e-03
-3.991568622526564525e-02
2.991237589567667318e-02
-2.182656042395198729e-03
-2.609521848655199303e-02
3.698865128553046472e-02
3.176372858150953733e-03
-1.155969020363156220e-02
3.996634773018332282e-02
-1.764139731766803257e-03
5.723609475703246054e-03
4.453096463476383104e-02
1.137882625155220559e-03
2.364833423550122618e-02
3.653455364694203206e-02
1.397753302362162407e-02
-4.034320954822066124e-02
3.874265466996889423e-02
1.788407874160801575e-02
-2.535697995646412489e-02
3.472462263970613194e-02
1.905861194423653926e-02
3.888837130683106286e-03
4.077344099371402186e-02
1.879032409254914257e-02
2.429680825324474075e-02
3.156319798264208693e-02
3.616906192018979477e-02
-3.695780817293125436e-02
3.259648640296979732e-02
3.563859364199809671e-02
2.138578345526147631e-02
3.538098559038518193e-02
3.683064265597608272e-02
3.431884875752388986e-02
4.665777216561547980e-02
-3.218993848829353188e-02
3.806956073235738536e-02
5.284302247129446517e-02
1.702196768204981402e-03
-3.909052489321075685e-02
4.608638297669023776e-02
-6.724211972820228356e-04
-2.567283532451480541e-02
5.155131567150214589e-02
1.817995147880005491e-02
-3.793971611638530250e-02
1.045005117636489201e-04
3.690949269197150301e-02
5.378385992984517812e-03
4.674013548875981944e-02
3.075761822990184108e-02
-4.026261263148834396e-02
-5.465854346620443310e-02
3.138385626410984675e-02
5.015350626504019166e-02
-4.931390834949854474e-02
4.357347388477150751e-02
4.994906776073489846e-02
-2.186646179824128233e-02
1.336753550480136374e-02
4.973359423810478491e-02
-3.693609679413736163e-02
2.914063618530684033e-02
4.979373971528652104e-02
-3.549952454044477679e-02
4.422006064554837024e-02
4.964921581460736422e-02
-2.326830915068071534e-02
4.369605686505871611e-02
4.939220435469322823e-02
-1.552688099307691916e-02
3.462013821880947223e-02
4.933213388521187626e-02
3.465351312059790530e-03
6.333656348250740753e-02
-5.032990339080246900e-02
1.405660858614709088e-02
2.493769952681678531e-02
-5.049455356152853652e-02
1.682215489978591480e-02
5.049990918082406660e-02
-5.050968838331358624e-02
4.599138519731150315e-02
5.026451663265171788e-02
-5.031397101736432426e-02
2.506892972262708685e-02
5.607532986206654677e-03
-5.038827868066712151e-02
3.373101042473856254e-02
1.680158937482635270e-02
-5.050173564725919662e-02
3.476869340443253242e-02
4.653252424092857442e-02
-5.049989669080164750e-02
4.809181882613978998e-02
3.473997919379776672e-02
-5.040879311010946356e-02
2.460569330152853618e-02
1.970439877441982138e-02
4.816353964554581646e-02
1.745258538754692473e-02
3.491113090301201788e-02
4.807742700302747307e-02
1.830998511464200507e-02
5.175112081267001923e-02
4.771475572134789567e-02
3.713374456751317165e-02
4.202551889195692281e-02
4.680279070475882458e-02
-2.399673463663527795e-02
2.799028528890525752e-02
-5.019705994728208137e-02
-3.738589844891485742e-02
4.625727685539355455e-02
-5.016490134333481676e-02
-1.118448840060510922e-02
1.614687021489978266e-02
-5.024996405045365627e-02
-3.555792033318213533e-03
3.610031347173092708e-02
-5.038389057882981109e-02
-1.470789924906532910e-02
5.447421971452846151e-02
-5.032826026368222155e-02
-2.939735960871737649e-02
-5.291894198450109582e-02
5.071973710043655575e-02
-1.127890692280148974e-02
-6.723729119843142865e-02
5.069363780837109201e-02
-2.423261857228274814e-03
-5.840521551880574480e-02
5.044263456803511209e-02
-1.643798301121384559e-02
-5.368804324852292226e-02
5.055165239366465196e-02
-1.587369634409218494e-02
-3.673445880038550548e-02
5.030239989475228379e-02
-1.985415960848543881e-03
-2.130935603581791959e-02
4.986387231036824158e-02
-1.783843424662608090e-02
-9.874944881099710636e-03
4.999320211662832553e-02
2.568460353148944823e-03
-1.642751897941262945e-02
1.959847659998930139e-02
-2.353537164769982717e-02
5.723960424364330640e-02
4.923343006797056831e-02
-5.264221456937891175e-02
-1.773729102781329559e-02
-4.986625612097832227e-02
-3.766506597574974941e-02
-3.434826569667365909e-02
-4.986984082874064417e-02
-2.072646153456011650e-02
-1.624516012119532615e-02
-5.003282656653761790e-02
-1.650556388912411201e-02
2.112603372359965568e-03
-5.012050760371850738e-02
8.490430875001994779e-05
-5.707861379188323980e-02
-4.995827502813600385e-02
-5.166473852615036230e-05
-3.364817968067238679e-02
-5.005245662241121496e-02
1.679737767718668395e-02
-5.043403008553257183e-02
-5.001464584616937409e-02
1.987250595321500210e-02
-3.081071166598418551e-02
-5.014076515232566977e-02
1.250305685346852699e-02
-1.676544985151777467e-02
-5.018544511501822625e-02
3.312250147960230789e-02
1.568144526240304853e-03
4.854992969226417515e-02
5.217842286771481181e-02
1.218547628021902874e-03
4.810593796165609642e-02
5.233851643606766274e-02
2.072926165956920710e-02
4.706282264566187534e-02
2.184765890806789849e-03
1.737117343045118875e-02
4.910948327151846288e-02
1.416240078734694579e-03
3.476410561467052629e-02
4.882651512183883852e-02
-5.023066231400018580e-03
5.540729209095667657e-02
4.868479707194823397e-02
2.305166843844845548e-02
-6.540617364507923283e-03
-5.029365062343697790e-02
3.428650704976340946e-02
-3.980042155442771457e-02
-5.014872453310938172e-02
3.369898305671314986e-02
-1.688425553364423376e-02
-5.029728923918307809e-02
5.215937843572437255e-02
-3.616552024761510165e-02
-5.013794508733860483e-02
3.470747075457724512e-02
-5.463318417284736966e-02
4.996183457607122902e-02
4.697502103560846631e-02
-4.192359860158473978e-02
4.947353627071785637e-02
1.819098208287868446e-02
-5.194745108913772363e-02
5.011532206579117493e-02
1.929515460645021829e-02
-2.002601619086199353e-02
4.952296125494938528e-02
3.134322480662542210e-02
-3.558843856720027982e-02
4.959755437252643534e-02
5.151429021625656551e-02
3.908934282042381830e-02
4.636010401761735816e-02
-5.811605342515077655e-02
-1.700170628372276718e-03
5.050933049448384088e-02
-3.415367424534059004e-02
-1.981768710110031265e-02
5.035062498269369385e-02
-3.254955618966369479e-02
9.784290647199404053e-04
5.009488202709252991e-02
-5.994945669269364369e-02
1.869450350999008956e-02
5.036622885430033086e-02
-4.435972272722479154e-02
1.593282105090052664e-02
5.009158003627442457e-02
-3.444866209642989674e-02
-5.340651945961674696e-02
-4.989212748381816748e-02
-1.577557172210579395e-02
-5.448324110581579532e-02
-4.990446018043847437e-02
-1.947623513124509612e-02
-3.686874260244311224e-02
-4.991401738025608853e-02
1.335332678679401405e-02
-6.721861069358603391e-02
5.042374375633242728e-02
9.208262261984782870e-03
-3.737974676000369034e-02
4.996650530752307778e-02
-5.013080365892060714e-02
3.359728044278878500e-02
-5.004691163927732500e-02
-2.729080878836985524e-02
9.519069341156241940e-03
-5.008541066610287806e-02
-3.897803920509017306e-02
1.983875346288214991e-02
-5.006403523841976982e-02
4.334832310630373775e-02
6.559992562599255977e-03
-5.040631807514020513e-02
5.232995578647644391e-02
1.842690795449703975e-02
-5.038059629724320199e-02
6.310312309380496087e-02
7.647990762548316501e-03
-5.027739460820574574e-02
3.372511026304950837e-02
-5.378364553449162104e-05
-5.038904116055923504e-02
4.292743487609236575e-02
-6.283179386507790898e-03
-5.030114777625122047e-02
5.181074713184462277e-02
-1.937691319960868630e-02
-5.024003613231815824e-02
-5.821953266699240320e-02
-2.189609192989256520e-02
5.073395592169986645e-02
-4.736807924331949693e-02
-3.434556144027517410e-02
5.071821693133004433e-02
-5.577207995460304463e-02
1.623854642622426028e-02
-4.998573241837934999e-02
-4.144966553677181115e-02
9.385507748518222629e-04
-4.998488859358407588e-02
5.192681847699345127e-02
-1.561688921102745951e-02
4.866638332230874275e-02
6.102831016084087068e-02
-5.759976836269915280e-03
-5.030422455747873139e-02
