-7.725803455596411129e-02
-2.107029504418020701e-06
-5.014119027676613299e-02
-7.747990473341118123e-02
-5.147370995279416489e-05
4.928488227466918531e-02
-7.555610626920239437e-02
-1.605336604619643504e-02
-5.009686517369612430e-02
-7.578822349476520281e-02
-1.610933363885433400e-02
4.929968734636566013e-02
-7.555443990349006156e-02
1.605656197148075393e-02
-5.008654852200973562e-02
-7.579187827189190485e-02
1.600381493502206834e-02
4.927354474150772573e-02
-7.057469526816136096e-02
-3.142009454529180040e-02
-5.009267440014884831e-02
-7.080729658597430254e-02
-3.147091608479551939e-02
4.928914530846492670e-02
-7.055967174255527163e-02
3.142184211305384944e-02
-5.008256371718933231e-02
-7.081895543880974142e-02
3.136431823489289200e-02
4.928430702419724779e-02
-7.011206118555828037e-02
-3.863929544782848170e-06
-4.185804557467586590e-02
-7.031321945700227949e-02
-5.316624151564316997e-05
4.094699554686786341e-02
-6.858662157771225343e-02
-1.458659893413488326e-02
-4.182798969812996648e-02
-6.877740267592569179e-02
-1.461708198953382172e-02
4.096375774467614361e-02
-6.856709043371311818e-02
1.457007616819845468e-02
-4.181068391314134158e-02
-6.791780631289606740e-02
1.513716977684540117e-02
4.012849401332178184e-02
-6.411134031498533226e-02
1.530853791906925602e-04
-3.419633300046337476e-02
-6.415427297369082071e-02
2.305338184093481003e-04
3.302802631522144816e-02
-6.403693785112619941e-02
-2.852758681361645607e-02
-4.183023828320611009e-02
-6.425729248860585774e-02
-2.855813980368642271e-02
4.095967762845745264e-02
-6.404646676967230834e-02
2.851208539184861904e-02
-4.179523044534243920e-02
-6.427135917276233235e-02
2.847123943510484687e-02
4.095958851743745910e-02
-6.279099895775981655e-02
-1.334657164844049552e-02
-3.432081486764896466e-02
-6.299078777871337798e-02
-1.338592626451243738e-02
3.336224097896702684e-02
-6.281225371372442523e-02
1.334302440891506521e-02
-3.427703296648297593e-02
-6.299812140458364851e-02
1.329718214972405201e-02
3.334290282989049725e-02
-6.249989946286550052e-02
-4.541683407176003162e-02
-5.011137486062051949e-02
-6.273090767148818692e-02
-4.546256383782823485e-02
4.927566818953137834e-02
-6.248666053160949196e-02
4.540335741894306609e-02
-5.006361955788084933e-02
-6.275444590462846139e-02
4.536283516527283427e-02
4.931168592834596354e-02
-5.948770482714210717e-02
4.592754657408937508e-04
-2.752733665607046479e-02
-5.960721268288108471e-02
-4.200929651439898229e-05
2.636101026263022382e-02
-5.865305776580895941e-02
-2.611118693271981261e-02
-3.429516049890292406e-02
-5.903917808614033563e-02
-2.579205080169185565e-02
3.342066471057324184e-02
-5.865183973598291078e-02
2.611459138824619164e-02
-3.426319049021436802e-02
-5.908875525960596842e-02
2.595531214793631025e-02
3.359130341093678057e-02
-5.794398806904030308e-02
-1.167458676879917258e-02
-2.692804344075615253e-02
-5.842345366518217342e-02
-1.289024899111232240e-02
2.674279179974253795e-02
-5.813035459796072474e-02
1.234532276627411940e-02
-2.736119734095008790e-02
-5.838106653859256867e-02
1.154432133048468624e-02
2.637246708088707495e-02
-5.611516938998006854e-02
-4.077467270618013312e-02
-4.087898355729372574e-02
-5.692743048479887574e-02
-4.124903821220175792e-02
4.094287168623496342e-02
-5.621502810219635576e-02
4.004312359624574019e-02
-4.048062606736013702e-02
-5.736253956581066626e-02
4.087574305287370452e-02
4.124131887026773885e-02
-5.591618382874526810e-02
-8.747514760841184044e-06
-2.126451168138049699e-02
-5.593591005894128776e-02
-3.766436377204784131e-05
1.997270852625307805e-02
-5.451371616047199359e-02
-1.158881826822612433e-02
-2.094376850557334857e-02
-5.467292512634362028e-02
-1.161591886249019843e-02
1.986633224195421057e-02
-5.450524491465319477e-02
1.157156589639404126e-02
-2.091415420412418014e-02
-5.464992064604644317e-02
1.154091644603834170e-02
1.987749222551547443e-02
-5.428672405186241862e-02
-2.415931666155898480e-02
-2.737890896531472440e-02
-5.448180162665027665e-02
-2.422216291035333285e-02
2.636332459780314427e-02
-5.428410893997860642e-02
2.415971585034773841e-02
-2.734967854687558181e-02
-5.447411579797498127e-02
2.413638695240994531e-02
2.638026023058988659e-02
-5.306415599038109138e-02
4.898394616166577105e-04
-1.518928670571082114e-02
-5.307228565889241662e-02
-2.429713895547803623e-04
1.372136015201749250e-02
-5.194908103040374314e-02
-3.773766148322055952e-02
-3.428831942631484914e-02
-5.212696600584504347e-02
-3.777034084989439738e-02
3.335741677909026537e-02
-5.193404903358623398e-02
3.773140409454429911e-02
-3.426081556357422897e-02
-5.214380283189608278e-02
3.768515876219388078e-02
3.339424687403953068e-02
-5.181747347215865523e-02
-1.101620373764164267e-02
-1.488121203564307313e-02
-5.194099808745770291e-02
-1.177262415456562135e-02
1.422205480611729231e-02
-5.187923628274097171e-02
1.150401656708837338e-02
-1.533848701619269263e-02
-5.204887554773496294e-02
1.130304475777684295e-02
1.422157752166876461e-02
-5.167908452707579980e-02
-5.740499805646887693e-02
-5.007482205250473467e-02
-5.191974385718529234e-02
-5.746629009292604506e-02
4.928856950917363117e-02
-5.167248571057471429e-02
5.739543804980287017e-02
-5.007234226723633608e-02
-5.195505880716698444e-02
5.736773212955075668e-02
4.934037829739465475e-02
-5.121759804820549128e-02
-1.144434309172345210e-05
-9.051145584617989459e-03
-5.123746937777710203e-02
-1.455818132120128259e-04
7.683266325931218006e-03
-5.126663239272281902e-02
-2.282018844492710377e-02
-2.160650106732005943e-02
-5.120225246908473998e-02
-2.323891144789207164e-02
2.054874474269835494e-02
-5.143832115819201717e-02
2.278664430353475462e-02
-2.186387970965673541e-02
-5.107598064121059156e-02
2.262808261548867467e-02
1.988188293869151690e-02
-5.033401047814817231e-02
2.642508603873320698e-06
-2.924282195477528098e-03
-5.044942437397315071e-02
-1.392162146777499454e-04
2.780634316594968267e-03
-5.009991692418094139e-02
-1.065216117915363490e-02
-9.053238285608592242e-03
-5.017499821047824438e-02
-1.066666182219042601e-02
7.922845399190914240e-03
-5.012760307934219922e-02
1.047312089868617478e-02
-9.076510477092090967e-03
-5.016462538667481458e-02
1.060953915299773717e-02
7.927921575156621214e-03
-4.923587240821161032e-02
-1.047005697718305685e-02
-3.381779103700689650e-03
-4.927683046372320630e-02
-1.048142525939153510e-02
2.240053605577166200e-03
-4.922298933280015026e-02
1.042879702443204847e-02
-3.367153174712833510e-03
-4.926379522130773514e-02
1.043252899930072024e-02
2.250753820719487465e-03
-4.839475935865150680e-02
-2.154112673466560685e-02
-1.486783334457092431e-02
-4.852664041384967958e-02
-2.157414382647375450e-02
1.375956433580016909e-02
-4.839357189781573476e-02
2.152364353729400645e-02
-1.483469657735440698e-02
-4.853186015436236622e-02
2.151973348625770346e-02
1.377645939673369582e-02
-4.808070523236038230e-02
-3.492667862614306368e-02
-2.737304172627673046e-02
-4.825031234391636420e-02
-3.496172270820889494e-02
2.637381813042223230e-02
-4.806873922374941405e-02
3.492040072747060186e-02
-2.733116126976055035e-02
-4.825023220355655063e-02
3.488525866895810651e-02
2.642272033781925544e-02
-4.691663880035680523e-02
-5.209508096647819109e-02
-4.180213597287560368e-02
-4.712045894778942035e-02
-5.213792583224907684e-02
4.095593378633197168e-02
-4.689981726713909199e-02
5.210187657857905108e-02
-4.178566707114501899e-02
-4.715198359844711279e-02
5.205059985059794225e-02
4.100671924401206453e-02
-4.679010752480240037e-02
-2.082640644550266124e-02
-9.044071474614237549e-03
-4.686402182572247527e-02
-2.083996715348399725e-02
7.926728925925177749e-03
-4.678202920786053709e-02
2.079765853198476885e-02
-9.009588242212021938e-03
-4.684926181854580374e-02
2.078639535261153984e-02
7.947639123943551001e-03
-4.598540220866174921e-02
-2.046042620582123189e-02
-3.375028229495343271e-03
-4.602907103860370830e-02
-2.047547961304213224e-02
2.244466905949850377e-03
-4.595422729815604873e-02
2.048109915219516186e-02
-2.889588657348435459e-03
-4.601544400645911359e-02
2.042516779559497286e-02
2.277952551754730201e-03
-4.509099005294262691e-02
-3.274851646232417035e-02
-2.092559536243876472e-02
-4.537262763460644943e-02
-3.332201530471744916e-02
2.070583583995115953e-02
-4.525852340864870704e-02
3.347848135418927951e-02
-2.196931105780661544e-02
-4.522727595967829944e-02
3.271761334066600191e-02
1.992976859177739840e-02
-4.297163206931126772e-02
-4.826413908832444255e-02
-3.484312297241685952e-02
-4.315119131154887544e-02
-4.775007482524763758e-02
3.335600669794434175e-02
-4.294675335829811758e-02
4.770521896503198550e-02
-3.425379450855552815e-02
-4.317825267228644903e-02
4.821484099147969188e-02
3.400297756639542729e-02
-4.286722399755478474e-02
-3.112778589785499331e-02
-1.485681832411374012e-02
-4.299139720460123937e-02
-3.116321859307673303e-02
1.377325130420132410e-02
-4.286337218699888540e-02
3.111354382810815541e-02
-1.481136320332666380e-02
-4.316564848013017958e-02
3.078774490593632826e-02
1.381034503291945006e-02
-4.144524095264411762e-02
-3.009218421498166193e-02
-9.029533670139880397e-03
-4.151308342527269823e-02
-3.010373248747413508e-02
7.939690255809012109e-03
-4.143451095684905910e-02
3.006311322449043213e-02
-8.983065124614303398e-03
-4.149295278378267726e-02
3.004829132513483006e-02
7.981569862377847074e-03
-4.073321353723180493e-02
-2.956192913208141940e-02
-3.358545715782595194e-03
-4.077213025904559418e-02
-2.957833763550353837e-02
2.258726914820089870e-03
-4.072554261428850547e-02
2.953664151269946858e-02
-3.309529121612174614e-03
-4.075106695165942039e-02
2.953469534070404454e-02
2.307446144607609197e-03
-3.977044287582075233e-02
-4.416102603710380520e-02
-2.735221413143426594e-02
-4.053413489745303494e-02
-4.429483663801734444e-02
2.711634685950490772e-02
-3.975674256572707399e-02
4.415006243573284250e-02
-2.731993189718368020e-02
-3.995565674048392329e-02
4.411877889791163826e-02
2.644757248046690490e-02
-3.861050813536182763e-02
-6.689235722844742715e-02
-5.006441354536495664e-02
-3.885694489431108095e-02
-6.695350713070891135e-02
4.929100507698977451e-02
-3.861412875586062166e-02
6.689132253411844697e-02
-5.008862964914741894e-02
-3.889915111752300508e-02
6.687100426852721213e-02
4.937020314553582784e-02
-3.704792645725113465e-02
-4.199834248752908755e-02
-2.149368009126575302e-02
-3.758697028772193388e-02
-4.160678543565331233e-02
2.029499259668436292e-02
-3.725178614520537057e-02
4.196645995101971199e-02
-2.164043583008860502e-02
-3.755905037018407444e-02
4.166805322113881910e-02
2.050836307373692796e-02
-3.545852605104769795e-02
-3.934991461125743328e-02
-1.483719259283345498e-02
-3.502742216399642311e-02
-3.973581632180753220e-02
1.368232800394571583e-02
-3.545928726084275617e-02
3.934347841915433047e-02
-1.479526510009631333e-02
-3.502086987727275752e-02
3.967692715916310009e-02
1.374289441214226505e-02
-3.504818895335452822e-02
-6.069758906616853911e-02
-4.179939433689570244e-02
-3.544824852170115614e-02
-5.963785963202478807e-02
3.995242627524361184e-02
-3.468211051716540982e-02
6.078669721422107208e-02
-4.171017279842514219e-02
-3.529893081260518373e-02
6.067897331893858104e-02
4.104250144624624341e-02
-3.427930580299428515e-02
-3.803475455442891645e-02
-9.013462362468470032e-03
-3.434530858223053262e-02
-3.804417863439992636e-02
7.956651650102765372e-03
-3.428089705024565947e-02
3.801945352718501259e-02
-8.968321812389564926e-03
-3.432656103298432904e-02
3.799137159496193683e-02
8.011860383061125343e-03
-3.368677150147718347e-02
-3.736241603906244324e-02
-3.345316574517235957e-03
-3.372449544617466682e-02
-3.737905292071883046e-02
2.275823392583363122e-03
-3.368364591961137133e-02
3.733555150591454097e-02
-3.295054732735202326e-03
-3.371163710466677094e-02
3.733920995774262647e-02
2.329178400753877023e-03
-3.163191488253957323e-02
-5.587992800564333534e-02
-3.434149687839395393e-02
-3.228031373146348498e-02
-5.563160020274608708e-02
3.337346905932955105e-02
-3.209234355877511879e-02
5.558440315585099628e-02
-3.426142444293710232e-02
-3.232425591489757749e-02
5.557124786807551842e-02
3.345126522439517691e-02
-2.971801488142871220e-02
-5.145820251433331355e-02
-2.734603871584003268e-02
-2.987562257321938614e-02
-5.148995434912142372e-02
2.640130116867133933e-02
-2.970696159504892034e-02
5.144241578245527940e-02
-2.732238870411039799e-02
-2.991514975082237154e-02
5.143064307540905211e-02
2.647975972278227702e-02
-2.787444250601313692e-02
-4.824068657375300828e-02
-2.089573858836998865e-02
-2.800122463639285325e-02
-4.827550066521935079e-02
1.991279450827904487e-02
-2.786694087574400833e-02
4.823213659978588252e-02
-2.086317632544662862e-02
-2.801106113867556091e-02
4.819535619463959086e-02
1.999344128778208704e-02
-2.650352286085630102e-02
-4.585380275723291432e-02
-1.481772511533696775e-02
-2.660555738668308329e-02
-4.589261874851104095e-02
1.380649827872650406e-02
-2.650332472572757003e-02
4.585180186881781389e-02
-1.477804800999416024e-02
-2.660176624086445576e-02
4.582150818528683833e-02
1.387830549070416877e-02
-2.531544125987619798e-02
-4.471307201748229293e-02
-9.779445566419723082e-03
-2.550856237553717279e-02
-4.440904342533131405e-02
8.003641485934505015e-03
-2.577310915596197488e-02
4.433664237387355961e-02
-9.344568151008415119e-03
-2.524688398850629539e-02
4.446713633424925760e-02
8.070561166321267924e-03
-2.518625525325571268e-02
-4.353527379247233015e-02
-3.322102861459513053e-03
-2.521763354258602444e-02
-4.355289722737562541e-02
2.297774313697813209e-03
-2.518345709310946048e-02
4.350562517063251422e-02
-3.270136588656829321e-03
-2.511670751792134670e-02
4.369382532159359761e-02
3.199676400037502512e-03
-2.386678992842155775e-02
-7.345416175545452231e-02
-5.007642487776510498e-02
-2.409961192811681946e-02
-7.351341567706747016e-02
4.934942640279414705e-02
-2.385794278901820498e-02
7.344769829986655396e-02
-5.006466493633910525e-02
-2.414645199923771968e-02
7.344966057213021815e-02
4.939168451060627074e-02
-2.166215070752491867e-02
-6.666896313381616423e-02
-4.179370248031331198e-02
-2.187376919190416394e-02
-6.671795230402012555e-02
4.101211222673552259e-02
-2.165698711237421664e-02
6.666001690305924099e-02
-4.177775091552652503e-02
-2.190993725692681054e-02
6.665110957265112102e-02
4.105610586499867931e-02
-1.984056437492370123e-02
-6.105629418788458690e-02
-3.425657981140909497e-02
-2.003019164979385688e-02
-6.110677710356825221e-02
3.341297138321525084e-02
-1.983643706255477923e-02
6.104717038273466123e-02
-3.423761569290289380e-02
-2.005816931309687898e-02
6.102577730850753529e-02
3.346567825063379020e-02
-1.796179294058207476e-02
-5.714244481686222427e-02
-2.811592269813401046e-02
-1.826663176355147050e-02
-5.683373460567404251e-02
2.675903255493700464e-02
-1.910758092613523348e-02
5.674954157891873990e-02
-2.809309619547981779e-02
-1.855937445698586929e-02
5.646934230309335473e-02
2.649353423363541224e-02
-1.730836451425724412e-02
-5.322419655318263998e-02
-2.133470928120123622e-02
-1.735077613924051326e-02
-5.302955502256787024e-02
1.994007472581046242e-02
-1.717959515498516596e-02
5.357256936281333537e-02
-2.187148498236360025e-02
-1.677874746045497981e-02
5.336864199706095602e-02
2.052858405668622765e-02
-1.638856706784670367e-02
-5.035344955830190622e-02
-1.481760642502162086e-02
-1.648261414682452089e-02
-5.042200296597308673e-02
1.381985561319164744e-02
-1.638563576090872401e-02
5.034373162319852324e-02
-1.477270211528743625e-02
-1.649091443063042603e-02
5.033027605398535803e-02
1.389546576943999703e-02
-1.584896894443867804e-02
-4.866462965509241179e-02
-8.987555508385753136e-03
-1.590620768413035860e-02
-4.868670926628262258e-02
7.990922302037463745e-03
-1.584858323227283580e-02
4.864184027354144513e-02
-8.937409428296532246e-03
-1.589953168637574590e-02
4.861553827253717319e-02
8.059394550883839520e-03
-1.559060994940761162e-02
-4.780896801185041678e-02
-3.306298589303894794e-03
-1.560884851649565683e-02
-4.782800501024214723e-02
2.316107478830914130e-03
-1.558725427846756502e-02
4.777529468410583735e-02
-3.252477482286564563e-03
-1.559851738322402814e-02
4.777420075778245762e-02
2.378591336137742419e-03
-8.074508314309022591e-03
-7.681372027710028916e-02
-5.007619607047207599e-02
-8.306836451436845972e-03
-7.685835746806091162e-02
4.939118224840900045e-02
-8.071214624663595322e-03
7.679820998843130131e-02
-5.007059867229810696e-02
-8.345476302753711967e-03
7.681343769926708698e-02
4.944941073907113682e-02
-7.326088875914457850e-03
-6.972329789098984099e-02
-4.178475973037981683e-02
-8.130756258019258137e-03
-6.959063230883599793e-02
4.101401885390008883e-02
-7.165920878341077924e-03
6.856770984774300526e-02
-4.031786555193005855e-02
-7.572468520456002682e-03
6.970246088908135795e-02
4.110621530351003111e-02
-6.328891324775059828e-03
-6.416583836219522108e-02
-3.466393747663484848e-02
-7.175776400510503264e-03
-6.403685066746150900e-02
3.372381746488290616e-02
-6.924480341625901397e-03
6.305013419320193435e-02
-3.317741115872840929e-02
-6.924867345970352542e-03
6.382402005786448618e-02
3.351679267484850011e-02
-6.218664525567829324e-03
-5.908794654260261792e-02
-2.731646666025597248e-02
-6.361385839686375769e-03
-5.914311649658129943e-02
2.646203950181367365e-02
-5.588139542685287113e-03
5.906839131482043148e-02
-2.729726940446918285e-02
-5.620166102234999336e-03
5.897177615255919103e-02
2.639977929557624226e-02
-6.502032314377593006e-03
-5.561755803171703622e-02
-2.150147682069585356e-02
-5.956666578708834543e-03
-5.545173273542156750e-02
1.995560282346256833e-02
-5.129531450216899026e-03
5.582010076950413152e-02
-2.161673758110557036e-02
-5.965650135870083706e-03
5.533706501852096032e-02
2.005347685493825624e-02
-5.563321865240219294e-03
-5.265773364517266353e-02
-1.478651710065207597e-02
-5.032283673780473497e-03
-5.277531393370979429e-02
1.402527361856941400e-02
-5.003636206115786439e-03
5.263544075477469275e-02
-1.474745631545369175e-02
-6.368629133398758836e-03
5.268753142286056179e-02
1.443545776228536207e-02
-5.390574753943023871e-03
-5.088517647718032028e-02
-8.965847268533836539e-03
-5.435244935986617738e-03
-5.091032206898336854e-02
8.005157411599584869e-03
-6.010773358722167926e-03
5.063721807471943670e-02
-8.374445793853841497e-03
-5.437731828380141727e-03
5.080406597903434907e-02
8.100648532067834459e-03
-5.311100429470747182e-03
-5.000393919525016051e-02
-3.292366848352822149e-03
-5.325402106038495606e-03
-4.999852250156778394e-02
2.329582967016272793e-03
-5.311268008300464548e-03
4.995506872271076454e-02
-3.228792320865237885e-03
-5.324291619556008152e-03
4.993295043328445371e-02
2.404991457491738489e-03
2.510581587328189566e-03
7.044070591637655683e-04
-5.032288441380168564e-02
-3.943610498179763238e-04
-2.464304484992663278e-03
4.887863132143628608e-02
5.264023067158696625e-03
-4.998925948345487452e-02
-2.612594747560228331e-03
5.183878387840110992e-03
-4.999271607179825438e-02
2.346324280932180189e-03
5.194076953438883995e-03
4.994499267474985377e-02
-3.213438501372749192e-03
5.170558023960785191e-03
4.993219273435135774e-02
2.424355809930473383e-03
5.316962280981011625e-03
-5.087831769944070603e-02
-8.940376913063850101e-03
5.266512598318102631e-03
-5.089225231664585430e-02
8.030034609092748590e-03
5.310805915193265829e-03
5.084415380994791039e-02
-8.898333691034897297e-03
5.245127735204015325e-03
5.080628767712911525e-02
8.120284382355855493e-03
4.923948150032311268e-03
-5.265232523579715940e-02
-1.476273428657749916e-02
4.783446800361648710e-03
-5.296368148061821740e-02
1.447098908701231583e-02
6.137027268901665451e-03
5.280133219618598356e-02
-1.540691925188217293e-02
5.422053091550805594e-03
5.259981919962783414e-02
1.397360677449008270e-02
5.801243545263224527e-03
-5.537083964368298694e-02
-2.085273805772077174e-02
5.698780713905585334e-03
-5.544683547773151394e-02
1.997261833553160004e-02
5.804269160450921568e-03
5.536530329169034315e-02
-2.082047159466099764e-02
5.671062494404510539e-03
5.533102683916595044e-02
2.009481678107348165e-02
6.200601438815998324e-03
-5.907606607692399148e-02
-2.731187149503887246e-02
6.052394517489214677e-03
-5.913003788048426523e-02
2.649292580993812402e-02
6.195241047868785093e-03
5.906312435210603340e-02
-2.728598215935514743e-02
6.359628517052911753e-03
5.938739870409733002e-02
2.713794970213653443e-02
7.533861060197815686e-03
-6.420090502922437548e-02
-3.492268905569990978e-02
6.006863110653818880e-03
-6.448520722413682293e-02
3.429207142489611865e-02
7.039094990590449158e-03
6.369255320651072416e-02
-3.413731360055157621e-02
5.849985537235417865e-03
6.433602167405169658e-02
3.422947494053224515e-02
7.333112432796943386e-03
-6.971477267748585338e-02
-4.178291416976465111e-02
7.108305396127513262e-03
-6.974739550934107302e-02
4.107674049358264745e-02
7.329952610984838066e-03
6.969803155918181947e-02
-4.176130274723084679e-02
7.091560501019287914e-03
6.969295237638219176e-02
4.117410950759851224e-02
8.073711317129708687e-03
-7.680530975826033169e-02
-5.008189826760182234e-02
7.841729379349057782e-03
-7.686655592737696996e-02
4.941870088072037454e-02
8.071092907491115437e-03
7.680308232199982432e-02
-5.004459500089767504e-02
7.808668500447391372e-03
7.679628043398414872e-02
4.951787185488616683e-02
1.548026188378030452e-02
-4.778534723964861231e-02
-3.246336704243420364e-03
1.545798037405268256e-02
-4.779505830275070088e-02
2.381162398487494773e-03
1.546400186635431447e-02
4.774364367032165463e-02
-3.183506052802821153e-03
1.544318926667630210e-02
4.774375129095115994e-02
2.452119451238531783e-03
1.576798767705808041e-02
-4.862477338980703001e-02
-8.927879148846023724e-03
1.572208582168417232e-02
-4.864520490710821238e-02
8.067574956553956803e-03
1.575535658983397841e-02
4.860838314335444443e-02
-8.877863570470522978e-03
1.569802828132364422e-02
4.858187935496341425e-02
8.147109914354157961e-03
1.633679934169806822e-02
-5.035352121534427544e-02
-1.475819067333784297e-02
1.625357508572801077e-02
-5.035778069479510816e-02
1.391146854882179158e-02
1.632414342260132822e-02
5.031667569429260078e-02
-1.472146153084401971e-02
1.623706886270196575e-02
5.030013889313888348e-02
1.399994320730519638e-02
1.719087926560252180e-02
-5.295239807923815545e-02
-2.085096029807300202e-02
1.707773541416700291e-02
-5.298591463735857071e-02
2.003139156444086466e-02
1.778709657843905584e-02
5.311906420935075257e-02
-2.152432993043722556e-02
1.705996093791692717e-02
5.291936393960015167e-02
2.012870984744479647e-02
1.906247402826143772e-02
-5.667322979226990798e-02
-2.797768788674377671e-02
1.775468907037863753e-02
-5.708415981805175371e-02
2.717801087572709051e-02
1.777101827903624851e-02
5.727468870302916681e-02
-2.825907457946680648e-02
1.818169047175519429e-02
5.645308235928261920e-02
2.663599597354383841e-02
1.935974226035330759e-02
-6.214649687392889699e-02
-3.548480254422842206e-02
1.947933954276702406e-02
-6.171264097945922122e-02
3.425964957889910539e-02
2.014673854389622057e-02
6.201199459977213557e-02
-3.553696618182022871e-02
1.962808354381315873e-02
6.099758940163087229e-02
3.361821773267491958e-02
2.211666335735668065e-02
-6.696200183681234874e-02
-4.230205176322472671e-02
2.145215086474029295e-02
-6.671122800366022232e-02
4.111282504570473034e-02
2.165748364722241623e-02
6.664822410075410541e-02
-4.176779147183173196e-02
2.164900893047060765e-02
6.545416006698498435e-02
3.996064859644419404e-02
2.386655343935233445e-02
-7.344671455229102863e-02
-5.006399786846269656e-02
2.363743546940732035e-02
-7.352045819933888948e-02
4.944934078577973430e-02
2.386599226207808747e-02
7.344030245291757741e-02
-5.006439931315029290e-02
2.360697035681438502e-02
7.342746693245194578e-02
4.956668931978941428e-02
2.506275780782490567e-02
-4.348871021503272066e-02
-3.224489798839311628e-03
2.505426331204839430e-02
-4.350511123531328184e-02
2.404568202016317460e-03
2.505097524590872010e-02
4.346651882373463172e-02
-3.163168950995276941e-03
2.503434883335890759e-02
4.346104560020358498e-02
2.478894598814412702e-03
2.552740196080455562e-02
-4.427574452485408957e-02
-8.903425706649587337e-03
2.591799386093620802e-02
-4.397357478870653896e-02
8.162699625464751862e-03
2.546738616001515201e-02
4.449207866004487727e-02
-9.482690431143456222e-03
2.511480244684055618e-02
4.439334187860660697e-02
8.229051746215951257e-03
2.644178493496749868e-02
-4.584041561641607337e-02
-1.473899105342845427e-02
2.635812964224859903e-02
-4.585744202153175381e-02
1.394296570631228284e-02
2.642842934878910505e-02
4.581841852624232714e-02
-1.469640028798918641e-02
2.633562476459351542e-02
4.579039692164384168e-02
1.403881834486214904e-02
2.781957413390489034e-02
-4.821459819448323941e-02
-2.082908981752496294e-02
2.770042132182537475e-02
-4.822966246045530536e-02
2.007196131596520813e-02
2.781075618635051733e-02
4.820413248384197019e-02
-2.079026211099265983e-02
2.769051574647510977e-02
4.817385642305022780e-02
2.017151018853289429e-02
2.969417041988009487e-02
-5.143838676210928801e-02
-2.728229299494545901e-02
2.952820293542592414e-02
-5.146344836544883283e-02
2.657093221115590029e-02
2.968287538167816222e-02
5.143237176015095363e-02
-2.725186714182664324e-02
2.952545257181418345e-02
5.139990362113068534e-02
2.668360452986138012e-02
3.208917454184408852e-02
-5.557923383152575669e-02
-3.422324988821758701e-02
3.190795743920046834e-02
-5.562683154755852788e-02
3.355562141838355772e-02
3.207124753439439396e-02
5.556513780386873602e-02
-3.419980540764714499e-02
3.203502708216138944e-02
5.553454567774592648e-02
3.380491852773014061e-02
3.354708622641160848e-02
-3.731091225141740242e-02
-3.188913095847209760e-03
3.316677382222893433e-02
-3.768804522987134753e-02
2.908718027425637957e-03
3.352944429623289785e-02
3.728921202783874039e-02
-3.140680122481099776e-03
3.313563972282555087e-02
3.764429723605948463e-02
2.971667798498661174e-03
3.417714474075191772e-02
-3.798952365353971961e-02
-8.882630687665116556e-03
3.412364963817052926e-02
-3.799156326346297269e-02
8.143175572621097133e-03
3.415570100809107307e-02
3.796591440576840143e-02
-8.837413160447674804e-03
3.408789987026716872e-02
3.794043815013570936e-02
8.213907579362078604e-03
3.501459444874497479e-02
-6.042841168832976950e-02
-4.147391116492817054e-02
3.484538845882183961e-02
-6.076466021570814391e-02
4.115750174815862444e-02
3.502913318517201363e-02
6.068538960584108494e-02
-4.175816777752443948e-02
3.480291437329396248e-02
6.063423828783615077e-02
4.130166943618420600e-02
3.489423682060192877e-02
-3.981898998302486198e-02
-1.496687032327119991e-02
3.530076794133175239e-02
-3.933559947740680046e-02
1.399823324793940046e-02
3.537385092400092274e-02
3.931314770602053338e-02
-1.468080899655438247e-02
3.474213615997317345e-02
3.963324714246863750e-02
1.399219694351098303e-02
3.713750171557429758e-02
-4.198074462001641360e-02
-2.156490975493482662e-02
3.710200428798113292e-02
-4.136576374072288564e-02
2.012546958905182468e-02
3.722053730510290620e-02
4.135883927681568983e-02
-2.077534895144510230e-02
3.722783178713903740e-02
4.148279750179053454e-02
2.057186644468840878e-02
3.862308725725857594e-02
-6.688210770576832886e-02
-5.007710343426611393e-02
3.839915546862928547e-02
-6.697020635627046192e-02
4.949276914297261881e-02
3.861310257732482321e-02
6.687165107615926363e-02
-5.005646572083164575e-02
3.906976073177668290e-02
6.628953282071596564e-02
4.966850933015909408e-02
3.996881726812644836e-02
-4.481821317727011783e-02
-2.827685488762238589e-02
3.957040076393478906e-02
-4.413647935386545013e-02
2.662364544772019212e-02
3.972406917397920678e-02
4.413804512026987814e-02
-2.723186840378511234e-02
3.955770601946042436e-02
4.409895954200582918e-02
2.672544260428515173e-02
4.056821098045421126e-02
-2.950862429801762860e-02
-3.171255768420772319e-03
4.080111949504997004e-02
-2.938631122071138843e-02
3.469743626225850648e-03
4.072096825250477031e-02
2.917969408173935741e-02
-2.676506269454507255e-03
4.095342099656550106e-02
2.899418419063182206e-02
3.335705534062495189e-03
4.132290474337547981e-02
-3.004204135754537028e-02
-8.863190773459985253e-03
4.124891503715671232e-02
-3.002803110632654843e-02
8.176689778259384894e-03
4.128844748289845629e-02
3.001951243250843004e-02
-8.816651351371830939e-03
4.122702799567767168e-02
3.000059547725065709e-02
8.236354502463924185e-03
4.305032241474922305e-02
-3.065194806630767294e-02
-1.470338723364711907e-02
4.267697888410962315e-02
-3.108557758858453493e-02
1.403835310290707517e-02
4.276722451281764203e-02
3.108509410002631423e-02
-1.466568216158764711e-02
4.282833662522463752e-02
3.076986430610410134e-02
1.410414242086260872e-02
4.293326561980184003e-02
-4.768841980599946434e-02
-3.420932370810752382e-02
4.276654485304023923e-02
-4.770877427744294602e-02
3.360694838617112046e-02
4.291649936788747427e-02
4.767729972310243841e-02
-3.418446437260937859e-02
4.388141977529104454e-02
4.772768854742837769e-02
3.495264909735685405e-02
4.501681847518847202e-02
-3.271693252100561083e-02
-2.079544414935190558e-02
4.520410682707490246e-02
-3.255870185349551277e-02
2.052721844222127681e-02
4.514008614587133178e-02
3.286845999525286888e-02
-2.112986407185346235e-02
4.485555430460202997e-02
3.267345110210728015e-02
2.024566342271958211e-02
4.595471942164847806e-02
-1.997454733180690015e-02
-2.747861666633451879e-03
4.560242188484171094e-02
-2.096331066007451130e-02
3.216258447794036711e-03
4.579389354808743179e-02
2.039829606024409769e-02
-3.116727906192554281e-03
4.590668985797757840e-02
2.040019767051132193e-02
3.378527916528781348e-03
4.665904363187257237e-02
-2.078646402701072107e-02
-8.847608086761811139e-03
4.657971270855938012e-02
-2.077501448467806988e-02
8.206085122126663065e-03
4.662822356641530691e-02
2.077239896209143177e-02
-8.814651246900501516e-03
4.656422771808258615e-02
2.075596843045469236e-02
8.244906954014542474e-03
4.689259779024237962e-02
-5.208150380554798370e-02
-4.176261730867968786e-02
4.669596545004887217e-02
-5.211213665341862117e-02
4.121540544607815021e-02
4.737899007120913164e-02
5.222874425655967684e-02
-4.228746511261673863e-02
4.663715603034091634e-02
5.200930857217232750e-02
4.136682958161867069e-02
4.803753158611622637e-02
-3.491187158073404129e-02
-2.725437075184855562e-02
4.785504117138020264e-02
-3.490359779516635091e-02
2.667659643638313482e-02
4.802599255007151957e-02
3.491157546526370975e-02
-2.722826896610550801e-02
4.784026972521621124e-02
3.485862441048477589e-02
2.676364848484849568e-02
4.786643910625658360e-02
-2.205588798806321083e-02
-1.429312500148085044e-02
4.820384597526380238e-02
-2.150236137576249165e-02
1.407268064336945727e-02
4.823165598900091416e-02
2.169462907258966691e-02
-1.473935610973473205e-02
4.818601129165131502e-02
2.148913494959898973e-02
1.411227966827883692e-02
4.904260882793021192e-02
-1.043566171793615209e-02
-3.131618453162525375e-03
4.902943216485666084e-02
-1.043567808955141347e-02
2.518754827134133539e-03
4.903472458901273617e-02
1.042602379219647636e-02
-3.121952145080100598e-03
4.918103105852646845e-02
9.933632330128784951e-03
3.269824338112181650e-03
4.994913350803008301e-02
-1.062233604485822089e-02
-8.832317465545103455e-03
4.976967086536921575e-02
-1.093810916975345750e-02
8.233197538673709195e-03
4.983471908142941831e-02
1.098712500998207629e-02
-8.891947302905635342e-03
4.968173555220675025e-02
1.121218267470405934e-02
8.314697651312119922e-03
5.018557281886149024e-02
-1.926509501113326815e-05
-3.472343305210350613e-03
5.011548868860506156e-02
-4.687466657559615268e-06
2.528495535853388966e-03
5.067187062363869010e-02
-2.184125732765227965e-02
-1.991708830906229258e-02
5.069077489670417019e-02
-2.262558107777230126e-02
2.020191675942948836e-02
5.081175335106226376e-02
2.263577483905786919e-02
-2.076403330854380280e-02
5.066969222022080221e-02
2.260496944211995082e-02
2.025298559441884513e-02
5.100010088556816701e-02
4.821229635225293166e-04
-8.766940631293898209e-03
5.098247601969722875e-02
-3.492916458564400322e-06
8.242827812343664004e-03
5.167340445129910836e-02
-5.738232165434019316e-02
-5.006495234052837917e-02
5.145781961270879529e-02
-5.744907791479826609e-02
4.956095316765953690e-02
5.165591995507574918e-02
5.736916032425797701e-02
-5.002955803724651318e-02
5.138744920693934931e-02
5.731495005982800012e-02
4.973563559168386189e-02
5.173303743471074911e-02
-1.100182917691389615e-02
-1.467955795800021668e-02
5.168353140996054945e-02
-1.145034446009416881e-02
1.460866503241446852e-02
5.182126102881537411e-02
1.034555831452985998e-02
-1.472656107344823967e-02
5.159732418239308671e-02
1.097794992299603797e-02
1.412798132476862471e-02
5.186404002903047261e-02
-3.852128529889439074e-02
-3.484867600730535975e-02
5.154263008496574178e-02
-3.760653933391022719e-02
3.338827590259036554e-02
5.183658466412933985e-02
3.743896247521405485e-02
-3.389430021779994695e-02
5.179170204140217532e-02
3.869381996264359413e-02
3.479412407837616933e-02
5.288552642540114007e-02
1.865075177059278861e-04
-1.471138239521269965e-02
5.270421797982517698e-02
-2.218885926873744399e-04
1.403270664139362640e-02
5.424734873380492040e-02
-2.415956902483613888e-02
-2.724609193004985663e-02
5.404671158455854468e-02
-2.415047919173766641e-02
2.672481719970502823e-02
5.422819027689263632e-02
2.415656034986406187e-02
-2.722514755239415288e-02
5.403694692923507320e-02
2.411615822067048054e-02
2.677722088873273412e-02
5.442164904829745187e-02
-1.157287171412007057e-02
-2.077865424782932360e-02
5.426551990362730310e-02
-1.156028231006486599e-02
2.024325564856659793e-02
5.441326731389017207e-02
1.157194280739121985e-02
-2.076589747459244711e-02
5.425276264597884979e-02
1.154604635607733680e-02
2.027161716631169924e-02
5.571354244061321043e-02
2.334773752798361580e-07
-2.089556032369164693e-02
5.546602778779700926e-02
-6.900704080132316958e-06
2.026269081299751293e-02
5.666543674368477307e-02
-4.117232189092587952e-02
-4.170387897247868070e-02
5.646068040225562384e-02
-4.120376115378032028e-02
4.128306818534543954e-02
5.544307717669794133e-02
4.123913517986255162e-02
-4.058930676444184177e-02
5.641450693647416526e-02
4.112040288484592604e-02
4.140356019109838609e-02
5.808440643649576129e-02
-1.235164960223748311e-02
-2.723531222282994657e-02
5.765341793884287691e-02
-1.290215992795762552e-02
2.669072919806215680e-02
5.809699900585981597e-02
1.165813051557953485e-02
-2.715183591099289487e-02
5.763925448689913300e-02
1.287069460353349772e-02
2.672086891215916596e-02
5.898999106981287627e-02
-2.559109317034731143e-02
-3.445042181900982020e-02
5.864514807644906347e-02
-2.621044780833789792e-02
3.409238686398659290e-02
5.844374939923459994e-02
2.598671745888139067e-02
-3.391226950134245549e-02
5.836749701314093014e-02
2.604710985120075456e-02
3.379057451345123669e-02
5.939583829369166068e-02
1.754379928593854672e-04
-2.728123104096764548e-02
5.915729664907976026e-02
-1.552029090043256776e-05
2.678506612107722437e-02
6.246514918753062751e-02
-4.537932910347821508e-02
-5.003403855374639192e-02
6.222063872320663519e-02
-4.542900002735975745e-02
4.964747862694625369e-02
6.246152753267490004e-02
4.538164110669113543e-02
-5.003846352509089962e-02
6.216752841840499089e-02
4.531749354355046194e-02
4.977653687947702216e-02
6.275438203849188767e-02
-1.333652298724112735e-02
-3.418168678093790741e-02
6.251657092890187950e-02
-1.335019377022079318e-02
3.376953100611791020e-02
6.274488037471848134e-02
1.334460405193221150e-02
-3.417130770173157361e-02
6.250189483290143067e-02
1.329947153469862066e-02
3.380188423692367938e-02
6.401548558444487835e-02
-2.850287184817000552e-02
-4.174469606597338428e-02
6.375047637003772305e-02
-2.850826917964554424e-02
4.134651584637986932e-02
6.401362419969998385e-02
2.850576408739265502e-02
-4.173289308371580519e-02
6.373228366853254945e-02
2.844696824678275351e-02
4.141950762444621126e-02
6.392326316379692841e-02
3.170561528399267175e-04
-3.388499784893798938e-02
6.389969998409730789e-02
-2.440889528211191489e-05
3.379440554042418415e-02
6.854033917687565869e-02
-1.456503386845104525e-02
-4.173962161420317202e-02
6.827154613960502438e-02
-1.458565307408731665e-02
4.139156883763754624e-02
6.853737892851612112e-02
1.456926985152905488e-02
-4.172604480806286348e-02
6.825754160511308954e-02
1.452097818993591805e-02
4.142658883088124605e-02
7.006291744613721284e-02
-1.237994137922126291e-06
-4.172717319298725053e-02
6.874658589047252799e-02
-4.602107325753816095e-04
4.015499545406329279e-02
7.053794257649390054e-02
-3.140506323740362843e-02
-5.004933897553331956e-02
7.026012977194040499e-02
-3.143173239063991320e-02
4.971373917250809099e-02
7.053432862958389227e-02
3.140583368879554943e-02
-5.004650729265919251e-02
7.023140348178022463e-02
3.135042430832584576e-02
4.979636625254253712e-02
7.552374727454862213e-02
-1.604888647293671589e-02
-5.004818606327859909e-02
7.503539377302913260e-02
-1.669817776842862089e-02
4.976496681106891418e-02
7.551950523701500551e-02
1.605108522268477306e-02
-5.003204994090144908e-02
7.521859358393351291e-02
1.600369776816813402e-02
4.980695947312706318e-02
7.713314598052173343e-02
-6.273607370842139604e-04
-5.004205324629531354e-02
7.688378058651355873e-02
-3.958593595795798897e-05
4.980630263949618192e-02
5.163174837493822097e-03
-7.861032806906842127e-03
-6.296373871586962399e-03
-1.778371077271874781e-02
-2.840724375764574171e-03
1.414736206325395082e-02
-2.227397008112202981e-02
-2.860585847836459366e-04
-3.176913642598559739e-02
-2.386195403751324370e-02
-3.292219886650945421e-02
-1.062112028303201401e-02
-2.443619661971389162e-02
3.166397467394943543e-02
-1.098222389833653119e-02
2.412028009532685840e-02
3.192255213056457985e-02
-1.163448980831405070e-02
-1.303841394256480442e-02
-2.062989553515106808e-02
-4.279364055618605119e-03
2.925274966724299847e-02
-7.894506136844607613e-03
1.905058007782873056e-02
1.903702798980804606e-02
-1.830908095369429209e-02
2.784835865540551819e-02
5.025676578710942637e-03
-4.484020572197416205e-02
-3.473604941372926413e-02
-2.040629798320948984e-02
-2.246403693095466031e-02
-2.538569153177585441e-02
-4.469667965640661267e-02
-3.333614909545301597e-02
-4.007835233393904073e-02
-4.362301057482169397e-02
-1.421038833372378907e-02
2.600178667016743092e-02
-4.980065523133529043e-02
-1.903172869686814775e-02
3.892947078494305574e-02
-5.408840536602322474e-02
3.757752587367944267e-03
-3.810555161034909905e-02
-4.656594935345767516e-02
-8.104492483134023706e-04
-2.709759588314491693e-02
-4.618031142567043112e-02
2.174262251203154788e-03
2.405976512552005300e-02
-5.351420246941038239e-02
1.973108034669553579e-03
3.807738730591472831e-02
-4.915376197761184979e-02
2.112169882465588996e-02
-3.889950714636859069e-02
-4.279793227658709731e-02
1.436448070022594385e-02
-2.760735051016723063e-02
-5.119892445616838761e-02
1.869040786612068128e-02
3.811051475152943402e-02
-4.738529842947633575e-02
3.427916844202424929e-02
4.004792560549162717e-02
-1.424323289408466718e-02
4.169749534616498665e-02
-2.603726201933552822e-02
-3.333286862281027718e-02
-4.526168127245844969e-02
-4.067345191388456460e-02
-3.218961794510388774e-02
-4.567309011747679171e-02
3.955208860124778680e-02
-2.889166322551732502e-02
-3.359007287074198406e-02
-3.739012146650338986e-02
-3.121082647309940741e-02
-3.386863831198060060e-02
-2.450175992797280419e-02
-3.286982648663486217e-02
-3.062295414211766917e-02
2.316294438898878344e-02
-3.618198586228641572e-02
-3.269069187111168368e-02
3.628899101230883412e-02
-4.126436003411437098e-02
-1.808833239614947297e-02
-2.776354096665484272e-02
-3.576024220145365001e-02
-1.661484213783363112e-02
-1.129863728803017463e-02
-3.421310133379897728e-02
-1.995860856689249743e-02
6.690409870125333357e-03
-3.112253092084185310e-02
-1.433554677079968906e-02
3.583978418916431569e-02
-3.872028306838259937e-02
5.420213287004282433e-03
-1.098751384912641411e-02
-3.924936233762490317e-02
1.197834487698836879e-03
7.611330864556455425e-03
-3.047310426893408072e-02
-5.254556601112276995e-04
2.434544690998323435e-02
-3.842217529089237554e-02
-2.778969090565241561e-03
3.551243564710356709e-02
-3.284148564521165853e-02
1.697120426127861695e-02
-3.778158191818499489e-02
-3.422181898240345133e-02
2.061398791875049263e-02
4.106200117461271566e-03
-3.972378781423176880e-02
1.873124508591630585e-02
2.376659979244043208e-02
-3.570795058814052458e-02
1.373001808329664918e-02
3.853287728684382657e-02
-3.662536199714033769e-02
3.658050014048096210e-02
-3.851004326503730535e-02
-3.207085720480001845e-02
3.176050700162095369e-02
-2.619819793434736976e-02
-3.033300927945118547e-02
3.430145894345081742e-02
2.327010101472140602e-02
-3.623140854334567368e-02
3.250584286746028423e-02
3.675539681814348619e-02
-3.113983377572168004e-02
4.564606586328957827e-02
3.789046210633639084e-02
-1.713173215532806312e-02
-5.090013832246241543e-02
-3.941471980534470149e-02
-1.649787429450091589e-02
-5.276511123001768888e-02
3.857040466138316609e-02
-1.797156389231273355e-02
-3.573422174321235628e-02
6.699431530614133844e-03
-1.655924207465519007e-02
-3.995005563063117743e-02
2.521038669258239204e-02
-2.160932450546043659e-02
-1.775421140380511326e-02
2.073466029445222847e-02
-1.706909049956842686e-02
-2.252004189362300304e-02
3.642710764966845122e-02
-1.496271266143757439e-02
-1.740750860647490668e-03
-7.253882963112878203e-03
-1.687339332990234891e-02
-1.190610381542777990e-03
3.424858833492756133e-02
-1.819260239469236082e-02
1.910830218469504113e-02
-3.837735234465985273e-02
-1.808692197635573123e-02
1.733692354358915000e-02
-2.044591680158089689e-02
-1.627746052882048100e-02
1.872069646462552056e-02
6.425302846461714013e-03
-1.612727170703646268e-02
1.823216405916354421e-02
2.412832550879129984e-02
-1.672285827887150592e-02
1.700965750966194900e-02
3.774029230035087779e-02
-1.810136466483510537e-02
3.637895303914643469e-02
6.533811144100626009e-03
-1.447668283248860176e-02
4.291825977935755099e-02
2.287278414309570906e-02
-1.845593490004929574e-02
3.565800371331631635e-02
3.637470854242851048e-02
-1.732664791646241001e-02
4.996022671829272038e-02
-3.888169646896635911e-02
-1.818109819612203151e-02
5.214576539651755160e-02
3.828195195357331909e-02
8.660160742302358333e-04
-4.684670677794301741e-02
2.536796794229066385e-02
9.794616254396196296e-04
-5.224222639107089367e-02
3.804862466188340536e-02
-1.093334456215096402e-02
-4.163831028388754324e-02
-2.571787661031386257e-02
1.549239800653726910e-03
-3.837207802361630726e-02
-7.686437714945356346e-03
-5.201472471617050487e-04
-3.366924049197233398e-02
3.428298665250500976e-02
-2.631188520040247426e-03
-1.576585978745549677e-02
-2.959050861433031032e-02
7.117384725292559122e-05
-3.993274089124456555e-02
1.253076327651506464e-02
-2.473282700978129316e-04
3.691708188921905172e-03
-2.670812352206467996e-02
-1.581512014720118766e-03
2.072812123809761667e-02
-3.417424595087253242e-02
7.460919845931400333e-03
1.466126446839718239e-02
-4.918063433720177256e-03
2.157517805359552773e-03
1.372783961705643929e-02
1.721353008116831632e-02
2.505082924937575804e-03
1.790652967940463761e-02
3.728592159444436838e-02
-6.007174914738819520e-04
3.852219648716823097e-02
-9.493419284629284888e-03
-6.500141544148095802e-04
4.038010317042770025e-02
1.947995041585977305e-02
-1.613297214523176431e-03
3.246071625383786102e-02
3.514431695861666011e-02
5.586630480031330856e-04
5.448050893881234424e-02
-3.932318781362743876e-02
3.248154514687187026e-03
4.580187873227362094e-02
-2.845893813667722122e-02
-4.516493454389342781e-04
4.945733597849905766e-02
3.358999135246047707e-02
1.778665087990720026e-02
-3.731711423053919036e-02
-2.076520582617195215e-02
1.761712235162422521e-02
-3.560287263129473245e-02
6.313864425413289426e-03
2.182526776736107288e-02
-3.684384215296646753e-02
2.279543240437085366e-02
1.631119445309846261e-02
-4.274876359341831661e-02
3.712417002768146623e-02
1.863064643597328596e-02
-1.677753448020852592e-02
-2.385785685800694000e-02
1.991366851838358848e-02
-2.219423075424478350e-02
-4.637516879530258901e-03
1.855790230101549490e-02
-4.775098216117815782e-04
-3.610106202131681957e-02
1.408635557415622956e-02
-8.985096369518567362e-04
-1.957841820494584870e-02
2.005533572165239808e-02
4.362672018294124626e-03
1.137935754120926977e-02
1.798372474593169443e-02
-1.777545144925880382e-04
3.293727312978531052e-02
1.833999855100411011e-02
1.709278517005324502e-02
-3.851993141915023566e-02
1.434048444568856995e-02
1.579697683040278897e-02
-2.260729647272138182e-02
2.216260716928657518e-02
1.749237796361031994e-02
3.344806835157040220e-02
1.812478667305645122e-02
3.890192005405117975e-02
-2.567195208193050887e-02
1.638836848498445922e-02
3.612190726772718935e-02
6.606886110731281098e-03
1.615632523887760782e-02
3.819267874253771955e-02
2.650386969898260378e-02
3.246255703484774574e-02
-3.536235007363881105e-02
-2.774012431968741338e-02
3.279327705145452382e-02
-4.079989668907711003e-02
3.857113854836308892e-02
3.803244445454875833e-02
-1.798190265648118638e-02
-3.671892016739956160e-02
4.061518566984007733e-02
-1.809458079539465886e-02
-2.345148041975642431e-02
3.532413560178959688e-02
-2.046013059062605152e-02
-1.061990807691226557e-02
3.403274537922621606e-02
-2.189072006869921538e-02
7.074716296491981998e-03
3.857575369958717720e-02
-2.112638460508729429e-02
2.748952203928118829e-02
3.478886138615822077e-02
-1.185590589544692182e-03
-3.967017235534184977e-02
2.987690330146340265e-02
-2.181982620318628340e-03
-2.578622029538405608e-02
3.681569557213867222e-02
3.122624036632715150e-03
-1.100700013999620849e-02
3.949556429136419355e-02
-1.994317426483959918e-03
6.351499821278680513e-03
4.353396621327268456e-02
5.682283517190157233e-04
2.469573372638314904e-02
3.651974330361228149e-02
1.399437038198845899e-02
-3.994507859089449497e-02
3.860589925485134744e-02
1.782916755441058682e-02
-2.478826738009914932e-02
3.422039327664496561e-02
1.872651422295814119e-02
4.883710769049578668e-03
3.975157408417340221e-02
1.812882886947867270e-02
2.580422714740665188e-02
3.154435989378069627e-02
3.609919684634517456e-02
-3.648335574331959541e-02
3.171022588580919149e-02
3.489003862358599356e-02
2.309981860603431414e-02
3.397502300028580613e-02
3.566350837651299788e-02
3.650954335499448367e-02
4.549405094348181466e-02
-3.308186427198497176e-02
3.839585269028884806e-02
5.275319423595659085e-02
1.763024017781684516e-03
-3.877304608638389161e-02
4.596637349363188324e-02
-6.518688068942458643e-04
-2.525001844133852036e-02
5.144240720052055404e-02
1.816110145515582169e-02
-3.754745525524410404e-02
-3.026352983289115335e-04
3.653396219438721781e-02
5.777003112127872264e-03
4.666030737998907996e-02
3.070366536812222172e-02
-3.986123065263759424e-02
-5.625027544246409550e-02
3.048866700369696689e-02
4.930306143284253484e-02
-5.089005374475227828e-02
4.268832936245477855e-02
4.932503153343125585e-02
-2.341390808600763568e-02
1.232982902608876358e-02
4.900883881204378539e-02
-3.855626352507948718e-02
2.821003938951100257e-02
4.929178493375777764e-02
-3.709604759386799649e-02
4.331402580770248728e-02
4.933098246127751857e-02
-2.488922274483401989e-02
4.273424090846186102e-02
4.931332905021151153e-02
-1.718399343339710797e-02
3.363582978470738144e-02
4.924832604931830837e-02
3.520883009614591934e-03
6.325330163812008244e-02
-5.012533071205114293e-02
1.416246001937108805e-02
2.500397323235654945e-02
-5.025669591427377181e-02
1.688372532430531744e-02
5.042344283410874622e-02
-5.017816945065676354e-02
4.594313183438942377e-02
5.019043863164165953e-02
-5.007359007437010845e-02
2.512402212896798492e-02
5.657916422794589950e-03
-5.023620725962475719e-02
3.376884782707143678e-02
1.682134167668908331e-02
-5.019216546390713185e-02
3.475353107319256035e-02
4.645197230108370767e-02
-5.012592731399082707e-02
4.803380646202119741e-02
3.469255078033644385e-02
-5.009806981695204275e-02
2.285202514597931694e-02
1.841414450559455615e-02
4.932730479287820297e-02
1.573325659914583119e-02
3.365577479843790548e-02
4.938550978532557645e-02
1.659634248479763957e-02
5.041161841101655938e-02
4.949257054536270600e-02
3.504982849880403789e-02
4.034831326218893399e-02
4.960416339279639236e-02
-2.393389091328106816e-02
2.807974875764202016e-02
-5.024675035602987894e-02
-3.731900041416823938e-02
4.631725174553527613e-02
-5.018196013351138712e-02
-1.110764020870873975e-02
1.619138553108400227e-02
-5.029803441171919881e-02
-3.462671877797401671e-03
3.613790022979543326e-02
-5.023398488773767046e-02
-1.459102489874662678e-02
5.448000853973079816e-02
-5.018535854574404653e-02
-3.075994900812424604e-02
-5.409903613618462226e-02
4.928953415071425648e-02
-1.258090007372227384e-02
-6.842832211328507552e-02
4.936884015279302540e-02
-3.713685147915833651e-03
-5.961509332489751956e-02
4.937183152930166991e-02
-1.777149106436937478e-02
-5.488834868529011285e-02
4.932602123213710582e-02
-1.726669001384521090e-02
-3.793510652824551993e-02
4.922317338738776277e-02
-3.443980086147181967e-03
-2.261315160498385615e-02
4.895593224319755299e-02
-1.934864192036090183e-02
-1.100763561343390089e-02
4.892891009814593489e-02
1.859478218360724380e-03
-1.704194963385391795e-02
1.913722365593372929e-02
-2.509709819724036117e-02
5.630107742587203701e-02
4.936313937827123410e-02
-5.275352246163405451e-02
-1.776310836649459476e-02
-5.025410628785202671e-02
-3.773524525093868015e-02
-3.441902318006850869e-02
-5.024125046572813086e-02
-2.070570496047543715e-02
-1.623721204595229839e-02
-5.033039900882863016e-02
-1.644353542250587968e-02
2.164146353974974370e-03
-5.031811529959623330e-02
1.406290586894374498e-04
-5.714789573860551419e-02
-5.016702244982736147e-02
1.236890387794193097e-05
-3.364294424412061363e-02
-5.027346177604414407e-02
1.688972915434793637e-02
-5.043676461261602934e-02
-5.017794328358272937e-02
1.995903915029193995e-02
-3.075556339612931650e-02
-5.022567643814335875e-02
1.258695555182355770e-02
-1.671274394645416023e-02
-5.029527830575294262e-02
3.136624426799418386e-02
2.734432382201910277e-04
4.949818127874971996e-02
5.029437333386797826e-02
-5.597793795602925470e-05
4.963179037152824075e-02
5.035795462192249605e-02
1.920246923479534615e-02
4.964676783887464473e-02
4.700532502082055615e-04
1.618156879881483406e-02
4.899296401757354674e-02
-3.225359223424373854e-04
3.364995905247578772e-02
4.928676384596310939e-02
-6.658837554915160613e-03
5.436541920701336988e-02
4.941390366825530039e-02
2.310973648394485519e-02
-6.485123768156300476e-03
-5.024363822785301442e-02
3.434541983321300063e-02
-3.972505253338713682e-02
-5.016773253397652232e-02
3.376086423607688181e-02
-1.681075915551745459e-02
-5.020128649169273982e-02
5.217690997609203407e-02
-3.610572254620850879e-02
-5.010225804838038671e-02
3.348026412020779080e-02
-5.585031455276277118e-02
4.947579516627037544e-02
4.565988934744639322e-02
-4.316667379697654294e-02
4.955071133014261886e-02
1.694141308633696774e-02
-5.319808472943279853e-02
4.940210673474195596e-02
1.792187426007741530e-02
-2.135122469270751486e-02
4.922981276289136593e-02
2.999361719922200020e-02
-3.683197692668640361e-02
4.943611135030396425e-02
4.931052136288011090e-02
3.739232530283682215e-02
4.968679470669179477e-02
-5.959904538302080584e-02
-2.688799496691067145e-03
4.927155209334193459e-02
-3.560723544040460958e-02
-2.092712152309468207e-02
4.916432134914005408e-02
-3.408904758138327912e-02
-5.910443520649160130e-05
4.911047215868112603e-02
-6.146593793717591847e-02
1.775078476600147614e-02
4.926919911273588276e-02
-4.589857811285199402e-02
1.496769028687959524e-02
4.921958248666729457e-02
-3.449766444504346469e-02
-5.349711347048862614e-02
-5.016377749824011550e-02
-1.576666578651112621e-02
-5.457973104874849074e-02
-5.018872438832890776e-02
-1.946262284367103121e-02
-3.690541875500090441e-02
-5.024767178151914870e-02
1.210911749029522887e-02
-6.843970650917179099e-02
4.941471217183139586e-02
7.878511709391586640e-03
-3.866260179812764514e-02
4.932514527644925317e-02
-5.012283674892473173e-02
3.368209748297408546e-02
-5.016584142862822587e-02
-2.726213693840763910e-02
9.586913824048999902e-03
-5.027395899451068961e-02
-3.896259299353670158e-02
1.990678039410606615e-02
-5.023628789560610070e-02
4.333105116068491913e-02
6.614501837724812323e-03
-5.014653825039609020e-02
5.226390069180411602e-02
1.842836583030045203e-02
-5.010256718323730790e-02
6.300816616879555132e-02
7.676498959368600536e-03
-5.007927668565342882e-02
3.375625543855267918e-02
7.299699291713374364e-06
-5.019315411675814853e-02
4.293940064435270570e-02
-6.217390899049764913e-03
-5.014492908722251174e-02
5.180916353303347682e-02
-1.929448953605505598e-02
-5.012730996596319322e-02
-5.965790660394461320e-02
-2.295389962391063132e-02
4.928500098462985923e-02
-4.879817292089497216e-02
-3.547296034839787782e-02
4.927015690805583437e-02
-5.582318325407156778e-02
1.631828370088783328e-02
-5.019834407680082156e-02
-4.147291147563712810e-02
9.910955024485187687e-04
-5.029072394923479045e-02
5.032350842537653551e-02
-1.684559089089316189e-02
4.960879695145059554e-02
6.094803285855527469e-02
-5.699132228623508996e-03
-5.009490693015389989e-02
