-7.652132932267206866e-02
-3.901050901825623655e-05
-5.030877246461962909e-02
-7.602846872567449454e-02
2.789398750832026917e-05
4.960903903893004036e-02
-7.504282686419384840e-02
-1.598824045587689258e-02
-5.007275438411912249e-02
-7.435697534681380561e-02
-1.599286043098251467e-02
4.962073204496542100e-02
-7.516641365252146878e-02
1.597907657719285085e-02
-5.001766570186746974e-02
-7.432768823152040294e-02
1.604311308212086340e-02
4.964317408393640468e-02
-7.022697326536807283e-02
-3.140208954467236385e-02
-5.004209423711764027e-02
-6.937566551050014518e-02
-3.132734691211257194e-02
4.974258044823860053e-02
-7.026356590320907702e-02
3.139514183564066918e-02
-4.996755568229290650e-02
-6.931433965755549875e-02
3.136043284577154366e-02
4.974100723349838410e-02
-6.866401278250733320e-02
-5.289370995845047807e-05
-4.225921033964673973e-02
-6.879046467406860210e-02
2.173663772051799114e-05
4.131716372197152126e-02
-6.726309319162859790e-02
-1.460963282665661729e-02
-4.211934570108322867e-02
-6.727430855332795778e-02
-1.452022497694063774e-02
4.133337955309070860e-02
-6.732837895165480480e-02
1.451205892429905699e-02
-4.202707118560923549e-02
-6.637957018936320452e-02
1.517451530511320680e-02
4.054664769162170251e-02
-6.206306653151220237e-02
1.478043249672933597e-04
-3.468699649114331818e-02
-6.254987715680200566e-02
2.892960821705882891e-04
3.344542304973893709e-02
-6.311768303557550863e-02
-2.853810912922982376e-02
-4.201152469080419311e-02
-6.276344919580735537e-02
-2.843942362545510277e-02
4.144616205869932485e-02
-6.319379496640986638e-02
2.850978329338192674e-02
-4.183251078516936339e-02
-6.271352899510944379e-02
2.845998487301776292e-02
4.143785172478817863e-02
-6.095473999395426695e-02
-1.344925687545764532e-02
-3.480935481928762454e-02
-6.142119961971505282e-02
-1.329920362834300859e-02
3.377584971063174457e-02
-6.095535412691983901e-02
1.330752851083723091e-02
-3.461087448813213174e-02
-6.139961739510330779e-02
1.332120747219252971e-02
3.379397929704713865e-02
-6.223715970002332426e-02
-4.537279458788205655e-02
-4.995937382994942305e-02
-6.130218057503606516e-02
-4.528875651138652286e-02
4.988405319489110784e-02
-6.229219939264483280e-02
4.541922367140052014e-02
-4.997408004787040614e-02
-6.122936993398481881e-02
4.530923553489040606e-02
4.985631208349815269e-02
-5.721705641143906562e-02
4.551725242545282967e-04
-2.798463067369223040e-02
-5.798029618200554319e-02
5.859759573359282566e-06
2.678798067143921269e-02
-5.735701042756154167e-02
-2.619285854672361025e-02
-3.452475138745018934e-02
-5.749241521857197806e-02
-2.567245868705259754e-02
3.394803005985753963e-02
-5.739480518054464186e-02
2.611988194710772315e-02
-3.436729399496375043e-02
-5.749018275445527681e-02
2.593437468313891658e-02
3.410144907445845919e-02
-5.585661740684084997e-02
-1.180424243324853725e-02
-2.733881693539304616e-02
-5.681908881611330564e-02
-1.280323301530658132e-02
2.718367887429195065e-02
-5.599594317761170947e-02
1.236212114815446288e-02
-2.772364288105689384e-02
-5.676871341683974864e-02
1.157066559465451394e-02
2.682377478567069679e-02
-5.540948135953281672e-02
-4.077407445979964323e-02
-4.077933832121197893e-02
-5.545680747061187271e-02
-4.110931490365679619e-02
4.156814133533436040e-02
-5.559927121868159933e-02
4.004319544483812138e-02
-4.044399153780311312e-02
-5.581166828433641730e-02
4.084255448807787986e-02
4.178728733232644349e-02
-5.365793833903247101e-02
-4.707535884895802111e-05
-2.165393551485727749e-02
-5.420409510019983529e-02
1.582474981700430298e-05
2.038846079304695857e-02
-5.233338802492696479e-02
-1.173688581253021050e-02
-2.128942956067590361e-02
-5.297504434457361855e-02
-1.151749829914460593e-02
2.031306649942533904e-02
-5.236730604303331538e-02
1.165865342017432388e-02
-2.116037117501123888e-02
-5.297583398594144649e-02
1.154318348153786367e-02
2.033878717704084432e-02
-5.266947936493018151e-02
-2.432961270317983427e-02
-2.757370806240312319e-02
-5.291525070900671840e-02
-2.410560676999602345e-02
2.690859137934037068e-02
-5.266574393016176803e-02
2.426168231330454172e-02
-2.745441402770706918e-02
-5.286518900980446273e-02
2.411293817778027704e-02
2.690025930821744737e-02
-5.080957497746284302e-02
4.463762968987387315e-04
-1.551239227587995935e-02
-5.133311793150722308e-02
-1.938549639268964773e-04
1.406983254376966905e-02
-5.098673561632641876e-02
-3.778117714749370387e-02
-3.422159782305227160e-02
-5.063006530189653742e-02
-3.765258379837358588e-02
3.398618821380208765e-02
-5.105080498277086987e-02
3.776494755357726746e-02
-3.422543017097347956e-02
-5.057744683913061035e-02
3.764747904738782042e-02
3.395507491595585459e-02
-4.968708128998450269e-02
-1.117758524939154244e-02
-1.507286653937673325e-02
-5.021836667505371471e-02
-1.167938317014484070e-02
1.465114638537755830e-02
-4.974963254564705728e-02
1.156414804889679265e-02
-1.548623949425100531e-02
-5.034941509938930387e-02
1.132186118410821729e-02
1.466626557346639194e-02
-5.154049540890795478e-02
-5.734645241947935318e-02
-4.996559184511156770e-02
-5.049903688691410181e-02
-5.727106866468149177e-02
5.001984059820921424e-02
-5.152503445306914204e-02
5.735091845963408846e-02
-4.992028262261626742e-02
-5.043310548264490906e-02
5.728681429078820442e-02
4.998200491863444977e-02
-4.898711793440144874e-02
-2.046337825890230030e-06
-9.207521245122552225e-03
-4.928228133628179131e-02
-8.171391936294984594e-05
7.918756493873652796e-03
-4.955294875820890482e-02
-2.296876711601625667e-02
-2.171549185555499140e-02
-4.961444053577661328e-02
-2.313103575786129920e-02
2.109896842584648227e-02
-4.969511558944577495e-02
2.294580684788383868e-02
-2.189312153461836843e-02
-4.938705960160053032e-02
2.258191738130915088e-02
2.040705766498510446e-02
-4.822197175865869379e-02
7.961399117621038748e-05
-2.932821458370470872e-03
-4.833141589743249200e-02
-8.214940322772069274e-05
2.948707053886144742e-03
-4.798696965625678934e-02
-1.077777692285030418e-02
-9.086547965808733709e-03
-4.834246846527849584e-02
-1.060142764661459007e-02
8.275096705046672968e-03
-4.805445187733470291e-02
1.051351542675392839e-02
-9.089473141260894298e-03
-4.836390210345101887e-02
1.064486410143136198e-02
8.307272835524017254e-03
-4.730291058169477231e-02
-1.058612602694480008e-02
-3.240721609395990060e-03
-4.734956214596316992e-02
-1.050811575202958113e-02
2.503973418818639541e-03
-4.728853231774151483e-02
1.056279904496161201e-02
-3.207911498005009548e-03
-4.736757535321386298e-02
1.053028688262127276e-02
2.527158604777168718e-03
-4.662731347444474400e-02
-2.169674642344332147e-02
-1.486335059147649365e-02
-4.694140680467532439e-02
-2.149935680483518879e-02
1.427118999497394708e-02
-4.654862219781395749e-02
2.166630409770357868e-02
-1.476630519929359245e-02
-4.683944390270291386e-02
2.148738796290790287e-02
1.425967742820480333e-02
-4.685187575110030811e-02
-3.502167074723488982e-02
-2.725829593751448454e-02
-4.674328977843233285e-02
-3.484670359007310814e-02
2.700882688009078464e-02
-4.688583126188484995e-02
3.505640763187808234e-02
-2.728334405801709911e-02
-4.667644357291695495e-02
3.484774643052258869e-02
2.697658986048039401e-02
-4.644440268923643450e-02
-5.213945961808982843e-02
-4.164555710384493931e-02
-4.567199555683378043e-02
-5.198804304127848525e-02
4.168320787398529376e-02
-4.649276009415768962e-02
5.207509347816075690e-02
-4.163532203463342352e-02
-4.560441666906127345e-02
5.199238860615415514e-02
4.165086122060526752e-02
-4.505221475617334631e-02
-2.095232372729229769e-02
-8.901738533352500371e-03
-4.524139385799124530e-02
-2.076809696488659748e-02
8.378099636619978918e-03
-4.496864287540177502e-02
2.097308674942982218e-02
-8.835693511995075175e-03
-4.513553474569937524e-02
2.077688367443967371e-02
8.362352180369658425e-03
-4.432425125752402495e-02
-2.056744809798303000e-02
-3.096606299105240153e-03
-4.435846480935990571e-02
-2.044391267569097698e-02
2.630784894041143795e-03
-4.415506484675840032e-02
2.063433830977452060e-02
-2.625364717744446599e-03
-4.424008710442878245e-02
2.044377716800695188e-02
2.612808802036220741e-03
-4.369555457437416385e-02
-3.285142913274573251e-02
-2.075265319572947020e-02
-4.385801199516314863e-02
-3.320258061295477958e-02
2.133022011249610314e-02
-4.400390909373128739e-02
3.362288018920994020e-02
-2.184661316670040432e-02
-4.362321124535831901e-02
3.265139346926261565e-02
2.047729667670970810e-02
-4.228462174823216513e-02
-4.828747344574806782e-02
-3.465509886548441554e-02
-4.168867847180685038e-02
-4.761611847208897796e-02
3.408993795931029858e-02
-4.226053058146482522e-02
4.773063733484900206e-02
-3.410168587681909613e-02
-4.162996321432327340e-02
4.816138378877393711e-02
3.463697051539414706e-02
-4.136839701408426967e-02
-3.124772836244279692e-02
-1.462039253647937943e-02
-4.147904851239809371e-02
-3.108867022914469855e-02
1.437348227355495639e-02
-4.138182287683567218e-02
3.125268193374503012e-02
-1.464001140877094730e-02
-4.153652849808730368e-02
3.071810695805746519e-02
1.434787309631055212e-02
-3.994261684871095591e-02
-3.018384695306154664e-02
-8.691152700320101121e-03
-4.001930020923863407e-02
-3.004868940047455625e-02
8.501866722791294115e-03
-3.979857474291915304e-02
3.019144689330012510e-02
-8.756144611965862093e-03
-3.987452482323482206e-02
3.000715119368483480e-02
8.468736085795713561e-03
-3.924998191767016531e-02
-2.962920493120608373e-02
-2.925710540103026308e-03
-3.929447551635168595e-02
-2.956118843670849095e-02
2.773174354980101949e-03
-3.910895837932750613e-02
2.961429825464700905e-02
-2.981327178900703041e-03
-3.913667443332264489e-02
2.953803175483899618e-02
2.736972895045553140e-03
-3.879885741330623555e-02
-4.421865042028338966e-02
-2.712080417217983819e-02
-3.907984044552884756e-02
-4.417275705054808654e-02
2.784378241696459921e-02
-3.882138868120157960e-02
4.429196487574957319e-02
-2.712639653246387561e-02
-3.840667720320170564e-02
4.406731463854666325e-02
2.707687576613555455e-02
-3.850979858877093265e-02
-6.685511362378021571e-02
-5.001109678663925168e-02
-3.742386704533503389e-02
-6.676851383207270396e-02
5.010336322720124191e-02
-3.850819438687960727e-02
6.685990885850036369e-02
-4.996515821459681511e-02
-3.737044863405508677e-02
6.676595982074368107e-02
5.009108849100040589e-02
-3.590159612727320676e-02
-4.208057431201998183e-02
-2.121679092369387065e-02
-3.614330177763352275e-02
-4.150793778298157710e-02
2.100930206368030809e-02
-3.615912756326390004e-02
4.208244505808245162e-02
-2.139651859984379248e-02
-3.602469018068688716e-02
4.161206123346179037e-02
2.112674872143767077e-02
-3.418108030902761857e-02
-3.945545328928019846e-02
-1.448335913366720698e-02
-3.362280994317146804e-02
-3.968831634973975231e-02
1.435587578228736914e-02
-3.416917821693879476e-02
3.947546520380586232e-02
-1.447368671213861493e-02
-3.351579334802347321e-02
3.964851106081784815e-02
1.433081990129543223e-02
-3.470251771625500192e-02
-6.078837069072539484e-02
-4.163577588292013965e-02
-3.401728655636163806e-02
-5.949574955716162988e-02
4.073254526807286446e-02
-3.438373770427177734e-02
6.081831644150505201e-02
-4.153565080325601067e-02
-3.376641611440178020e-02
6.059080117654855324e-02
4.174305870054096507e-02
-3.296899072386916957e-02
-3.809248281767830396e-02
-8.572470594362863183e-03
-3.295618138539068570e-02
-3.801894385446902974e-02
8.579885358114283656e-03
-3.288122351183194597e-02
3.811809963465930678e-02
-8.584405478815702178e-03
-3.283309010585897664e-02
3.797736378169862259e-02
8.554034431439741862e-03
-3.234729356988488153e-02
-3.742344817781010496e-02
-2.832596892305376014e-03
-3.236772869177864664e-02
-3.738035139208679275e-02
2.847542411458674639e-03
-3.221302395644116967e-02
3.738406050814012394e-02
-2.861880678266011738e-03
-3.222939601977986568e-02
3.733478211317631246e-02
2.821303020681471124e-03
-3.107102213670874524e-02
-5.593632356142490270e-02
-3.412951064231398157e-02
-3.086145926739130088e-02
-5.550138287940712539e-02
3.414282211697492603e-02
-3.154059522600845267e-02
5.566483766250261006e-02
-3.404713625390484721e-02
-3.079391236431850559e-02
5.548428095648430536e-02
3.414076594562887729e-02
-2.891289690015939537e-02
-5.151056523500912449e-02
-2.707177592533490523e-02
-2.846664131207561274e-02
-5.138222527409127410e-02
2.714893330735320201e-02
-2.893492688416963998e-02
5.154599865062275965e-02
-2.708000591361032702e-02
-2.839769623835980070e-02
5.136247876813936769e-02
2.714497457628506361e-02
-2.688768769385494264e-02
-4.829587978582113028e-02
-2.056067142346921367e-02
-2.661006495168303024e-02
-4.817955667178536877e-02
2.064019800039054373e-02
-2.690083026942191591e-02
4.832026902924828338e-02
-2.056487236436125091e-02
-2.653954954120874357e-02
4.816108021310232246e-02
2.063627301129444466e-02
-2.538290812723544010e-02
-4.591044737910706525e-02
-1.442445700864047713e-02
-2.524842622701310366e-02
-4.583176451204837992e-02
1.450020470582581711e-02
-2.536574767532444666e-02
4.594752593366422527e-02
-1.441783035673652527e-02
-2.516818311100355379e-02
4.581224444191770578e-02
1.449747295349035174e-02
-2.413255549993657129e-02
-4.475104785537410007e-02
-9.311027846695671406e-03
-2.418514973293829293e-02
-4.438916372045003528e-02
8.650012997479817820e-03
-2.450989576756069238e-02
4.440279674231462081e-02
-8.930266876258648179e-03
-2.383895350915794797e-02
4.447718398136928097e-02
8.654715660820060455e-03
-2.392086527029289172e-02
-4.358437798343947622e-02
-2.782447887520557439e-03
-2.392317487418107666e-02
-4.355190828295069788e-02
2.898002379957988033e-03
-2.383201301397865415e-02
4.356504817922193101e-02
-2.792569632871301326e-03
-2.373684039047686822e-02
4.370591593997833618e-02
3.749282859148288585e-03
-2.376489078209747391e-02
-7.343881385084256863e-02
-4.997880757115405470e-02
-2.267122459242877294e-02
-7.334995170699372402e-02
5.012547577593923914e-02
-2.378312356465057259e-02
7.342169693599347180e-02
-5.000552686019116289e-02
-2.261204263034974349e-02
7.332949766153240567e-02
5.014226858405058940e-02
-2.137691389780155271e-02
-6.670002933763526098e-02
-4.162924917845679806e-02
-2.045868337678061546e-02
-6.656217390098292941e-02
4.177564374503046213e-02
-2.139940351216448530e-02
6.668299072631425628e-02
-4.167061388815355982e-02
-2.039248822998478497e-02
6.654349448665457245e-02
4.179270565997045966e-02
-1.934304082209561265e-02
-6.108770661114763106e-02
-3.404832581193458635e-02
-1.862759272362517898e-02
-6.095732168715434218e-02
3.416685984168257167e-02
-1.935033805361092291e-02
6.108679036039176696e-02
-3.408387635560893025e-02
-1.856052761472672466e-02
6.093567189482750057e-02
3.418719271753537653e-02
-1.729495072169127956e-02
-5.717964563439447562e-02
-2.786959039427836307e-02
-1.689895972791069512e-02
-5.670446600007204851e-02
2.748671172722148143e-02
-1.844467531521143747e-02
5.681739643530329953e-02
-2.788394037186481267e-02
-1.708343080714325515e-02
5.640851713274981638e-02
2.718841234981988000e-02
-1.643926832790846074e-02
-5.324465175926657023e-02
-2.101261282115497384e-02
-1.600372016709577724e-02
-5.290508471886910813e-02
2.065818561468351494e-02
-1.634298802944625373e-02
5.361527909947842729e-02
-2.160931753832768740e-02
-1.534622309023358014e-02
5.331707048258237797e-02
2.120030283222866518e-02
-1.538147014075382131e-02
-5.041101538986328401e-02
-1.439999714276364931e-02
-1.516562668421840739e-02
-5.032539915922041446e-02
1.451755973176827030e-02
-1.536917257298255936e-02
5.043569019157966710e-02
-1.441577141382209028e-02
-1.510199856131324431e-02
5.031277794431885525e-02
1.453566819356006540e-02
-1.473563964987376421e-02
-4.868930002388709155e-02
-8.512628592113982359e-03
-1.462180842678573005e-02
-4.864218942055858336e-02
8.637766560620570647e-03
-1.469973809572161852e-02
4.870664803172422563e-02
-8.517375545045403548e-03
-1.454398547751126376e-02
4.862713408013429051e-02
8.655888551252429591e-03
-1.439733033247395100e-02
-4.783446147939540705e-02
-2.778150798093691892e-03
-1.436186585187862637e-02
-4.781397846162887405e-02
2.910664079620174909e-03
-1.434420174917835737e-02
4.783320584629893041e-02
-2.769726561425110093e-03
-1.429396031771926374e-02
4.780400117605434346e-02
2.928355923928449914e-03
-7.994070330177445102e-03
-7.680335121745043847e-02
-5.002519225479590270e-02
-6.882933408007487971e-03
-7.671318381188015068e-02
5.011335235294846896e-02
-8.012788763831647093e-03
7.680563636895010315e-02
-5.002430000604436711e-02
-6.814028258881017069e-03
7.668605062472348688e-02
5.013878451577089002e-02
-7.084056687941430418e-03
-6.973811012712695379e-02
-4.168286272647563767e-02
-6.737737314496453772e-03
-6.945708198649713783e-02
4.173002990523975303e-02
-6.885313076606084867e-03
6.861206479284147342e-02
-4.021177945864840009e-02
-6.072371527561214351e-03
6.958465133174053519e-02
4.179506678222387472e-02
-5.886641326835153308e-03
-6.420218856487709680e-02
-3.451329024654017918e-02
-5.803508527129165595e-03
-6.389668026840474024e-02
3.443082325677246369e-02
-6.452175140233173262e-03
6.309481373913095048e-02
-3.302576088255122777e-02
-5.462322556257527377e-03
6.371557210321043829e-02
3.418426086125111313e-02
-5.601424612218438952e-03
-5.914076456693023037e-02
-2.708041961168652229e-02
-5.031923326965770209e-03
-5.900051739760003855e-02
2.716139724227229976e-02
-4.981627658859189185e-03
5.913367922752010147e-02
-2.708451297283734349e-02
-4.194687942795142198e-03
5.890031318146955047e-02
2.704287536993049690e-02
-5.719425937859302575e-03
-5.564717472896865691e-02
-2.120827832555731082e-02
-4.642876204163564301e-03
-5.531340541129936561e-02
2.064573181926785198e-02
-4.372002515036153315e-03
5.586434756367915366e-02
-2.135971577194093959e-02
-4.578829655952800295e-03
5.529474028283037912e-02
2.067394247843228061e-02
-4.620651732506307272e-03
-5.267479783493766998e-02
-1.442132588472229589e-02
-3.758472365770165139e-03
-5.267720486770719607e-02
1.468267500912473142e-02
-4.075352300517369637e-03
5.269613113731602683e-02
-1.441428632997414361e-02
-5.021648550725344752e-03
5.267105738958795941e-02
1.503222786905761624e-02
-4.330436972753440306e-03
-5.087605537622504059e-02
-8.531369413066411389e-03
-4.197326975981555477e-03
-5.083260117336300954e-02
8.622136231186771846e-03
-4.923460331984525970e-03
5.067247124691745541e-02
-7.971505045577479548e-03
-4.127216380601200253e-03
5.084272467169622528e-02
8.640711228207717184e-03
-4.167253567970426870e-03
-4.997867179510791930e-02
-2.797459048287078299e-03
-4.134184077287897385e-03
-4.996541648889089166e-02
2.884674139105104437e-03
-4.128685630013238621e-03
5.000139322914281398e-02
-2.782943454881723396e-03
-4.081148785666092668e-03
4.998761547461001709e-02
2.897406857501816022e-03
2.994582808314851657e-03
6.935697631986722286e-04
-5.018986218816547801e-02
1.154325807577852780e-03
-2.331238893448114337e-03
4.998609107836179954e-02
6.359750359117024264e-03
-4.994306236241728009e-02
-2.155708724421358941e-03
6.329054487982434599e-03
-4.994083967254647066e-02
2.860534730437118422e-03
6.329340299307819120e-03
4.998184286551404787e-02
-2.817632419073327725e-03
6.381503096849519031e-03
4.997649699496179571e-02
2.869144612576116256e-03
6.299582170402434969e-03
-5.087322692634697885e-02
-8.557266505693486222e-03
6.457584641379175185e-03
-5.081152583649509863e-02
8.589488861143643531e-03
6.316663299960500154e-03
5.087877733911411182e-02
-8.565055417703014776e-03
6.515808919343052744e-03
5.082470338594536480e-02
8.617659657153867517e-03
5.809266247459255773e-03
-5.269868255283685632e-02
-1.444387259140921496e-02
6.020681395953248437e-03
-5.286238952439785421e-02
1.508269967872117277e-02
6.997381267615732960e-03
5.286031274078513420e-02
-1.514129050263557374e-02
6.727706398982681926e-03
5.258204568340293233e-02
1.449885398724805145e-02
6.554552043486292640e-03
-5.544219916211776816e-02
-2.059458294184805111e-02
6.963812023450111424e-03
-5.530499157261271198e-02
2.061651066507456595e-02
6.521249012130784020e-03
5.540685443137598892e-02
-2.062112847021180598e-02
7.025914487109112018e-03
5.528607912407399599e-02
2.064556916714486295e-02
6.759253073176920042e-03
-5.912513923301031954e-02
-2.711550586291044951e-02
7.359071985321218728e-03
-5.900309767680569917e-02
2.712506554209051166e-02
6.758150382696206417e-03
5.911468940661513544e-02
-2.712928871188472618e-02
7.737254806626194491e-03
5.928447885865088807e-02
2.772014517625748936e-02
7.905537184615271662e-03
-6.423401216560307991e-02
-3.480416207852182753e-02
7.358832590453413640e-03
-6.436593213115107681e-02
3.493355591905750873e-02
7.444573299268127976e-03
6.373580931564847007e-02
-3.403331857742929178e-02
7.282708125131123061e-03
6.421780181693603762e-02
3.482040810244381446e-02
7.540037899653357321e-03
-6.974232226708243498e-02
-4.171630695244103737e-02
8.494067452325828813e-03
-6.961622078951984482e-02
4.172512099650495243e-02
7.545322476588185723e-03
6.974528054081034767e-02
-4.170471883016119152e-02
8.564648192650568467e-03
6.957615219331723944e-02
4.176504188364357772e-02
8.140295241953159414e-03
-7.681736813348660764e-02
-5.005820720990630801e-02
9.262773658570221114e-03
-7.672555158708607714e-02
5.007197464462244396e-02
8.107991478693865953e-03
7.680291989946497200e-02
-5.004786391354162228e-02
9.336202630189959287e-03
7.668201655085614410e-02
5.011191859149982664e-02
1.652464169974912633e-02
-4.778462987762847891e-02
-2.857770869589458529e-03
1.656152457860620916e-02
-4.775364189123109532e-02
2.824231820748376344e-03
1.653821252084363563e-02
4.776300046344702371e-02
-2.843737959687930514e-03
1.659320163346180224e-02
4.771156886855092150e-02
2.848397696603291451e-03
1.671463060921748317e-02
-4.866181051451598516e-02
-8.596429272504877220e-03
1.687867515661526860e-02
-4.858161563495552032e-02
8.550554869418748941e-03
1.672573828789817793e-02
4.863239996752275612e-02
-8.585399790696376932e-03
1.692358069314057328e-02
4.853615073898629589e-02
8.579537701088548254e-03
1.717352217161464620e-02
-5.038163903164005059e-02
-1.448297897523227913e-02
1.745952120900574889e-02
-5.029411425493465065e-02
1.443147341488756029e-02
1.716518364361061325e-02
5.037837204729458257e-02
-1.447697520415924463e-02
1.750502287210310357e-02
5.023359989321780905e-02
1.446395535394609695e-02
1.788703405902053456e-02
-5.298626756151948031e-02
-2.063463562279390512e-02
1.831661116927543048e-02
-5.288559924862221845e-02
2.057351841959804625e-02
1.844848254054348019e-02
5.315162548904555501e-02
-2.134354091082157553e-02
1.836918792405909523e-02
5.283416061603871117e-02
2.060467890198209098e-02
1.957550478798461904e-02
-5.671276831427583820e-02
-2.784174175386521302e-02
1.904617542232133615e-02
-5.697177050225941952e-02
2.773796104835512741e-02
1.829713443186041510e-02
5.732885628257365640e-02
-2.812680707925060627e-02
1.952942132670136902e-02
5.636405532820655540e-02
2.711795998115222942e-02
1.968648983945847294e-02
-6.217785595219206540e-02
-3.541926366245191221e-02
2.080636149063590928e-02
-6.159206865785957219e-02
3.481782851644901061e-02
2.048030712831692968e-02
6.205774358567441723e-02
-3.547840106532978294e-02
2.102386507103458368e-02
6.090326374961040762e-02
3.410493927058436125e-02
2.230173606953976886e-02
-6.699414929999786272e-02
-4.227391611920436332e-02
2.281412012617926172e-02
-6.658358349928103492e-02
4.166576936320351421e-02
2.185810153761932884e-02
6.669160487366899981e-02
-4.173904869969853604e-02
2.308609045278100722e-02
6.535412789492295316e-02
4.044510868332756165e-02
2.391829237496949367e-02
-7.345660018612606978e-02
-5.007471403453072484e-02
2.505041636334143229e-02
-7.338575619118613280e-02
5.000367415786886871e-02
2.391918068889703486e-02
7.345953852964985653e-02
-5.007736511437458488e-02
2.511412902475058939e-02
7.331884663920754108e-02
5.005164563709450787e-02
2.608496060962326238e-02
-4.351941971513514223e-02
-2.895133094553552743e-03
2.612537677823233151e-02
-4.348300601505836194e-02
2.785778076877788462e-03
2.607721737508789106e-02
4.345501268253199739e-02
-2.891109609378789830e-03
2.613590622351626494e-02
4.341966711610065893e-02
2.792465402233993560e-03
2.644053048722007013e-02
-4.429478739285123284e-02
-8.637407715373413009e-03
2.705462681421113430e-02
-4.393497139425476400e-02
8.571392534092135695e-03
2.637734027632937517e-02
4.448681411932162155e-02
-9.260682437650541790e-03
2.629580610570488725e-02
4.434256944936123407e-02
8.579609583330092756e-03
2.724461323581997552e-02
-4.587629804477020429e-02
-1.452099550752961044e-02
2.753636141136597132e-02
-4.578922406212749402e-02
1.439011099114395446e-02
2.722274152849874992e-02
4.583990391463099029e-02
-1.451709563685159993e-02
2.756864445425488697e-02
4.572582099778587511e-02
1.441305109174213783e-02
2.848363548319684038e-02
-4.825593187664330153e-02
-2.067373488096398496e-02
2.892453456691238683e-02
-4.815686287067943994e-02
2.052858108862168005e-02
2.846386039028209192e-02
4.823052256115552966e-02
-2.066294867610522432e-02
2.895872017040707416e-02
4.808889117271889641e-02
2.055490042839387341e-02
3.019640262955627583e-02
-5.148729726125204909e-02
-2.719781791163372597e-02
3.080132855449000881e-02
-5.137928947710247024e-02
2.703382709898302302e-02
3.019107112976761667e-02
5.146574259189229394e-02
-2.718444955540608859e-02
3.083926101313201606e-02
5.131413524089698669e-02
2.706270244580952222e-02
3.244325110638799498e-02
-5.562947348288458521e-02
-3.418757603179026910e-02
3.321044720461248378e-02
-5.551447588574372205e-02
3.401541638266079859e-02
3.243132985464604323e-02
5.561185623222056340e-02
-3.418117692509641675e-02
3.340125423147936173e-02
5.545288415416358557e-02
3.417248829703994906e-02
3.456229230644577988e-02
-3.735189812733376302e-02
-2.929926593700883826e-03
3.422901085264476451e-02
-3.767957053582182692e-02
3.216684893981597553e-03
3.453683423143254216e-02
3.728555847127553585e-02
-2.927975020376629833e-03
3.423021220231021317e-02
3.761410835053081297e-02
3.223012087470092726e-03
3.508046991206729970e-02
-3.802137052242517135e-02
-8.666227465435461311e-03
3.523765597461734483e-02
-3.795996800425308765e-02
8.474582598623376165e-03
3.505607012853473314e-02
3.796941887849954178e-02
-8.665399985880371109e-03
3.524807033463039918e-02
3.790033832430311778e-02
8.486391872951470905e-03
3.523060094184943258e-02
-6.048412777299871923e-02
-4.147031663455387485e-02
3.618557826655703635e-02
-6.063906039521653468e-02
4.160702753571833556e-02
3.524462756178727701e-02
6.074982701396535595e-02
-4.176220443981058794e-02
3.623371312475779510e-02
6.056471447370124356e-02
4.164596731120347173e-02
3.567834478695870032e-02
-3.986554922049712762e-02
-1.480036392552311862e-02
3.646237742292510881e-02
-3.929532065884669412e-02
1.435086175902412949e-02
3.615399967475734638e-02
3.933328832831620853e-02
-1.455281896719540224e-02
3.595751366069010330e-02
3.958244928845022076e-02
1.428812719253937449e-02
3.776125703004386269e-02
-4.202595012286723664e-02
-2.148060934014457690e-02
3.831881662675414024e-02
-4.132749261758147247e-02
2.048483654741478643e-02
3.786033818096271736e-02
4.138513511664401040e-02
-2.069358215377217064e-02
3.848011199174402458e-02
4.140906133919811105e-02
2.087088577280296620e-02
3.869588538600041844e-02
-6.691868708921715203e-02
-5.011578753130391944e-02
3.979001301919161959e-02
-6.684020946206609137e-02
4.993615860526269545e-02
3.868159210210458249e-02
6.691530556284197573e-02
-5.010515653605503161e-02
4.057912071610276367e-02
6.622668989948934937e-02
4.997599051522415986e-02
4.044513010130042219e-02
-4.487568428216985594e-02
-2.824960483793679047e-02
4.083110469258266484e-02
-4.409316174082441447e-02
2.698536213051108343e-02
4.022084033293688021e-02
4.417537899725899192e-02
-2.719892864542901995e-02
4.085776423713827904e-02
4.402582325196829210e-02
2.701497747073550865e-02
4.157008914836417962e-02
-2.953596892229185672e-02
-2.970809948995186290e-03
4.188107268725297511e-02
-2.938730951706797906e-02
3.712984812361150039e-03
4.171670722325448999e-02
2.918381996262498293e-02
-2.524727505360748522e-03
4.204506885406118083e-02
2.897434525342186193e-02
3.526297044481473911e-03
4.222303598165660227e-02
-3.007487000332872626e-02
-8.711323275215900400e-03
4.237904241168047315e-02
-3.003127683231979553e-02
8.443333924287286379e-03
4.219294924008352293e-02
3.002542443702437697e-02
-8.698134436160930016e-03
4.237786878437358601e-02
2.997332168680108197e-02
8.453670253106367397e-03
4.383242817081988568e-02
-3.069631706625212259e-02
-1.460947753813331487e-02
4.386455380000054555e-02
-3.109013356797949226e-02
1.432672457142079338e-02
4.354293794817491736e-02
3.110145833897400014e-02
-1.458794986404251398e-02
4.403417595953422470e-02
3.073331999872001841e-02
1.433827137693675403e-02
4.328563680579354533e-02
-4.774965316904428159e-02
-3.421972022630587196e-02
4.404629113954452307e-02
-4.764561718403381718e-02
3.396649017725558717e-02
4.326914207437855542e-02
4.772949489750231977e-02
-3.419095784404205252e-02
4.525677672004032454e-02
4.766819535830688764e-02
3.519639746668330044e-02
4.567380818885147936e-02
-3.276883393247286003e-02
-2.074392334414263198e-02
4.642118269282069498e-02
-3.254986098374663267e-02
2.082388950373274816e-02
4.577659671814298531e-02
3.290400882992115805e-02
-2.109355249706956065e-02
4.610303132584144675e-02
3.262324750669158557e-02
2.047593019906948295e-02
4.695672711589975873e-02
-1.999792125036266993e-02
-2.592320615731770212e-03
4.667927727173572933e-02
-2.096932348382370831e-02
3.408231518288208205e-03
4.679896333548133613e-02
2.041104618085226932e-02
-3.001687813543416072e-03
4.699024499313170233e-02
2.039253155168096673e-02
3.531116662357838224e-03
4.756815678227537675e-02
-2.081802370839084745e-02
-8.739265503789216474e-03
4.771188273355222303e-02
-2.078152011705738933e-02
8.416518760200154131e-03
4.755551666681608058e-02
2.078416887912665212e-02
-8.734760121884961592e-03
4.770461911579335773e-02
2.073431969962963653e-02
8.423854480951150150e-03
4.710318793307825824e-02
-5.215361022765654941e-02
-4.179997466461062711e-02
4.803129247936828439e-02
-5.204603691544096300e-02
4.155111451076677620e-02
4.757967762757637359e-02
5.229287939087459008e-02
-4.232577410429279319e-02
4.807120184430604265e-02
5.196442829187804258e-02
4.158327127438416621e-02
4.855559743178696624e-02
-3.496008672497086245e-02
-2.725224894754763039e-02
4.913046924070273158e-02
-3.488596184421061813e-02
2.695363393910508304e-02
4.853012665546051901e-02
3.494284459617743449e-02
-2.723734304885585752e-02
4.914219759301343554e-02
3.481039672539586183e-02
2.697534678827082782e-02
4.867622165265856476e-02
-2.210037985071425237e-02
-1.423572755105831020e-02
4.938317456171636977e-02
-2.151698647439643369e-02
1.429739426149750567e-02
4.902713455752668453e-02
2.171008176427512842e-02
-1.470675573205776528e-02
4.938122150621156170e-02
2.145944761357129055e-02
1.430977529005358038e-02
5.003587523644199841e-02
-1.045678404754284488e-02
-3.010501447499536187e-03
5.008527707506851834e-02
-1.044569808615600573e-02
2.671778939693315869e-03
5.006959431003803890e-02
1.043248567442087334e-02
-3.018254895341045824e-03
5.026657050062455223e-02
9.926044601946307222e-03
3.409541759332681676e-03
5.086374350535243644e-02
-1.065225814556020056e-02
-8.747356480527684885e-03
5.089209793098113666e-02
-1.094920411332116032e-02
8.408823951225424115e-03
5.078855595216703184e-02
1.099486242872662126e-02
-8.820983243880430730e-03
5.081998284145582828e-02
1.120154244190217467e-02
8.469842526860199561e-03
5.120518750138508546e-02
-2.974854343469002997e-05
-3.371656631152721451e-03
5.118332779266102084e-02
-1.584926120349659001e-05
2.664209287470186826e-03
5.138013113328372683e-02
-2.189570358055046434e-02
-1.989473165348958072e-02
5.190036093503402892e-02
-2.262928508481436285e-02
2.043086832220712343e-02
5.148924378554325942e-02
2.267281301434302329e-02
-2.076879106806441000e-02
5.190197030946314821e-02
2.256401900206594230e-02
2.044676913797347298e-02
5.194132422379240527e-02
4.676818189044950063e-04
-8.705520668505601148e-03
5.211318924849668577e-02
-1.656626594732734894e-05
8.398402755206011566e-03
5.175569171497194226e-02
-5.742822448558985299e-02
-5.013378299613083233e-02
5.284991928336348760e-02
-5.737275050335727267e-02
4.987480459570368257e-02
5.171161311882838119e-02
5.740571110220862860e-02
-5.007354694029260422e-02
5.289966916267564712e-02
5.727977332414160849e-02
4.990991177969020254e-02
5.254205669417238295e-02
-1.103341185843041868e-02
-1.464631805421789425e-02
5.287449635284310889e-02
-1.147543769004030247e-02
1.479187268314752571e-02
5.263939466210768026e-02
1.035762959615316517e-02
-1.470941601774651553e-02
5.279021381240159294e-02
1.095782518602638443e-02
1.428956354954791404e-02
5.221926538990211142e-02
-3.858794819879481780e-02
-3.490270322803702696e-02
5.285916007152705737e-02
-3.758589194730291988e-02
3.364750150362926656e-02
5.219037475211692895e-02
3.748913112156261607e-02
-3.393734107030354358e-02
5.316695947141079903e-02
3.865619706003492473e-02
3.496852065672174936e-02
5.370454306229584945e-02
1.763650195894549458e-04
-1.470823597348293321e-02
5.389698091577704159e-02
-2.424278889580834431e-04
1.419869800896307425e-02
5.477021123304892658e-02
-2.419995960096478493e-02
-2.728317612638254952e-02
5.533371377938738761e-02
-2.415341281381420610e-02
2.692330738014649463e-02
5.476657356742791610e-02
2.418814388019530082e-02
-2.727651110225364980e-02
5.533617114451990643e-02
2.407863365268148037e-02
2.694236856861282822e-02
5.509916833410400533e-02
-1.159954342077222471e-02
-2.078533468845424059e-02
5.548996645644920650e-02
-1.158213797960876146e-02
2.041801011572192542e-02
5.509690744954619940e-02
1.158652846331902943e-02
-2.078906565852255833e-02
5.548595199182242144e-02
1.151899039187923197e-02
2.042553896596085994e-02
5.639098233973027091e-02
-6.498342173968724995e-06
-2.093499286346428220e-02
5.670451178933290370e-02
-3.175767902660237593e-05
2.041588156596730805e-02
5.688891073427201905e-02
-4.123858512659912129e-02
-4.176532974092311140e-02
5.782990077289750647e-02
-4.118068229950617998e-02
4.150892681153577762e-02
5.565941567507539517e-02
4.128364748858322220e-02
-4.066482071525294451e-02
5.785521661105139102e-02
4.109003383898968131e-02
4.153416617559169133e-02
5.859707981245958902e-02
-1.237127558220217291e-02
-2.729907532135050774e-02
5.893958755894233847e-02
-1.291979217431349185e-02
2.683768242441552168e-02
5.863590162340736461e-02
1.166625020732000098e-02
-2.722554776917894895e-02
5.894008231873747866e-02
1.284614476327157299e-02
2.684782084294180110e-02
5.935446800135049661e-02
-2.564324202185659998e-02
-3.454098365694711209e-02
5.998398064933938706e-02
-2.621292848625981706e-02
3.426687106242333469e-02
5.882715807511157413e-02
2.603671026058268501e-02
-3.398273290444996791e-02
5.973020924541525001e-02
2.601837277747484287e-02
3.391851132991358098e-02
5.992539689406898434e-02
1.648453766466325277e-04
-2.737095172975741869e-02
6.046234689427341935e-02
-3.636877885630512857e-05
2.690930117608735309e-02
6.253010409637031752e-02
-4.542371592155597382e-02
-5.010929896451979393e-02
6.365713837991131274e-02
-4.539110173054978353e-02
4.982265078439881978e-02
6.253403572286486689e-02
4.541737279632317159e-02
-5.012466463637768599e-02
6.369032063750654227e-02
4.529484222850488351e-02
4.985060043910586464e-02
6.312987538708254853e-02
-1.337025428350479585e-02
-3.428958249619388360e-02
6.386200005272878177e-02
-1.336204417690275807e-02
3.388140426444575387e-02
6.314830345223212960e-02
1.336103838836738729e-02
-3.426114963896868121e-02
6.386466535745703721e-02
1.328015971861669364e-02
3.389404061430991572e-02
6.425358959326854524e-02
-2.854959310503804928e-02
-4.184097871793752282e-02
6.515731927528720102e-02
-2.851467327276044003e-02
4.147480884538702617e-02
6.423232175251536447e-02
2.854467589208090073e-02
-4.184550409538209670e-02
6.517152924053039309e-02
2.842199637134679158e-02
4.149375445062451068e-02
6.433073428584340503e-02
3.070786871928817170e-04
-3.397927267870632512e-02
6.526616161894116530e-02
-4.123500496537402607e-05
3.388063186662518961e-02
6.879199511584786764e-02
-1.459368047733681541e-02
-4.184837559782850908e-02
6.967993386951966406e-02
-1.459678422378083741e-02
4.145534745452935516e-02
6.875824779067310488e-02
1.458910956705878649e-02
-4.184338949086189446e-02
6.968735674820547565e-02
1.450515242575305813e-02
4.146764723481029258e-02
7.029514515612099446e-02
-5.901280442589386630e-07
-4.184171108963588570e-02
7.017767756518378253e-02
-4.738904853677833231e-04
4.019095320181944458e-02
7.064230516300407103e-02
-3.143643101637241116e-02
-5.015761385762194241e-02
7.173684819189300732e-02
-3.143159289711090765e-02
4.978521078048638721e-02
7.063977829591568114e-02
3.144099422441869185e-02
-5.017346189243988841e-02
7.175414181598656349e-02
3.132962012818578390e-02
4.980593915236087438e-02
7.563255153385520235e-02
-1.606469709715756949e-02
-5.016796767592364426e-02
7.652519566694508668e-02
-1.670462133344714425e-02
4.976423155140074356e-02
7.561973550020992252e-02
1.605754440548798692e-02
-5.012652457622220059e-02
7.673287585135112054e-02
1.598892425770318676e-02
4.977704405075519117e-02
7.723974535378237694e-02
-6.237285494200229749e-04
-5.015852735211984853e-02
7.841404659862488691e-02
-5.084745947442172919e-05
4.976104165687592756e-02
6.356587178427810202e-03
-7.879468600265268630e-03
-5.745258522150235858e-03
-1.636306129652618027e-02
-2.843813092794239897e-03
1.489198803437655899e-02
-2.105335319914194633e-02
-2.928929057911876612e-04
-3.160353348711669036e-02
-2.260633129927838714e-02
-3.301311649147690291e-02
-1.015089830520059765e-02
-2.306381493510736153e-02
3.177795356914658864e-02
-1.061045985479019439e-02
2.503953405330185122e-02
3.192290627729846980e-02
-1.134487623135796083e-02
-1.173644721482509923e-02
-2.067019892438857337e-02
-3.690066850310704319e-03
3.053380596241875647e-02
-7.898645065498992660e-03
1.946752955744208285e-02
2.036212100875999659e-02
-1.827533936335502818e-02
2.841882900134291151e-02
5.598789725335307291e-03
-4.488046807210669537e-02
-3.450690202373073168e-02
-1.920099762767721319e-02
-2.256914509663760643e-02
-2.509498902928588085e-02
-4.377768934656547234e-02
-3.350496579153346144e-02
-4.012228111397500574e-02
-4.201347404057615559e-02
-1.412465484079970628e-02
2.658623293577584007e-02
-4.825270855591298758e-02
-1.891011281701057700e-02
3.950535369908256961e-02
-5.237594100718211132e-02
3.728632943378692392e-03
-3.866261399381425157e-02
-4.455417403764652673e-02
-7.858487943726166379e-04
-2.741590685790434162e-02
-4.455553535793117803e-02
2.215714694356915853e-03
2.460809152400303748e-02
-5.194109898972579242e-02
2.008669402350641772e-03
3.859659485213860763e-02
-4.796948263270905954e-02
2.125879946393495479e-02
-3.914934000756215005e-02
-4.106921852272425039e-02
1.455505073856278031e-02
-2.771129507959797789e-02
-4.961060005452475746e-02
1.865834354149091545e-02
3.866857077893126604e-02
-4.582551708075262298e-02
3.422911036352343367e-02
4.062346298873929784e-02
-1.337107446390825224e-02
4.178795395366265153e-02
-2.577776156492886037e-02
-3.271969095834833391e-02
-4.541979635955746553e-02
-4.052054061542564867e-02
-3.072515749959139203e-02
-4.551919463931117932e-02
4.030894556690562541e-02
-2.799041766831768252e-02
-3.379071207178384328e-02
-3.730474046061609678e-02
-3.000830414954520214e-02
-3.398853899909289045e-02
-2.428149081245740276e-02
-3.137316995730843328e-02
-3.052609622994036445e-02
2.385524362877262244e-02
-3.468647283267709686e-02
-3.254298265468559548e-02
3.700797688853466744e-02
-3.962385602487091679e-02
-1.826201200126371244e-02
-2.792521778680098418e-02
-3.414786731141497556e-02
-1.673088716811848425e-02
-1.102848090337213253e-02
-3.268047946189703984e-02
-1.997489807646584195e-02
7.223695273261197120e-03
-2.954727180355986096e-02
-1.425802860995603084e-02
3.662727026148222126e-02
-3.688826851455182659e-02
5.498599540547701933e-03
-1.076146766858332091e-02
-3.755765143455305766e-02
1.276572866792257451e-03
8.104606573099725972e-03
-2.889591429852991430e-02
-5.115957223991298786e-04
2.506893775457441631e-02
-3.685359932579553716e-02
-2.751381199555068009e-03
3.620411490064123772e-02
-3.173024799090093384e-02
1.710742027932470044e-02
-3.791214898589782833e-02
-3.259477699476549806e-02
2.063572494687614112e-02
4.562746283559445358e-03
-3.808572198650622687e-02
1.868927383493425645e-02
2.439614357550747709e-02
-3.411117209191078664e-02
1.368802673944251660e-02
3.928406492153930368e-02
-3.581043682487262958e-02
3.673473761634635931e-02
-3.844369864712383206e-02
-3.092646012224944257e-02
3.196295412608696901e-02
-2.603238131236087355e-02
-2.878611497479143660e-02
3.424456414053921038e-02
2.390551607845698562e-02
-3.467462722763246102e-02
3.243335810396198032e-02
3.738004430884055151e-02
-2.960073723830071793e-02
4.555394456399231712e-02
3.857194696909798520e-02
-1.660250039552220100e-02
-5.098500776067773493e-02
-3.920866069329111137e-02
-1.507891959812074877e-02
-5.260306328304713980e-02
3.931515963311101036e-02
-1.666583878180488351e-02
-3.575024478173992326e-02
7.296443082701931787e-03
-1.516592671483970624e-02
-3.979906283216085722e-02
2.595833487990355584e-02
-2.013127527272479469e-02
-1.772397480705418388e-02
2.150996820107693719e-02
-1.551953449367586731e-02
-2.236721471708257719e-02
3.736585536765590909e-02
-1.368973215334445652e-02
-1.779326679089216628e-03
-6.665652902748295597e-03
-1.531450267274086716e-02
-1.190476898114051219e-03
3.519399477173382196e-02
-1.730667907233470956e-02
1.917917743786895154e-02
-3.821719467389111252e-02
-1.675115526721734568e-02
1.741103746728929827e-02
-2.013392860521668118e-02
-1.479632601600973200e-02
1.879247198573241046e-02
7.030167885586631298e-03
-1.462890376889619710e-02
1.819673811106865130e-02
2.488597483337450650e-02
-1.517256800499791440e-02
1.690986013207665742e-02
3.861939391187754061e-02
-1.669321638900130023e-02
3.642791450810203835e-02
7.105370479515447056e-03
-1.304017711391096922e-02
4.285480110284670824e-02
2.354088932651140359e-02
-1.692890533409277531e-02
3.553713954266239650e-02
3.712801717256247747e-02
-1.679545803513448482e-02
5.005266132072542368e-02
-3.871165097685574236e-02
-1.666870725656841717e-02
5.202889614945321872e-02
3.898983953058092478e-02
2.184851020302844716e-03
-4.668215332404702933e-02
2.605770228819223946e-02
2.369287597757086319e-03
-5.210426935887185751e-02
3.871760665077750990e-02
-1.002361814133576230e-02
-4.171596274335043902e-02
-2.536946887064696690e-02
2.651554773470180242e-03
-3.840098876109756393e-02
-7.231395570574714916e-03
8.745558933494198888e-04
-3.348510573932934192e-02
3.505677079238834343e-02
-1.706325067582792083e-03
-1.579990344723114504e-02
-2.920790793525450402e-02
1.332567691476235858e-03
-3.987137530800961838e-02
1.314168290978002390e-02
6.813861878991425052e-04
3.667591917581689877e-03
-2.629728175020897007e-02
-7.678838933144458735e-04
2.075719054946536732e-02
-3.394529294024442589e-02
8.601487861092148648e-03
1.464707334644341392e-02
-4.383524652173088725e-03
3.491694955684631740e-03
1.372520062125685489e-02
1.786065144945114466e-02
3.982056413688496097e-03
1.775929564912540407e-02
3.812131494357738626e-02
5.111596572899369589e-04
3.859741777256674861e-02
-9.095276993434465995e-03
7.009652468329764840e-04
4.035854584124345945e-02
2.007268102767864257e-02
-1.306703694760275936e-04
3.230137418341409716e-02
3.585444667426315735e-02
9.855698522919433425e-04
5.451407257494440134e-02
-3.916607876850936726e-02
3.911586660887992652e-03
4.585421963770767301e-02
-2.822952331647661170e-02
9.875484204576374415e-04
4.931117015767365330e-02
3.422257771740305071e-02
1.857676772045867286e-02
-3.734421499486494100e-02
-2.044385580024535298e-02
1.877600020476902914e-02
-3.558173734755339795e-02
6.767934115918074374e-03
2.308921211599882298e-02
-3.677083026109199959e-02
2.329590687691977802e-02
1.767042041096525753e-02
-4.259925697727938443e-02
3.770316866177784304e-02
1.947174841156810304e-02
-1.678142931182702302e-02
-2.348578907473671332e-02
2.103271200946601679e-02
-2.222246292098465151e-02
-4.190956451656447507e-03
1.913050547767623788e-02
-4.732819722399092240e-04
-3.582271846395133214e-02
1.502383080797469253e-02
-8.992033495417091652e-04
-1.914068939300995684e-02
2.131247285733529201e-02
4.359433162903779239e-03
1.187007789892670882e-02
1.936483524468023132e-02
-1.987248615169415569e-04
3.351387091723048023e-02
1.884743892831674053e-02
1.709077504194577227e-02
-3.829376217323646886e-02
1.521914976207229368e-02
1.577896356992396915e-02
-2.222603698373517428e-02
2.353013213535521189e-02
1.745403440850530619e-02
3.400224447098471742e-02
1.878448148345829988e-02
3.892207718654724230e-02
-2.542944084558922124e-02
1.758999726294388152e-02
3.609744080802886751e-02
7.024114046973116941e-03
1.748663828242250085e-02
3.808572830565679079e-02
2.700091536910364728e-02
3.303073613607476061e-02
-3.539528129179911331e-02
-2.760035606280061837e-02
3.412682073690221501e-02
-4.065914815458940290e-02
3.901468973504774312e-02
3.844508106995258440e-02
-1.801265163185272397e-02
-3.662394522853435613e-02
4.130495143975429495e-02
-1.812525502611781955e-02
-2.332557369916369444e-02
3.627283644041972427e-02
-2.050039193594321851e-02
-1.037533632020853046e-02
3.521192113703189297e-02
-2.189871224604711397e-02
7.413592753571638348e-03
3.985929345823957526e-02
-2.112513629799552678e-02
2.785729886880063122e-02
3.517256930696077005e-02
-1.209098464513162991e-03
-3.955451682418422571e-02
3.058694796373961217e-02
-2.180935154611919786e-03
-2.554008239010218187e-02
3.781484313124012370e-02
3.124278355333762712e-03
-1.074418111601305181e-02
4.065761489475446661e-02
-1.997392002074773690e-03
6.627604448232621639e-03
4.482909551555231548e-02
5.469810013332014392e-04
2.496733520721184513e-02
3.690631674430210063e-02
1.398804661765618886e-02
-3.986045978075247048e-02
3.926291326944624654e-02
1.784119063821827320e-02
-2.466208174394107083e-02
3.537917458895556422e-02
1.873243403771712723e-02
5.171442850065619511e-03
4.104203408288690375e-02
1.808749924811799137e-02
2.611557348540791829e-02
3.194489787662797148e-02
3.611079264639566883e-02
-3.638762142226392715e-02
3.298779987197231200e-02
3.481328273918556787e-02
2.344806855968565446e-02
3.535949555076565998e-02
3.558933948810357600e-02
3.686083648239626975e-02
4.685502759174210718e-02
-3.304526720285283492e-02
3.870234240716748098e-02
5.307142910292174387e-02
1.754996648058876080e-03
-3.880195396195484231e-02
4.658107212864426305e-02
-6.554699444941214717e-04
-2.517320866853304043e-02
5.179657036916638507e-02
1.817925213104589627e-02
-3.757345205889552064e-02
1.004032400318285653e-03
3.662723101538129661e-02
6.270091328992015260e-03
4.695900371871145756e-02
3.072269055799006429e-02
-3.988123979041056227e-02
-5.471827294129921054e-02
3.044207294678907827e-02
4.982761178132366631e-02
-4.936098235390667943e-02
4.261408300608203470e-02
4.991199227729001264e-02
-2.188597179768124804e-02
1.233313125618249080e-02
4.998591358728633055e-02
-3.701341444691993304e-02
2.815077358082720277e-02
4.992189017708832666e-02
-3.556078298560886447e-02
4.322289256213916048e-02
4.999137173459466954e-02
-2.335105013665964013e-02
4.263179243057065027e-02
5.004154690311780895e-02
-1.563338588428780929e-02
3.353416212525333479e-02
5.004041143782095996e-02
3.662841435813760961e-03
6.325958148926269509e-02
-5.004178769244886638e-02
1.448819707523966126e-02
2.502801399961709916e-02
-5.013836342288776476e-02
1.708275280644206903e-02
5.042828409226494946e-02
-5.008982054496588510e-02
4.604143786644526032e-02
5.021513484601678595e-02
-5.012161432845975428e-02
2.537020476661796739e-02
5.661830405631795154e-03
-5.010354387690047623e-02
3.396593025055617832e-02
1.681047020817532170e-02
-5.013123576072825438e-02
3.490729805842581607e-02
4.647430296588531823e-02
-5.011401994334280935e-02
4.814708667653102431e-02
3.470686592596684827e-02
-5.015374614556961791e-02
2.438646837807484369e-02
1.834521657363561917e-02
4.995796857619380638e-02
1.726444152538674295e-02
3.353998976497654660e-02
4.999301947030468374e-02
1.810617322038265628e-02
5.028637394949201506e-02
5.001984246971957759e-02
3.656532855822006850e-02
4.029234253249667358e-02
4.993688495435270186e-02
-2.336749697313718691e-02
2.816020840479361090e-02
-5.021812406783111860e-02
-3.697136789465227391e-02
4.640739364263195971e-02
-5.008103105885663986e-02
-1.056585870305475246e-02
1.622826575992005263e-02
-5.018055579395000465e-02
-3.110923229985211244e-03
3.618450352893085725e-02
-5.010651810583525989e-02
-1.433623737310774603e-02
5.453517767263609678e-02
-5.004789917795852278e-02
-2.931405982022354528e-02
-5.392062059663778328e-02
5.006102681096284701e-02
-1.114667096011606393e-02
-6.827954787180658125e-02
5.010187968945942899e-02
-2.271362268540587630e-03
-5.946894223282967601e-02
5.006265876160732181e-02
-1.632487523090454806e-02
-5.472310966186503395e-02
5.006572107378066266e-02
-1.579068685375881187e-02
-3.777130860818267433e-02
5.003286545120069762e-02
-1.926745188339574729e-03
-2.241850106916274191e-02
5.000287798901715403e-02
-1.781541288301329018e-02
-1.089005330605037104e-02
4.998289678469790970e-02
3.188573865029811771e-03
-1.701715056206925744e-02
1.981009687566011659e-02
-2.357057529123158732e-02
5.618952378853055846e-02
5.008152152706246696e-02
-5.177169250034954068e-02
-1.793774393628917371e-02
-5.064408303418040103e-02
-3.711893032956523064e-02
-3.461253928686766623e-02
-5.029174197960015191e-02
-1.996183893539651630e-02
-1.628844221688057273e-02
-5.032745998330318687e-02
-1.580414336280766552e-02
2.164313239511347561e-03
-5.025112914366600819e-02
3.519880940533094845e-04
-5.715430352341122761e-02
-5.006052730725405603e-02
3.350068609179903778e-04
-3.366905631289236062e-02
-5.005685295812496022e-02
1.707916846381731663e-02
-5.044753647415942122e-02
-5.009674019142586893e-02
2.019493911297350411e-02
-3.077896759280672467e-02
-5.010857442207126977e-02
1.292453418365588184e-02
-1.672811169375624032e-02
-5.009537480198932025e-02
3.288989006400531295e-02
2.953461141895718481e-04
4.992773883196052059e-02
5.181451028605878889e-02
-4.439122881133766364e-05
4.985720490040897873e-02
5.186645889619826560e-02
1.919607655728609169e-02
4.987052808838237511e-02
2.066398593555164760e-03
1.616957198680857993e-02
5.000709101907197668e-02
1.239016072665351503e-03
3.351577695875126300e-02
5.002432869794559006e-02
-5.115255273353494329e-03
5.421566775201924065e-02
5.008464712075307024e-02
2.334835017140986235e-02
-6.487327897361027697e-03
-5.010456531882132719e-02
3.450937099475343689e-02
-3.973473579908068376e-02
-5.013877847695112633e-02
3.395651240298579177e-02
-1.682597798141922604e-02
-5.013991477494913335e-02
5.230164092763031625e-02
-3.612759540752149418e-02
-5.016358862264808788e-02
3.488095057024039047e-02
-5.570543039195503116e-02
4.993384476537371386e-02
4.708091288359373544e-02
-4.308167085719136202e-02
4.988037177839206582e-02
1.836469197142944626e-02
-5.303951730862638964e-02
4.998406750931407017e-02
1.933128192973884024e-02
-2.117120593271922674e-02
4.996085813813081616e-02
3.142777331504961053e-02
-3.669586532211089464e-02
4.992609507141428787e-02
5.083154781116434873e-02
3.737071947713214298e-02
4.989047317779046059e-02
-5.813123883293201677e-02
-2.625907463154439521e-03
4.973173140210707110e-02
-3.411931088787376054e-02
-2.079012607424330153e-02
4.993814186793859439e-02
-3.253761631460713732e-02
-1.183053804951037538e-05
4.991510728306436384e-02
-5.998036228620675508e-02
1.775836879159366222e-02
4.975500242468970657e-02
-4.439456281561416501e-02
1.495509120402499156e-02
4.985283225283380915e-02
-3.418281122821272694e-02
-5.359085704896177083e-02
-5.002468203912543293e-02
-1.550214421726727951e-02
-5.462717168335767814e-02
-5.003988420219030592e-02
-1.899788727953767922e-02
-3.699241797464602327e-02
-5.020804040396687623e-02
1.353689577231364377e-02
-6.829765056186271055e-02
5.003601613505243018e-02
9.315274662099391062e-03
-3.849937782472520609e-02
4.999188773210823389e-02
-4.963208840529107629e-02
3.380963582508308973e-02
-5.022217599440015334e-02
-2.650816765881246206e-02
9.604327329178673212e-03
-5.037797979711360064e-02
-3.825371683685534901e-02
2.004421457088295319e-02
-5.043873892501804512e-02
4.346809492879793319e-02
6.606361691451579851e-03
-5.014236539169993762e-02
5.239099325276431324e-02
1.843305702309514654e-02
-5.015972880852430371e-02
6.311425312599303061e-02
7.681227548803975895e-03
-5.017564075010107205e-02
3.393844101108806077e-02
-1.715688977766814349e-05
-5.012377412704493301e-02
4.308571844922125943e-02
-6.227863729877972446e-03
-5.013640501182913684e-02
5.193271948691436518e-02
-1.929949563253690464e-02
-5.017454594553763525e-02
-5.821032352324294334e-02
-2.280996818654255909e-02
4.977950444146276437e-02
-4.735060938110889628e-02
-3.529044319328906304e-02
4.992887612818146248e-02
-5.509313561798580977e-02
1.646088703588119775e-02
-5.045941148722458275e-02
-4.043543744361745296e-02
9.788187449816443050e-04
-5.076908600625380796e-02
5.180861587657888817e-02
-1.682661171832918259e-02
4.985267547103339886e-02
6.106610415645573331e-02
-5.696632845360284463e-03
-5.018270964581705157e-02
