-7.740314713579470041e-02
-8.438887539140223985e-07
-5.025309274708432417e-02
-7.862232674333152760e-02
-2.158956125865667987e-05
4.962600020569531839e-02
-7.566270356713572509e-02
-1.605843453557932038e-02
-5.019068284509627803e-02
-7.692834838387811736e-02
-1.606706006668037062e-02
4.962121194431617921e-02
-7.566040083621586310e-02
1.606483688202942073e-02
-5.019615246509721851e-02
-7.693933361796384540e-02
1.602523071117999826e-02
4.964605533589500769e-02
-7.067950176497932169e-02
-3.144767862321900392e-02
-5.018022538257350257e-02
-7.193335921069261840e-02
-3.140398666316947945e-02
4.965393904199545683e-02
-7.066073708026497646e-02
3.145503784216444748e-02
-5.017641845842556181e-02
-7.194858032070645948e-02
3.137933485284070262e-02
4.968343945678704854e-02
-7.038613545580252318e-02
-1.216750979446216418e-06
-4.192253059089065537e-02
-7.141071299976095577e-02
-1.743055143073358201e-05
4.132929330841025872e-02
-6.885525845788662003e-02
-1.460908975450952475e-02
-4.188725619927752275e-02
-6.986999292740951606e-02
-1.457128870110566479e-02
4.132626645114199915e-02
-6.882070677978498197e-02
1.459226216000946395e-02
-4.188699731547107508e-02
-6.902159826718490265e-02
1.516467101656096030e-02
4.054050711967049914e-02
-6.452449971153428887e-02
1.516746552742646707e-04
-3.423352854734442591e-02
-6.520311163757554207e-02
2.653492744040806314e-04
3.345361057562684648e-02
-6.429467033905986173e-02
-2.857301242417940174e-02
-4.188564498094817651e-02
-6.533636752974192330e-02
-2.848827161614277126e-02
4.135842183375908893e-02
-6.428280504656791461e-02
2.855235379741892510e-02
-4.185932904785442943e-02
-6.536365779917562013e-02
2.847230679845786164e-02
4.137997823527563707e-02
-6.318800601817251006e-02
-1.336595759706519018e-02
-3.436047006026238942e-02
-6.403521955640595342e-02
-1.333792824906825970e-02
3.376399230693626075e-02
-6.321162924145849737e-02
1.336949756690422597e-02
-3.431695809868910707e-02
-6.405858924459148507e-02
1.331662286348055634e-02
3.378652247269586101e-02
-6.259543497244539345e-02
-4.545333729276337248e-02
-5.018723458440502161e-02
-6.384755692429398832e-02
-4.536113545326734414e-02
4.971389765656118037e-02
-6.256953328116439395e-02
4.543240436323971870e-02
-5.014157936389672388e-02
-6.387630635713666127e-02
4.535063863633536502e-02
4.973726294314483043e-02
-6.002063650408386714e-02
4.639094096225971058e-04
-2.754239013495285784e-02
-6.063773114563836275e-02
-1.659927813002877849e-05
2.680674065014861454e-02
-5.904875910224103436e-02
-2.615045903295656199e-02
-3.432266489936570270e-02
-6.006464161231422905e-02
-2.570486953629542645e-02
3.386569626099807800e-02
-5.903188650570373452e-02
2.616080591145558687e-02
-3.428887794768571001e-02
-6.014905729543273960e-02
2.594587018929203973e-02
3.404378377522732091e-02
-5.848250213526637320e-02
-1.168872254400450325e-02
-2.689915969021026976e-02
-5.943029848924702430e-02
-1.283344945642804318e-02
2.717935413458671609e-02
-5.866483444935469832e-02
1.236650576280799892e-02
-2.736337252917463159e-02
-5.943838526122502408e-02
1.156636705219193234e-02
2.681887250933335382e-02
-5.637703368776584428e-02
-4.083314863446228793e-02
-4.091377551906229260e-02
-5.800461002428490553e-02
-4.115246596514863381e-02
4.140790965675770346e-02
-5.645426118163690554e-02
4.009144569040021255e-02
-4.053384414572240579e-02
-5.845833986624569129e-02
4.086196142454663616e-02
4.167951700666433501e-02
-5.655842970792618329e-02
-3.144648288129511094e-06
-2.122114675519987462e-02
-5.693755929694874901e-02
-1.053525042122702198e-05
2.042781045168826429e-02
-5.515158807248932149e-02
-1.159542501021962151e-02
-2.086404184207037854e-02
-5.562451717692733222e-02
-1.156691216339103892e-02
2.031727208680075489e-02
-5.515557393034875577e-02
1.158781009622284960e-02
-2.085986686873238238e-02
-5.567171011061864544e-02
1.155519010837458352e-02
2.033350193382174945e-02
-5.481681673759704332e-02
-2.419958731498589311e-02
-2.736192415471292577e-02
-5.548013779736270246e-02
-2.413172470554307211e-02
2.683195370848185865e-02
-5.480243249140603901e-02
2.419637827289888507e-02
-2.733953655215186698e-02
-5.552616969535772995e-02
2.412621736132640471e-02
2.684389338158277641e-02
-5.383993622524212153e-02
4.998303902852229124e-04
-1.507661866017829741e-02
-5.407813627040906207e-02
-2.170262025059023926e-04
1.416400557219739398e-02
-5.231824319434295878e-02
-3.779139198015558920e-02
-3.429447639511438994e-02
-5.317666092832842167e-02
-3.767502088464004528e-02
3.383798076725554049e-02
-5.230234594709511076e-02
3.778300499566333154e-02
-3.427786699998347508e-02
-5.321805028807451848e-02
3.766552778896394699e-02
3.385224494109944499e-02
-5.258963995588425422e-02
-1.101719048824513839e-02
-1.473138671080665915e-02
-5.289637604092214257e-02
-1.172894840966414408e-02
1.465827536467753829e-02
-5.265352167647530113e-02
1.153130490544829710e-02
-1.521984405871218415e-02
-5.307335995490713998e-02
1.132268025523294926e-02
1.466442234012520739e-02
-5.173722311350561348e-02
-5.743721098870988723e-02
-5.012503906262988362e-02
-5.304258719969732333e-02
-5.733932030535902891e-02
4.980174141545200966e-02
-5.173969843528097856e-02
5.742521948416602628e-02
-5.012671252663904176e-02
-5.308132737829718284e-02
5.733699170803314288e-02
4.980431448892061463e-02
-5.205141925981961182e-02
-5.620193844007226147e-06
-8.855620159449696313e-03
-5.220713499172684180e-02
-1.225261759347165554e-04
8.074891937108467921e-03
-5.190212425417057435e-02
-2.284708229124949447e-02
-2.153845745580677817e-02
-5.217417174275330860e-02
-2.316056100503081916e-02
2.102571490150430267e-02
-5.205176373819361130e-02
2.281090649194096251e-02
-2.180396638063038586e-02
-5.207352259344209117e-02
2.260669532215430627e-02
2.035228335263842073e-02
-5.123209376935264348e-02
1.809769120233202381e-05
-2.653860680056989527e-03
-5.137970214071255204e-02
-1.213504604853463689e-04
3.123270209876023284e-03
-5.092780333109028085e-02
-1.064044786643568441e-02
-8.836198315938074282e-03
-5.110336577408609859e-02
-1.062513373699005940e-02
8.314550686568951410e-03
-5.098817740234367485e-02
1.047161627544946835e-02
-8.885275018683079160e-03
-5.114452127431182854e-02
1.061398924752427787e-02
8.323305761209109227e-03
-5.011596055042089048e-02
-1.044661677370985198e-02
-3.098956038514712619e-03
-5.018053921507710513e-02
-1.044162647812813850e-02
2.583866008592563494e-03
-5.015317962129458434e-02
1.043758803277042811e-02
-3.101198898446037942e-03
-5.022019565952938469e-02
1.043274962841463267e-02
2.586561104299428277e-03
-4.919177308322795344e-02
-2.157031446097788102e-02
-1.471925159650820658e-02
-4.950354243128852333e-02
-2.151556404788059276e-02
1.421460684517591652e-02
-4.917346506192053074e-02
2.155679989464522398e-02
-1.468712798593429202e-02
-4.953413985197020752e-02
2.149270674308034756e-02
1.421680443192225446e-02
-4.860369756932103602e-02
-3.496840241683339678e-02
-2.733237756604162128e-02
-4.927226138124853744e-02
-3.486398573660205724e-02
2.687324066837439712e-02
-4.858081847253082480e-02
3.496445810016118871e-02
-2.730526322308354098e-02
-4.931796556361118383e-02
3.486368791717835147e-02
2.687961501096456166e-02
-4.712800696878347018e-02
-5.213678311344285138e-02
-4.182220489900018850e-02
-4.820575729293882783e-02
-5.201932313109092904e-02
4.148536530236816844e-02
-4.711856507004061334e-02
5.216076848690910650e-02
-4.180005967928360905e-02
-4.824704956332073746e-02
5.201878946625319161e-02
4.148802701603105519e-02
-4.764766305782480726e-02
-2.082370630761913935e-02
-8.818802183650616133e-03
-4.781190185418425498e-02
-2.078287443781888857e-02
8.335474951109126188e-03
-4.764150138749923685e-02
2.080601017689725704e-02
-8.802176159759355148e-03
-4.785373503588669086e-02
2.076725519124131628e-02
8.337196678032121611e-03
-4.689212191724662776e-02
-2.043865410297309934e-02
-3.077942571247872534e-03
-4.694635756350915706e-02
-2.042164376506398066e-02
2.604655258412654981e-03
-4.688939606795402421e-02
2.048311175600399728e-02
-2.625494293648983520e-03
-4.698695045136191267e-02
2.040878619044155656e-02
2.602792925325601338e-03
-4.572889544748305612e-02
-3.277301856559450277e-02
-2.082522253421560665e-02
-4.636947873380072721e-02
-3.322274616415916287e-02
2.120078812153376388e-02
-4.586875239940309962e-02
3.350057173105677744e-02
-2.189489449092243273e-02
-4.626550591177558402e-02
3.266929796215938681e-02
2.038659764434569768e-02
-4.332113958660256670e-02
-4.831581179606295878e-02
-3.481561335440715860e-02
-4.420621588662175527e-02
-4.762617024456481524e-02
3.390665352836942648e-02
-4.330740689676915861e-02
4.775703909977167122e-02
-3.423825019858375840e-02
-4.426210202352961337e-02
4.817835584926005721e-02
3.448688469086378522e-02
-4.364779846476758013e-02
-3.116202160569773311e-02
-1.468468876266170418e-02
-4.397754713718097369e-02
-3.108532395129990841e-02
1.424768286819994532e-02
-4.362358527868967495e-02
3.113408855690680613e-02
-1.465836827772585768e-02
-4.419781599219070600e-02
3.074237821865877934e-02
1.425529661124578726e-02
-4.227906620995117160e-02
-3.007661794512745193e-02
-8.788442568217721615e-03
-4.247263485320024873e-02
-3.003167766534384914e-02
8.364851815224531514e-03
-4.229360738551694171e-02
3.005646106286032418e-02
-8.765736670677372680e-03
-4.252033157741888503e-02
3.001508614227045568e-02
8.374861129751871511e-03
-4.162317606940590942e-02
-2.952321315508170743e-02
-3.050976956080473854e-03
-4.169238185606928548e-02
-2.951531845373494417e-02
2.629340038841641684e-03
-4.166182536821295274e-02
2.952531044534496482e-02
-3.038761630171830583e-03
-4.174530493109939594e-02
2.950339207063467153e-02
2.638663346667951149e-03
-4.028309092960247889e-02
-4.420903199149781027e-02
-2.727207933419645985e-02
-4.157926128873734584e-02
-4.417575345978228679e-02
2.767048039387379546e-02
-4.026358081246186882e-02
4.419446579340141623e-02
-2.726537200615970075e-02
-4.102934011134489606e-02
4.408331371541734239e-02
2.693191890962867360e-02
-3.864098208317300748e-02
-6.692468748121219169e-02
-5.010271378187657748e-02
-3.997693825632723380e-02
-6.680847691853927794e-02
4.989943101250254170e-02
-3.869296691057293874e-02
6.692772606225418086e-02
-5.012668258567627710e-02
-4.002685168297030055e-02
6.682125314517961545e-02
4.988374979058782938e-02
-3.767721460616020590e-02
-4.203146598852677135e-02
-2.136004952782708660e-02
-3.860297158205880375e-02
-4.148561013045803936e-02
2.083299835355512108e-02
-3.787298575568303488e-02
4.198476534121761694e-02
-2.153537861693350861e-02
-3.862159310121789785e-02
4.161250494294840147e-02
2.098459592165917431e-02
-3.622988307032112137e-02
-3.937593284255491710e-02
-1.464022102801596295e-02
-3.603393562353063295e-02
-3.964208147244046437e-02
1.418559069684253299e-02
-3.621567451915091301e-02
3.935043668777687270e-02
-1.462516724813431312e-02
-3.608780214871738085e-02
3.963504062952851598e-02
1.419178246295576054e-02
-3.524724582904058268e-02
-6.073773476184497061e-02
-4.180036208590807295e-02
-3.654476996063776850e-02
-5.950650159522181959e-02
4.055682624073209813e-02
-3.491137363582684505e-02
6.083227740700603708e-02
-4.169640123628325090e-02
-3.640518855011590921e-02
6.062351627196607001e-02
4.155989590996461008e-02
-3.513200338002114842e-02
-3.800764968925221532e-02
-8.751828803399286025e-03
-3.532493285472976252e-02
-3.795271016062604086e-02
8.408472507140387145e-03
-3.513937044460582054e-02
3.799562052666027867e-02
-8.734192309523330575e-03
-3.538618673380872215e-02
3.794848458304178607e-02
8.415214819923327871e-03
-3.460419486396783262e-02
-3.731483871505172217e-02
-3.013540595106395902e-03
-3.466848055687320879e-02
-3.730171911582716437e-02
2.673556429908270551e-03
-3.463803857290918137e-02
3.731167359397779409e-02
-2.996169828189143916e-03
-3.472338188796670472e-02
3.729463990290607378e-02
2.683449934557285803e-03
-3.199292821294463796e-02
-5.592134995533620812e-02
-3.428018465972688944e-02
-3.336582311788563460e-02
-5.549371111089144298e-02
3.398409968818368737e-02
-3.246806413424870724e-02
5.563530786435980785e-02
-3.420458500453198158e-02
-3.341614672861051294e-02
5.550243727265338073e-02
3.397315969036451833e-02
-3.023559980165009195e-02
-5.150298283094657814e-02
-2.722503962793417984e-02
-3.095035191793925680e-02
-5.136664375983249209e-02
2.699676673493923290e-02
-3.022867937754029552e-02
5.149149096090881172e-02
-2.722034267740619171e-02
-3.099754431531892562e-02
5.136976670970442443e-02
2.699308605463216632e-02
-2.852413209304700825e-02
-4.826410876477046225e-02
-2.071751159306017831e-02
-2.905227573615013978e-02
-4.813601698551611685e-02
2.049130134408321674e-02
-2.852317143052419610e-02
4.824937282782188613e-02
-2.070653021432552338e-02
-2.910615897514306355e-02
4.814744051673188613e-02
2.049200414398100190e-02
-2.728373835823293472e-02
-4.587323955187549984e-02
-1.458194682179116651e-02
-2.764667719402453400e-02
-4.577602695504627561e-02
1.434889359044672422e-02
-2.727870319793073914e-02
4.585274881190220392e-02
-1.457144277094887114e-02
-2.771116782766444228e-02
4.578841471950207548e-02
1.435501030308445128e-02
-2.618527986545976516e-02
-4.468881970879653304e-02
-9.489751306094335037e-03
-2.653343306499017853e-02
-4.430798583207079533e-02
8.489175749529466117e-03
-2.666064568612068128e-02
4.431442789180897734e-02
-9.084968245239960841e-03
-2.634711080210973971e-02
4.442843567381192516e-02
8.503635670095115520e-03
-2.614283771486914515e-02
-4.348382611684507154e-02
-2.961275237874885780e-03
-2.620696331034839954e-02
-4.346226934335566811e-02
2.725534953580507468e-03
-2.617412384095699207e-02
4.348072643543392929e-02
-2.950063126160194001e-03
-2.617999510536137345e-02
4.365322297795699164e-02
3.587624334261998917e-03
-2.392035709733294005e-02
-7.346779163991522255e-02
-5.007915243073450540e-02
-2.522943214558318395e-02
-7.335270016677521154e-02
4.999882948992782905e-02
-2.391604656600388595e-02
7.347137053940125395e-02
-5.008121824616559165e-02
-2.528437068410215732e-02
7.337945794847181014e-02
4.997253143974132727e-02
-2.185299056026178757e-02
-6.668242309638584830e-02
-4.174471998820240143e-02
-2.298604990673190282e-02
-6.655639066003761484e-02
4.166216954214158052e-02
-2.187139482398038626e-02
6.669161647625446165e-02
-4.174955549522661041e-02
-2.303599038378913860e-02
6.657832711395071656e-02
4.163709847689363308e-02
-2.019594386194179317e-02
-6.108525455013052302e-02
-3.415492398927828799e-02
-2.113020323350109711e-02
-6.093862375506569479e-02
3.406548924159111258e-02
-2.020082676769287267e-02
6.108960183782247838e-02
-3.416736357855008205e-02
-2.118249232791528935e-02
6.095842431162907388e-02
3.404088566658741710e-02
-1.846809017700738048e-02
-5.717393155136927391e-02
-2.796850598870340501e-02
-1.938276783319526145e-02
-5.667921002807792957e-02
2.739270601108072939e-02
-1.962127380605228552e-02
5.679386826948809586e-02
-2.798550004496309918e-02
-1.967822943897750906e-02
5.642051777217323150e-02
2.705177766352073743e-02
-1.796783282743972046e-02
-5.322562563999790053e-02
-2.112238282335655165e-02
-1.845506716316825183e-02
-5.286964589706809325e-02
2.056201838202799392e-02
-1.783311326754152826e-02
5.358891664223978252e-02
-2.170684117176062064e-02
-1.791572047446673630e-02
5.331273022798026923e-02
2.106889154506094708e-02
-1.720395750868168247e-02
-5.036712383998172282e-02
-1.453014043234152237e-02
-1.758174534726564611e-02
-5.028317149351727716e-02
1.441378398277582372e-02
-1.721497453482187176e-02
5.037525372214496366e-02
-1.453353875076959616e-02
-1.763466361876417018e-02
5.029284746661343702e-02
1.440515477521475685e-02
-1.677033478792625334e-02
-4.863650242938776652e-02
-8.640485466584251970e-03
-1.697814888381130732e-02
-4.857006421417441044e-02
8.524743868667467375e-03
-1.679309269680431468e-02
4.863994450222314941e-02
-8.641809185634140300e-03
-1.704641510385175585e-02
4.858581982841707336e-02
8.520681165986799394e-03
-1.658704922948781371e-02
-4.776805182314072112e-02
-2.899794905964580942e-03
-1.665170397376417033e-02
-4.773957485435734172e-02
2.788393525756672261e-03
-1.662441009548217691e-02
4.777486354395990564e-02
-2.901192882229780036e-03
-1.670867458430592978e-02
4.775196540464476253e-02
2.786356929750386305e-03
-8.128661525348683525e-03
-7.679746801506881493e-02
-5.005934388143520875e-02
-9.440656468175974078e-03
-7.668742020572234808e-02
5.008127263954469111e-02
-8.125935386910433308e-03
7.680422977596997047e-02
-5.006965868434704731e-02
-9.493749071906481748e-03
7.673620989762740263e-02
5.003404210322083545e-02
-7.528999969615765044e-03
-6.971671486413254237e-02
-4.172036770799708583e-02
-9.264623412626722329e-03
-6.942980682175010909e-02
4.169673980663889806e-02
-7.419668029503568782e-03
6.860427435896682136e-02
-4.027115349220471152e-02
-8.719727460990551321e-03
6.962542303521655762e-02
4.169575617555874858e-02
-6.696474612697730228e-03
-6.417393653417356736e-02
-3.454728619237917159e-02
-8.309234002823259399e-03
-6.386645921047598429e-02
3.439992587764084675e-02
-7.333233858404114049e-03
6.309098774382258801e-02
-3.308444474554562975e-02
-8.082850189615816902e-03
6.374796067759935791e-02
3.409367100575834419e-02
-6.773009518223157936e-03
-5.911475641762260758e-02
-2.711395668967850683e-02
-7.515299686215962116e-03
-5.897296175707526095e-02
2.712865981304349999e-02
-6.157723215552826819e-03
5.912409412210825610e-02
-2.714648119631987364e-02
-6.789701568002255890e-03
5.892278941263381226e-02
2.696307574416941313e-02
-7.204152850629382161e-03
-5.562645900747110322e-02
-2.125364219251890327e-02
-7.106113090376203756e-03
-5.527767643448457113e-02
2.061679283889857051e-02
-5.838039590734520924e-03
5.586011384461867652e-02
-2.141971636528659448e-02
-7.151585356852608460e-03
5.530894355740898632e-02
2.059372503438639673e-02
-6.412531099076889882e-03
-5.266524826769961726e-02
-1.446986352848917204e-02
-6.186485059019244601e-03
-5.264585436456282325e-02
1.464853975800303569e-02
-5.864635125485481368e-03
5.268957722196854210e-02
-1.447976779086514350e-02
-7.555706560734851487e-03
5.267140013989083519e-02
1.494734504787459568e-02
-6.352284105884505733e-03
-5.086185164735333025e-02
-8.582925803596676978e-03
-6.562287312545674219e-03
-5.079499697570255545e-02
8.583301071442605082e-03
-7.015667069653576914e-03
5.066105287406507535e-02
-8.057352365000405164e-03
-6.631772052832720157e-03
5.082738335748176323e-02
8.562622093848637830e-03
-6.355846567977717874e-03
-4.995456633481103192e-02
-2.842769376970932099e-03
-6.417938852911924882e-03
-4.993341790023878707e-02
2.845829227969823381e-03
-6.399517023861507788e-03
4.998092514655260582e-02
-2.861790709954858698e-03
-6.476514578398929502e-03
4.996323538612568865e-02
2.823207164951204058e-03
2.021324083859632470e-03
6.730175377049562278e-04
-5.017791646642865561e-02
-1.521687518792256416e-03
-2.262425375447985401e-03
4.996545995050304112e-02
4.150629612462636460e-03
-4.994521669861973906e-02
-2.124094434147974931e-03
4.033886598284531708e-03
-4.994104952273989428e-02
2.894162561711015845e-03
4.059122683136324496e-03
4.998517288442057976e-02
-2.813807417728316981e-03
3.981380492576932009e-03
4.996325957340693596e-02
2.863139291580266664e-03
4.291631727556784529e-03
-5.087142876850311857e-02
-8.521774436341909842e-03
4.084855230908740996e-03
-5.080009530391161460e-02
8.632446081125150217e-03
4.268841894862348933e-03
5.088833047562720674e-02
-8.543818901151268089e-03
4.012270115933597864e-03
5.083789901240228642e-02
8.599147300616996267e-03
4.019433491356430577e-03
-5.271652765692544373e-02
-1.442090090553302222e-02
3.585974942798284774e-03
-5.283185508151819199e-02
1.512072343183879473e-02
5.229245368254255635e-03
5.285988610752538619e-02
-1.510929351902113964e-02
4.194638891252565338e-03
5.260400573839225935e-02
1.448537724516362792e-02
5.031314474236120264e-03
-5.545282080766800875e-02
-2.057042044905368558e-02
4.497013675031280230e-03
-5.527435224141782899e-02
2.065876470436399034e-02
5.017170374000686807e-03
5.539708137026483348e-02
-2.059495271831670096e-02
4.454776941904950438e-03
5.531661225477180893e-02
2.062687029537281502e-02
5.597461028479890077e-03
-5.910329921284527416e-02
-2.710896532130082498e-02
4.870761142732729643e-03
-5.896797343112385875e-02
2.716969600221212991e-02
5.587662560313543143e-03
5.908837789060580187e-02
-2.710848075794406939e-02
5.138823894805273976e-03
5.932535426087889863e-02
2.769962098566507852e-02
7.113749516010279585e-03
-6.421448073701924164e-02
-3.478458706749931739e-02
4.847658553064126963e-03
-6.432260041372576953e-02
3.498550735112046506e-02
6.608476609419623553e-03
6.370671408731225227e-02
-3.401049334592758100e-02
4.660754326478824469e-03
6.425768233518157346e-02
3.479482430170705715e-02
7.085547181077219391e-03
-6.972312319384089963e-02
-4.168512792993605415e-02
5.965165740923488932e-03
-6.956396060128056114e-02
4.178750124194222093e-02
7.084865124664509704e-03
6.970431969416587825e-02
-4.167578778172084664e-02
5.918751665034326960e-03
6.962112431761340037e-02
4.174071342669815471e-02
7.992856677312944885e-03
-7.681155021724389576e-02
-5.002015144339280045e-02
6.702163128297192012e-03
-7.666477766135897098e-02
5.014396094679634402e-02
8.030970334556439966e-03
7.678075329414935091e-02
-5.001728607158979767e-02
6.651403331597512646e-03
7.673353025070142608e-02
5.008550151883579132e-02
1.430854066573279855e-02
-4.776706948347089754e-02
-2.771245636981822628e-03
1.425278820430600328e-02
-4.773957322257294661e-02
2.909644986535614777e-03
1.427898802373646532e-02
4.781843594206842962e-02
-2.783694057741259876e-03
1.418671306644284612e-02
4.776522476184093258e-02
2.900454835675908474e-03
1.467801296553254871e-02
-4.864999469229237816e-02
-8.505331931092964537e-03
1.449105372458330161e-02
-4.856734259194501330e-02
8.640978517822117330e-03
1.465047328489860537e-02
4.867493656324287793e-02
-8.526145467944895237e-03
1.442349173220189469e-02
4.858789010168069328e-02
8.622866787828996349e-03
1.532883033728431495e-02
-5.040168856776199025e-02
-1.440195427890923231e-02
1.502128722216659537e-02
-5.025785389596190700e-02
1.452661987550401580e-02
1.533513402961111417e-02
5.040407678700542515e-02
-1.441879581312943692e-02
1.496542392227664768e-02
5.028024255907762030e-02
1.450036326241392094e-02
1.633360208070829683e-02
-5.301889478005766820e-02
-2.055586629137396218e-02
1.584712739230092690e-02
-5.284936293405190222e-02
2.067102232266324752e-02
1.695164391347994681e-02
5.318385874223010429e-02
-2.127816230896562022e-02
1.580217832300054651e-02
5.288977208102121907e-02
2.064199592096680261e-02
1.838686589090274964e-02
-5.675635190129707519e-02
-2.775050007757589796e-02
1.654946074191118374e-02
-5.692452983705083985e-02
2.783993849751922531e-02
1.713974088632824744e-02
5.733001983482268610e-02
-2.805396816423801065e-02
1.693721291988154951e-02
5.642226946919996072e-02
2.715606615502197743e-02
1.889832697161238431e-02
-6.218266065850052565e-02
-3.534703166915519751e-02
1.828866126451008864e-02
-6.153174931816198651e-02
3.493282843260839265e-02
1.970549810290559561e-02
6.202568685387745140e-02
-3.541255590925741076e-02
1.840789592722674728e-02
6.096143331014947098e-02
3.414683331505073000e-02
2.184929579625359899e-02
-6.695860701686145999e-02
-4.221342923177210521e-02
2.027735218504913423e-02
-6.651031680270116930e-02
4.179497646784237352e-02
2.138575883918765116e-02
6.664198696301316949e-02
-4.167751866888456946e-02
2.045026410382533993e-02
6.541136060851159006e-02
4.049290198683311304e-02
2.376748380522136425e-02
-7.342506621952543666e-02
-5.001175662609469441e-02
2.248408424244720261e-02
-7.329812736260811479e-02
5.015197959303204639e-02
2.378315069032973725e-02
7.342393047255488248e-02
-4.999952323525867770e-02
2.244006778184068698e-02
7.336955798633783277e-02
5.010755965277247093e-02
2.381936317513594359e-02
-4.348000980841013052e-02
-2.776295620449568697e-03
2.378831521793738427e-02
-4.346856535665433868e-02
2.903581189544326546e-03
2.375052349466317408e-02
4.353667911968928106e-02
-2.783468078650308368e-03
2.372109425942400818e-02
4.350349864887280427e-02
2.896775295810545634e-03
2.432917217715586250e-02
-4.433313699567673072e-02
-8.487838904846240623e-03
2.463973435396628331e-02
-4.391415584142822903e-02
8.696354757619746342e-03
2.425036143889325313e-02
4.453740933938687974e-02
-9.162546298793596347e-03
2.379509516798849686e-02
4.441438943633984476e-02
8.667514213562104927e-03
2.534202559416868714e-02
-4.589797966276559782e-02
-1.439206930084668823e-02
2.508183180418443667e-02
-4.575887732405696517e-02
1.451937989900561714e-02
2.530424947378020692e-02
4.588002900197954426e-02
-1.442774704361580833e-02
2.502137778371337634e-02
4.577745441152532291e-02
1.448864269456169585e-02
2.685335241168848933e-02
-4.827204993285080098e-02
-2.054660406400476286e-02
2.643658924235205501e-02
-4.810780093491198034e-02
2.066874296436364139e-02
2.685977404896367632e-02
4.828722203253282830e-02
-2.057130679419483937e-02
2.639046718704628203e-02
4.815492600664450507e-02
2.062583052938871814e-02
2.887462812814227051e-02
-5.149821297806905784e-02
-2.706669473497960721e-02
2.829015265478652605e-02
-5.131289341626198847e-02
2.718212700881992086e-02
2.889172808724795732e-02
5.150728171015878792e-02
-2.710633330653699699e-02
2.824367464792013060e-02
5.137414512879052292e-02
2.713752547908064583e-02
3.149027917949065447e-02
-5.560404114631134487e-02
-3.405120853127269198e-02
3.068424475267728102e-02
-5.543695312977627021e-02
3.417500070956142749e-02
3.152952703441953830e-02
5.561625898705777060e-02
-3.409305543636070163e-02
3.078721216090419058e-02
5.551314006119793115e-02
3.425153330091554316e-02
3.221124168462367182e-02
-3.733830913508221633e-02
-2.792398071000795710e-03
3.184499145005373344e-02
-3.766897480869755427e-02
3.351891288442978342e-03
3.212996079192879245e-02
3.738346236844407311e-02
-2.811394933036517885e-03
3.175801147107008143e-02
3.770267072381580653e-02
3.328657020558096081e-03
3.283113472431044289e-02
-3.806531226845803056e-02
-8.547680686921675999e-03
3.280327052984832736e-02
-3.794310769533330158e-02
8.613554529358425846e-03
3.279007205850496820e-02
3.810996250164677690e-02
-8.530545546140154423e-03
3.273093016492484991e-02
3.797668202972163259e-02
8.583545831785360791e-03
3.465656772576789640e-02
-6.042196017829747079e-02
-4.132885634435011502e-02
3.363925609833078728e-02
-6.054269748202443374e-02
4.178407461810223350e-02
3.473118824454387438e-02
6.070037042129428767e-02
-4.166501782560134287e-02
3.359725354139741355e-02
6.062319606933794930e-02
4.173187440254952363e-02
3.365019068110505773e-02
-3.990425251045011390e-02
-1.469372675162582478e-02
3.398899448109019006e-02
-3.925792877773492950e-02
1.449356327889065287e-02
3.408954683963772575e-02
3.943627221068723987e-02
-1.444914354383890730e-02
3.341347184010220323e-02
3.964786075983769975e-02
1.437820561476004129e-02
3.603991145763427162e-02
-4.209233809700509837e-02
-2.136129821946921095e-02
3.580710650979391368e-02
-4.126803085173058605e-02
2.063353444226734973e-02
3.608442184100926070e-02
4.146321021230531950e-02
-2.062710199830679672e-02
3.590456243555196353e-02
4.147529419491477465e-02
2.095964263261898206e-02
3.847287371921664229e-02
-6.686651589918703176e-02
-4.996818545822931390e-02
3.722170615519219267e-02
-6.672380702446641110e-02
5.014154401693227819e-02
3.849176430079367245e-02
6.684736546011550706e-02
-4.998989108816800919e-02
3.792279442476462203e-02
6.628018844579516844e-02
5.007063337189578134e-02
3.908121044531767674e-02
-4.491606968401249539e-02
-2.809861085135068742e-02
3.830629575480341831e-02
-4.402305568793603296e-02
2.714512469322025168e-02
3.878725560133126915e-02
4.428405793244256233e-02
-2.711538738367982523e-02
3.826202657316164768e-02
4.408295891770055985e-02
2.709970475063241957e-02
3.904761966333634288e-02
-2.960672716587284259e-02
-2.904659791986155450e-03
3.938306544515360330e-02
-2.936092118390404640e-02
3.830893495373331476e-03
3.920112924804649429e-02
2.933384077294684533e-02
-2.466078668653708377e-03
3.951021442410884710e-02
2.904567245910873521e-02
3.614571492704134453e-03
3.978136389355096947e-02
-3.019456421221096767e-02
-8.645446277001537366e-03
3.984760227514019815e-02
-2.997920281847300458e-02
8.565467908799086552e-03
3.970541431062653975e-02
3.020788862725697424e-02
-8.682700787540957588e-03
3.980863432125490015e-02
3.002414109550274879e-02
8.535579840074919086e-03
4.156930032328009367e-02
-3.082226766005788376e-02
-1.455116516201294952e-02
4.130313864003437585e-02
-3.102607280210187626e-02
1.444567835761612247e-02
4.129057056997160330e-02
3.130715040589270026e-02
-1.454799240801825030e-02
4.143921351559838595e-02
3.077074886434633810e-02
1.441068551844294429e-02
4.223176710588243815e-02
-4.776596991195156128e-02
-3.406232007776421183e-02
4.150709948265805804e-02
-4.756843810379599025e-02
3.413656697477326918e-02
4.226739292310532220e-02
4.775298618831259195e-02
-3.408628863582242874e-02
4.264284911766649117e-02
4.772824428329586199e-02
3.528917221440240615e-02
4.369726876483853717e-02
-3.287661735630730692e-02
-2.069034407925448085e-02
4.387375850803814509e-02
-3.248058928696953562e-02
2.093417782169589014e-02
4.379455669149909941e-02
3.305054808606325278e-02
-2.105097667220556801e-02
4.351095679571863328e-02
3.267414410747374043e-02
2.054273241394630189e-02
4.421531080287800786e-02
-2.010152858615222443e-02
-2.672045378057159425e-03
4.398574227977779250e-02
-2.096106307373209188e-02
3.401525908730400685e-03
4.410789707504066126e-02
2.054208695500057275e-02
-3.018580425435369967e-03
4.433077652674555919e-02
2.045685009690507289e-02
3.543841117294922738e-03
4.486419727155531445e-02
-2.095607621612038951e-02
-8.831134922160676845e-03
4.506575337830417971e-02
-2.073173525607053397e-02
8.431092537599254449e-03
4.493064390831033594e-02
2.102309612221963872e-02
-8.807969679081600542e-03
4.507959137297665175e-02
2.078869661036336289e-02
8.451221273563855677e-03
4.645130780391365510e-02
-5.207537261340398904e-02
-4.167111995109252370e-02
4.547785977459638251e-02
-5.194869393316527140e-02
4.173678937773755288e-02
4.701273868553143553e-02
5.222876584078565976e-02
-4.220411162024707841e-02
4.544064338810475945e-02
5.202624539690638150e-02
4.168033527986635123e-02
4.685240330020861571e-02
-3.507766071281898795e-02
-2.722124562821392688e-02
4.657337755135185914e-02
-3.480472018532519002e-02
2.707246597552684375e-02
4.682282474008206408e-02
3.509696906923352039e-02
-2.721163641397668018e-02
4.653813752671202841e-02
3.486540457325850578e-02
2.704584576881033375e-02
4.609511512135929662e-02
-2.222471288017793811e-02
-1.431694511602820546e-02
4.677827448800776083e-02
-2.146072154725166270e-02
1.433830726941049891e-02
4.650966293290997172e-02
2.192261076544145537e-02
-1.479480766445843282e-02
4.676348866284431999e-02
2.150393518934195017e-02
1.434656193577862719e-02
4.714318179722971902e-02
-1.059128250759466990e-02
-3.185530843208723550e-03
4.726052998777220682e-02
-1.049448862981696741e-02
2.597552661837581201e-03
4.722721499129429318e-02
1.056389024933527578e-02
-3.168212773274681378e-03
4.741908517477869123e-02
1.001740771532606822e-02
3.323048373338387002e-03
4.793258324756222155e-02
-1.080983499997560139e-02
-8.987084113456068543e-03
4.814297638679621016e-02
-1.092415605310624940e-02
8.378590384939521227e-03
4.797186623568581304e-02
1.114420652058714135e-02
-8.999946321807372404e-03
4.808881700109059187e-02
1.125842168184839828e-02
8.428400336362624340e-03
4.819158208914280789e-02
-1.176079543233315210e-05
-3.655734800528926895e-03
4.815567506888978472e-02
-4.149674654194431515e-05
2.455999339580021597e-03
4.898668798245541661e-02
-2.204048962009991924e-02
-2.000500864295974915e-02
4.929159292243082829e-02
-2.253258288669073364e-02
2.048917659478234274e-02
4.918590770171068355e-02
2.281348905199135496e-02
-2.084959775491878123e-02
4.927986329863663639e-02
2.259810884295629027e-02
2.049191291489946623e-02
4.890574559050968328e-02
4.808060595056290118e-04
-9.038537447670937780e-03
4.923476732587689364e-02
6.347539966536544685e-06
8.237517557667682622e-03
5.152680279112729217e-02
-5.735778207165870973e-02
-4.992582955862735067e-02
5.028996263536907041e-02
-5.724948800274899663e-02
5.008049724505266725e-02
5.155819002418399188e-02
5.734458446403500193e-02
-4.996394256899414771e-02
5.025533031294689146e-02
5.733913881078361863e-02
5.001381411218402961e-02
4.970929301203921846e-02
-1.120714502346152608e-02
-1.493476728415394153e-02
5.020964880077221498e-02
-1.140376285847011402e-02
1.479619138583269239e-02
4.978164127200942340e-02
1.044501599434300744e-02
-1.493770067481573448e-02
5.013119961298326960e-02
1.099940362310601605e-02
1.427677013161382166e-02
5.097157819345338181e-02
-3.858557074255142272e-02
-3.488866808540492387e-02
5.029643343869891203e-02
-3.749580319477639756e-02
3.377528209810800458e-02
5.100635020023691624e-02
3.754729126264017003e-02
-3.385927093907593888e-02
5.055348060990261932e-02
3.872132117302787280e-02
3.504437497174064942e-02
5.073966779505867386e-02
1.496128509068382119e-04
-1.507645835810532582e-02
5.118274789378082779e-02
-1.960487773903424108e-04
1.411291575884305281e-02
5.269401086823401192e-02
-2.431660147230334593e-02
-2.739450453329609833e-02
5.273646510951254807e-02
-2.406582379638438560e-02
2.698943672876475200e-02
5.267337175216700584e-02
2.430023735478391983e-02
-2.737915177062511668e-02
5.271326939556107011e-02
2.413562293833905470e-02
2.699283420499153097e-02
5.240606291196682476e-02
-1.177709402834348218e-02
-2.111642320714840482e-02
5.284422211009596332e-02
-1.149063509744963248e-02
2.042963835014748042e-02
5.241994934669630402e-02
1.168702527635884572e-02
-2.102753810873616430e-02
5.283019085555283600e-02
1.155469044863201636e-02
2.042858466854942726e-02
5.362868936845337914e-02
-4.926706541696701048e-05
-2.126449429628201465e-02
5.399163462002295327e-02
3.304583333659254809e-05
2.038255843083632002e-02
5.613693948473891943e-02
-4.118758291115511005e-02
-4.165341196670248325e-02
5.525529270087516098e-02
-4.107541144190134802e-02
4.164766034120227778e-02
5.488751957030677670e-02
4.126111225971256652e-02
-4.054462555774368537e-02
5.522572757830230411e-02
4.115859186252247837e-02
4.161762596105288148e-02
5.612805886737855243e-02
-1.249419009365741913e-02
-2.765656136525133924e-02
5.632381196470038348e-02
-1.283846181862636007e-02
2.685520527035869381e-02
5.615942344351014526e-02
1.171982856989831762e-02
-2.749066899461645452e-02
5.630587596079580232e-02
1.290984451412377151e-02
2.685641778079326039e-02
5.777889916649287666e-02
-2.573547075806790693e-02
-3.463139720437124341e-02
5.738421023930793952e-02
-2.611349842010181332e-02
3.434708886040738207e-02
5.727495134270683963e-02
2.606576618171115023e-02
-3.403427316359627919e-02
5.710428259123308259e-02
2.608104968468186527e-02
3.397693482869546672e-02
5.729403620105496392e-02
1.365034654818681966e-04
-2.768910085416915676e-02
5.782015350612844384e-02
3.810898095181390014e-05
2.689726875575297951e-02
6.228532031053379825e-02
-4.541185135883600565e-02
-4.993124219926198260e-02
6.109552055875812349e-02
-4.525250326851442545e-02
4.996523024423085019e-02
6.230572794286516614e-02
4.537148054126933366e-02
-4.991733386275884476e-02
6.105159148658131224e-02
4.535854002168682175e-02
4.993848370050008034e-02
6.106929547129711505e-02
-1.346445011676520101e-02
-3.465510408591692543e-02
6.123810745291144442e-02
-1.326924018369124436e-02
3.391533967120198556e-02
6.110347020706012600e-02
1.336443985008447383e-02
-3.451596786542621143e-02
6.122226534958671862e-02
1.335094485030663934e-02
3.391824509929101256e-02
6.334156080731935534e-02
-2.854297396761772479e-02
-4.176788108841587160e-02
6.256224807196125726e-02
-2.840382858236738250e-02
4.156126249260816419e-02
6.327088577899343813e-02
2.853368357812395908e-02
-4.177229310205964052e-02
6.254129721388107521e-02
2.849354482349755746e-02
4.155309938645014578e-02
6.209070847609367283e-02
2.742217348885485633e-04
-3.428242003806258875e-02
6.261502858661920079e-02
4.210102783114461777e-05
3.388742892685116248e-02
6.744769203459807794e-02
-1.461458732522878320e-02
-4.195303614595791847e-02
6.705808925078551863e-02
-1.449157023989316832e-02
4.149388307087852751e-02
6.743743988852744786e-02
1.454600616288696802e-02
-4.200719887031401784e-02
6.704646851380501038e-02
1.458061909747799569e-02
4.149310302697463426e-02
6.879250744264536754e-02
-4.584724307615951195e-05
-4.200967464717175748e-02
6.753090417852586347e-02
-3.847074651045329866e-04
4.019880627687603958e-02
7.031304767847804116e-02
-3.143528572800427523e-02
-4.993830794454161975e-02
6.915512068366662379e-02
-3.129711036037796656e-02
4.987560804082711435e-02
7.022899488239495169e-02
3.139563043704440837e-02
-4.997678449819612650e-02
6.912667460611351955e-02
3.139402496333271869e-02
4.986342692690731021e-02
7.515306523000145345e-02
-1.601788037700958497e-02
-4.998212040479500795e-02
7.392105998514993115e-02
-1.657913329191108148e-02
4.980302175990457270e-02
7.525263456816590202e-02
1.603902272958716152e-02
-4.989844164671797949e-02
7.410401545204262086e-02
1.606469587756135381e-02
4.979896849651188617e-02
7.673690111899568456e-02
-5.970314041273544481e-04
-4.994826643990146753e-02
7.577994513239028063e-02
4.852584828098762207e-05
4.976756228444050023e-02
3.793040527516239584e-03
-7.857504749813495545e-03
-5.746647132547700806e-03
-1.899396632848931663e-02
-2.810316805714405120e-03
1.482340778369239769e-02
-2.293485060488156466e-02
-2.811015909126139971e-04
-3.147867118127323921e-02
-2.479618084193759009e-02
-3.293534226869292147e-02
-1.030547080897191610e-02
-2.535891033249885324e-02
3.165762423227002492e-02
-1.065169527776924259e-02
2.278368151364801655e-02
3.198252295843344306e-02
-1.131357119890295457e-02
-1.418562762392474620e-02
-2.064106620169572914e-02
-3.809020741462423344e-03
2.790371736820687620e-02
-7.854949267603900803e-03
1.951572057429753343e-02
1.774534949102966538e-02
-1.821509004980360891e-02
2.846293472090544521e-02
4.409177533957317832e-03
-4.488235944556243084e-02
-3.452112938488426791e-02
-2.116677712474388656e-02
-2.247975725185926907e-02
-2.506836315195642290e-02
-4.501758625010184728e-02
-3.336002084146195285e-02
-4.004017479480440067e-02
-4.460727473658352565e-02
-1.413807421390082461e-02
2.653757364636519581e-02
-5.084468495493228712e-02
-1.893668040860610122e-02
3.944448742690204873e-02
-5.444798757361780928e-02
3.755701520349283371e-03
-3.808095457145441176e-02
-4.715176904081213455e-02
-8.131749922147132274e-04
-2.695709046207253254e-02
-4.721973127903583006e-02
2.217604354153017432e-03
2.459253073381368476e-02
-5.457986056611333764e-02
2.001463343617453268e-03
3.857859719209233429e-02
-4.949736303510253455e-02
2.113651825110486604e-02
-3.886806842296367664e-02
-4.339630928149225408e-02
1.437632974177455343e-02
-2.746639139291355558e-02
-5.226399699647332753e-02
1.867925684365148720e-02
3.861481201556881543e-02
-4.846913003091957856e-02
3.425747228882759787e-02
4.052363665240858726e-02
-1.492577985540540636e-02
4.172808945143804266e-02
-2.581275018367954269e-02
-3.364003723975058507e-02
-4.528434892139456686e-02
-4.059321498568243397e-02
-3.327108870900959831e-02
-4.552441939554269928e-02
4.016751409114908272e-02
-2.933582979005340541e-02
-3.360359350582974719e-02
-3.723456334240066862e-02
-3.186296679668569609e-02
-3.390553083579321558e-02
-2.430560716834188201e-02
-3.389638829299386480e-02
-3.052419968200710196e-02
2.372623663826341212e-02
-3.724329875524105132e-02
-3.255322085149545130e-02
3.687352667557185215e-02
-4.186020943383352705e-02
-1.810653808511009447e-02
-2.759579660879300789e-02
-3.672120683700465238e-02
-1.663769595461994308e-02
-1.100068691233514924e-02
-3.523342326109193956e-02
-1.993611765233609806e-02
7.153319273230074847e-03
-3.215600577723601999e-02
-1.424688101886188198e-02
3.655829912566919276e-02
-3.966284587322865124e-02
5.453857175134449800e-03
-1.069173520625778771e-02
-4.032240456726569194e-02
1.240679337193890822e-03
8.090758226369470021e-03
-3.155773385700945399e-02
-4.846447695106503536e-04
2.501846276915883557e-02
-3.948733063347553002e-02
-2.738112960794098806e-03
3.616114541193779508e-02
-3.330482111225327446e-02
1.697027348010588313e-02
-3.763856285176569311e-02
-3.530806479125386810e-02
2.061863711386033998e-02
4.509903327548767625e-03
-4.076048786751555048e-02
1.871082353495480063e-02
2.432134323355530925e-02
-3.677350715610611109e-02
1.372251615248296780e-02
3.921766229880208066e-02
-3.697490005620286679e-02
3.659458315767182002e-02
-3.842736690080302692e-02
-3.268371447951636671e-02
3.178327484709340955e-02
-2.602272443738169738e-02
-3.141376431155405019e-02
3.426229790401538050e-02
2.378941763603246301e-02
-3.731677048641587890e-02
3.246562414406282959e-02
3.727351344363070279e-02
-3.223754068926433514e-02
4.558419673420662649e-02
3.842957344379234474e-02
-1.750035388408756679e-02
-5.090905401466239849e-02
-3.926401697627637105e-02
-1.761868604268470792e-02
-5.258407828337181150e-02
3.923883357070150069e-02
-1.903344217767117055e-02
-3.567680420672210417e-02
7.187433248523171676e-03
-1.767486074139670155e-02
-3.977121606830155004e-02
2.587387285026804956e-02
-2.272980414465540153e-02
-1.768226127160010472e-02
2.141982998303632382e-02
-1.813460794340468127e-02
-2.233664135817615970e-02
3.730001117970839497e-02
-1.624371244026752772e-02
-1.756403990477566849e-03
-6.698316440441213181e-03
-1.796654163190207140e-02
-1.144793959991114232e-03
3.512555196786330131e-02
-1.875144554737839114e-02
1.911138957468898336e-02
-3.816750765413625540e-02
-1.897304680703338492e-02
1.735453575382740060e-02
-2.009394149853733352e-02
-1.748802341948885522e-02
1.875607773620275448e-02
6.988297858656104637e-03
-1.727525721937094375e-02
1.821775030536561604e-02
2.481780348425523947e-02
-1.782854303425548612e-02
1.695095528207526264e-02
3.854374135767399401e-02
-1.924218909963417226e-02
3.638536428137575246e-02
6.999366199016318971e-03
-1.561668542733992901e-02
4.286627663070309568e-02
2.343166551405992740e-02
-1.956819001971284167e-02
3.557114761003527664e-02
3.701004787925408351e-02
-1.772277420628061775e-02
4.998312058767714894e-02
-3.876195101358231171e-02
-1.930549051105210842e-02
5.206226871657954058e-02
3.886020809657471375e-02
-3.230167336484438337e-04
-4.664832503672913799e-02
2.607133851397173269e-02
-1.774916273645944364e-04
-5.206267808029665933e-02
3.873095535946571855e-02
-1.162816594432980292e-02
-4.165977522895145807e-02
-2.543729236732056309e-02
4.595379398985840807e-04
-3.840546957536735556e-02
-7.239343096534276746e-03
-1.707365276345759178e-03
-3.344216534928225182e-02
3.505856775098434297e-02
-3.489750701249155328e-03
-1.577832937437079891e-02
-2.928284330736256533e-02
-1.114581534283014003e-03
-3.984023900784257333e-02
1.314629137330424261e-02
-1.271025181552659471e-03
3.687952729704855118e-03
-2.631976304501271874e-02
-2.337024051387151958e-03
2.076079088307639792e-02
-3.394843910286293037e-02
6.074729646156669903e-03
1.469425086757141126e-02
-4.402720159288175256e-03
8.688994246252380914e-04
1.378065924759097095e-02
1.781453045892911896e-02
1.331749918635750278e-03
1.781256787280604062e-02
3.808346763540154667e-02
-1.677220008416425425e-03
3.859656018906931774e-02
-9.133409149416576653e-03
-1.865167840108922356e-03
4.037812779347400849e-02
2.002505956456432021e-02
-2.763012337316930050e-03
3.234372533096142172e-02
3.581458804762397558e-02
1.368573139076260969e-04
5.450876235905042361e-02
-3.920005004117869951e-02
2.523635885350972857e-03
4.585510867194314555e-02
-2.824636764070726641e-02
-1.631730217939106505e-03
4.934851450821917118e-02
3.417471410139571314e-02
1.671527196528216699e-02
-3.743422111743108932e-02
-2.043316835463961437e-02
1.635753084260757953e-02
-3.556574577194856340e-02
6.846088803650216860e-03
2.055902096229787063e-02
-3.671536212447450154e-02
2.340354298514216169e-02
1.510522761520981076e-02
-4.253778522836285797e-02
3.778780090112674600e-02
1.741474360132195046e-02
-1.680613923568389373e-02
-2.358308127072203733e-02
1.849517292862107309e-02
-2.217153179894089041e-02
-4.173466880764299843e-03
1.758792574888348725e-02
-4.615964355466987946e-04
-3.598859156033785284e-02
1.276791087689638227e-02
-9.167864259846494109e-04
-1.926833017688921179e-02
1.869485828214604087e-02
4.398162032366630808e-03
1.188288451915085232e-02
1.671134942305396373e-02
-1.333035623587679587e-04
3.352901221795757947e-02
1.743134474377743687e-02
1.713016709080733557e-02
-3.842967791209946776e-02
1.311036946987320650e-02
1.583047577469402778e-02
-2.230004591657821708e-02
2.088553990271995939e-02
1.751102282611547920e-02
3.402551830358314239e-02
1.721137935468756291e-02
3.900313832789156082e-02
-2.544842377642727096e-02
1.506587673410805968e-02
3.614280042122391956e-02
7.057683660825667983e-03
1.489428050591015511e-02
3.814221373800828763e-02
2.704705623421761740e-02
3.140786626333999521e-02
-3.549509847256183959e-02
-2.760935541298055115e-02
3.156431160433894462e-02
-4.057299315859504152e-02
3.915280263571548069e-02
3.684988976753140327e-02
-1.811749618144091120e-02
-3.691767625305875794e-02
3.897434134377720377e-02
-1.830594443525466325e-02
-2.352105122682121574e-02
3.363560472349708119e-02
-2.057995799156580458e-02
-1.044064081019818388e-02
3.260360841937104404e-02
-2.186272859280621178e-02
7.480037344636912902e-03
3.726183331730999193e-02
-2.104729579325728336e-02
2.793161220207118073e-02
3.368830073126505981e-02
-1.188304212531053356e-03
-3.984141713216000219e-02
2.844084404678539832e-02
-2.179376465372829478e-03
-2.569455542217952831e-02
3.511783697958630046e-02
3.167508985579839398e-03
-1.084130219030816564e-02
3.792057340874795818e-02
-1.969691309212154556e-03
6.620419280571993373e-03
4.219213477149538066e-02
6.079139757660113582e-04
2.498855453570911558e-02
3.548059864352553355e-02
1.411481042220678883e-02
-4.003870559163501264e-02
3.707832355579691180e-02
1.795673647240100465e-02
-2.479426744470301577e-02
3.275718858506061759e-02
1.878395700565207993e-02
5.208563349992307960e-03
3.841668929625603052e-02
1.814006316705270294e-02
2.616391447370574816e-02
3.075498494909064892e-02
3.622531717490212050e-02
-3.645053506275027638e-02
3.039340133900218441e-02
3.486509408783345504e-02
2.351427715948458536e-02
3.274943366028638253e-02
3.564407614415286696e-02
3.692856856872690080e-02
4.427670641346432429e-02
-3.295062400348319764e-02
3.881641503082673694e-02
5.136082167093828504e-02
1.783905699687437672e-03
-3.929279051339292644e-02
4.412522624354530548e-02
-7.147430761373352575e-04
-2.554595977337982202e-02
5.025599084429161617e-02
1.827945364320994470e-02
-3.784845157088785605e-02
-1.530265597182999069e-03
3.660673393430406708e-02
6.246619187936145075e-03
4.586820787580936365e-02
3.085282385469136079e-02
-3.992379168155361924e-02
-5.736368843617592472e-02
3.048284574518716691e-02
4.974991279389827381e-02
-5.200933517762686836e-02
4.266502306775671327e-02
4.978888161959514613e-02
-2.455003645020493314e-02
1.237761775878745522e-02
4.991134973105811057e-02
-3.966709636357170637e-02
2.820474382432116081e-02
4.983268294934179582e-02
-3.821181315799285910e-02
4.327742599452200079e-02
4.985769678803444321e-02
-2.600808371585943898e-02
4.267822765552443942e-02
4.991191920406708171e-02
-1.829373475617547887e-02
3.358144852181606244e-02
4.993320012015117770e-02
3.335824503397509695e-03
6.326292080516732197e-02
-5.004964213946613144e-02
1.363718298234896723e-02
2.506018742029693727e-02
-5.017151428860385648e-02
1.656632554305207880e-02
5.047258032831466318e-02
-5.007459841707725956e-02
4.573566991230314238e-02
5.024775180938360897e-02
-4.999230409731694053e-02
2.451409493806587514e-02
5.690848623521103759e-03
-5.027003471606004970e-02
3.313420657848750728e-02
1.692131597108058674e-02
-5.026541177352202711e-02
3.443186931802937056e-02
4.652645087690377573e-02
-5.007712195499920693e-02
4.759442097969898700e-02
3.481463898744307367e-02
-5.015123931132946938e-02
2.172195818566374434e-02
1.840849949598626079e-02
4.998047886038557708e-02
1.460267687799218957e-02
3.359809428916193941e-02
5.001965944756839311e-02
1.544171610635180873e-02
5.034319230338308443e-02
5.005308583359661251e-02
3.391557392150018613e-02
4.034714833824336322e-02
5.000584321004720306e-02
-2.418312666805965891e-02
2.807460404698691389e-02
-5.015455402528102430e-02
-3.747333864088545768e-02
4.632165881809200553e-02
-5.016174892599964408e-02
-1.146244960655853559e-02
1.619408146962870998e-02
-5.013583018003608949e-02
-3.805136701581482775e-03
3.617826901752745072e-02
-5.013274780932440444e-02
-1.483211608034652566e-02
5.449183583541739040e-02
-5.011112098559959704e-02
-3.188828110969926105e-02
-5.394024738042921263e-02
4.991638377947513888e-02
-1.371541661903963316e-02
-6.826074838483334184e-02
5.004247114758886977e-02
-4.855879266592338928e-03
-5.942938507111540647e-02
5.005445777285850301e-02
-1.890754423109603649e-02
-5.471126638675112563e-02
4.998499170860486868e-02
-1.840340674227788562e-02
-3.775024816398594996e-02
4.995908844554317746e-02
-4.563981540770704198e-03
-2.236703102444732513e-02
4.998257137390928889e-02
-2.044883120510316774e-02
-1.085603033117883524e-02
4.992259625004472762e-02
5.694561804595957028e-04
-1.697154048234751980e-02
1.981728055185771886e-02
-2.622957864033919825e-02
5.623516448423772351e-02
4.993353338128254937e-02
-5.292212946644425653e-02
-1.776534037997582263e-02
-5.025385433050615774e-02
-3.791769655614968954e-02
-3.442633617065150864e-02
-5.018858287052477968e-02
-2.103905461082538828e-02
-1.623715412042938885e-02
-5.016048737853952277e-02
-1.679667424912651905e-02
2.140887828858903125e-03
-5.015379811657772607e-02
-5.762754261808347033e-05
-5.713931381001089577e-02
-5.007569989205911537e-02
-3.842808576844604818e-04
-3.364772098768736147e-02
-5.011453794575166515e-02
1.657291535706130123e-02
-5.049733905827850228e-02
-5.008170610495200209e-02
1.942543901541038745e-02
-3.085169024372375751e-02
-5.017335362613428024e-02
1.204821268109185217e-02
-1.675017981290220087e-02
-5.019470085009226229e-02
3.023283344550791590e-02
3.733811688909335685e-04
4.995395882464449128e-02
4.916936610649340345e-02
4.077501762360793096e-05
4.988445575878651395e-02
4.922628033666191089e-02
1.926417312899727716e-02
4.992589063916213349e-02
-6.050133198281327845e-04
1.623429486390428472e-02
4.996559080667931085e-02
-1.430954766641187722e-03
3.356996841186524888e-02
4.998634517328740673e-02
-7.787433628655129544e-03
5.426659064360395829e-02
5.000322351654501452e-02
2.250800224336903937e-02
-6.502488323397326991e-03
-5.026793552163576900e-02
3.389716351762174507e-02
-3.983067123662584197e-02
-5.009318067474610031e-02
3.314151118310737498e-02
-1.686536513558381870e-02
-5.034170747822746400e-02
5.184815984847601644e-02
-3.619531686839968371e-02
-5.011663646113594106e-02
3.230026962404375368e-02
-5.559734370434941952e-02
5.009742173923728559e-02
4.450578254647485216e-02
-4.296740207248599813e-02
5.003631112071267595e-02
1.577233031082131073e-02
-5.295946618535434663e-02
5.008007268736897055e-02
1.668995940006920767e-02
-2.109053990774634527e-02
4.999767144277841857e-02
2.882639152124670187e-02
-3.659489782239667283e-02
5.004171067773114517e-02
4.819266666148942779e-02
3.743340701128541198e-02
4.997224452979653897e-02
-6.073285911991774255e-02
-2.653806864294087128e-03
4.971510986128582776e-02
-3.672559936660762386e-02
-2.080799038724213609e-02
4.984897307692522095e-02
-3.517313449216141752e-02
6.455707203860022893e-06
4.985796239687260989e-02
-6.260739235126690228e-02
1.777414022995038589e-02
4.971727251955995741e-02
-4.703370602825358154e-02
1.498725832101650661e-02
4.979331686684863173e-02
-3.462076204498213544e-02
-5.350338048160799970e-02
-5.015184716137686960e-02
-1.594744750167225930e-02
-5.458254486309034592e-02
-5.008776241466113277e-02
-1.972228029559701043e-02
-3.691476558091523474e-02
-5.012234519542138611e-02
1.096501222311602186e-02
-6.822812312095123677e-02
5.012320991328390873e-02
6.700253809508699421e-03
-3.843091964311423636e-02
5.002902082401573802e-02
-5.024530186992558906e-02
3.368057786380641849e-02
-5.018493715979007591e-02
-2.752480109608161987e-02
9.559458911331929903e-03
-5.015220066435864543e-02
-3.914963125764345242e-02
1.990310801961745618e-02
-5.018692298781654570e-02
4.264621854694584241e-02
6.731061844786271307e-03
-5.048066454089387978e-02
5.166537207898635325e-02
1.858893029859742807e-02
-5.038638812568626418e-02
6.243190067035708085e-02
7.713358908141019869e-03
-5.040697368515677929e-02
3.313252894592055159e-02
6.392911544709432544e-05
-5.031099771475331522e-02
4.226154588277632879e-02
-6.277174429659921305e-03
-5.048099957534080140e-02
5.117225401232862458e-02
-1.949763391296731666e-02
-5.045099813013119439e-02
-6.078264625085450651e-02
-2.287805652212658927e-02
4.971388097796833327e-02
-4.991165175839269719e-02
-3.534811822412720073e-02
4.978073546099831548e-02
-5.597675361394418431e-02
1.631990881772376820e-02
-5.021550348446747469e-02
-4.168782338860762410e-02
9.885856197347762421e-04
-5.022378778306989255e-02
4.918950352499902590e-02
-1.672448854921685518e-02
4.992054316153085591e-02
6.028781425219726514e-02
-5.762929352647677521e-03
-5.046643301501445300e-02
