-7.757076731172803108e-02
1.333419285335015916e-06
-5.053086790106588871e-02
-8.066989458343670760e-02
-2.828107223667402544e-05
4.823125122852386232e-02
-7.578271895914645562e-02
-1.606562040265469699e-02
-5.038652719233246979e-02
-7.896368257402015811e-02
-1.608264203925817079e-02
4.827310683811558006e-02
-7.579052297533880878e-02
1.608829395929996242e-02
-5.038343251026478758e-02
-7.899915255070104336e-02
1.602965870892671812e-02
4.826730614305620864e-02
-7.080315290412461660e-02
-3.150725665616373877e-02
-5.034836045680820410e-02
-7.398957137836542630e-02
-3.143781049146447681e-02
4.837096420510871020e-02
-7.076822863121304263e-02
3.152398440808436286e-02
-5.033637067754304778e-02
-7.403156833256463454e-02
3.140669911363129507e-02
4.837116425036291911e-02
-7.061630098765192542e-02
9.960337352138008059e-06
-4.225895442529970653e-02
-7.329558400431955556e-02
-2.582892102940283118e-05
4.008849484434400673e-02
-6.907863568018578204e-02
-1.466526861720291938e-02
-4.217940646321689802e-02
-7.174153208826615502e-02
-1.458128654184836885e-02
4.012699825729901248e-02
-6.901599565392084468e-02
1.463609982969840510e-02
-4.215367022705697464e-02
-7.090263448922992651e-02
1.516857494340607959e-02
3.933239152995314514e-02
-6.484111152706187320e-02
1.644791622788472425e-04
-3.463184329186960730e-02
-6.693101673790671780e-02
2.603544784732669966e-04
3.234159663718098182e-02
-6.446038567734861668e-02
-2.866686719804346570e-02
-4.215996244350895400e-02
-6.722484139623470523e-02
-2.851091084020936431e-02
4.021789845803498686e-02
-6.445937778982517574e-02
2.863135259169143770e-02
-4.208473461833688034e-02
-6.727606907128007296e-02
2.849234844776145706e-02
4.021602137942435068e-02
-6.347209710520611281e-02
-1.339855749999081282e-02
-3.477200235726787825e-02
-6.576419778189465659e-02
-1.335083106122012496e-02
3.267980403936102812e-02
-6.353287903482977839e-02
1.342697148107606896e-02
-3.465444100772428065e-02
-6.580225618152267530e-02
1.331981014155671911e-02
3.268605541478756399e-02
-6.268057648136857174e-02
-4.554581155645804486e-02
-5.036715497974909167e-02
-6.591080918537343958e-02
-4.540931086001697564e-02
4.854201889483496929e-02
-6.264570591635691688e-02
4.551697814143298992e-02
-5.027164163474134168e-02
-6.597623725213677681e-02
4.539961758150415361e-02
4.855396029492752008e-02
-6.040768953202683977e-02
4.744701551817516200e-04
-2.799985917403388994e-02
-6.222108728589102744e-02
-1.676088243499781024e-05
2.579586572754058449e-02
-5.932386097219464333e-02
-2.622766941012358993e-02
-3.465889202652882445e-02
-6.180128649510730626e-02
-2.572523361828026045e-02
3.283509428579240580e-02
-5.928638739785077605e-02
2.626488004466270842e-02
-3.458989705062584519e-02
-6.190631586777312068e-02
2.596105974385136406e-02
3.299550950250758341e-02
-5.890753577758469500e-02
-1.170572204809595084e-02
-2.736464087811451770e-02
-6.102230878043504725e-02
-1.284490154471326119e-02
2.619224975021362117e-02
-5.904178764836982146e-02
1.241367312425591292e-02
-2.779138559452089610e-02
-6.102592855525227483e-02
1.157224931818070027e-02
2.582679401883307413e-02
-5.653473914936656824e-02
-4.093991564757148982e-02
-4.116035583199269959e-02
-5.989669638458548773e-02
-4.118430706132442110e-02
4.036587874793275132e-02
-5.660236169043215970e-02
4.020679101314549725e-02
-4.075126716969730556e-02
-6.038597521070158264e-02
4.089367732395732952e-02
4.062576751513390094e-02
-5.707547200037046270e-02
7.835880923796296685e-06
-2.174041478119728699e-02
-5.838881607232613430e-02
-8.396987603486423340e-06
1.949603632188202929e-02
-5.568734113597201274e-02
-1.163482040779274806e-02
-2.137250161824430159e-02
-5.707773868724577010e-02
-1.157447304230953267e-02
1.940797310793116251e-02
-5.567000300275433411e-02
1.165107867348745552e-02
-2.134138258946268255e-02
-5.712201929671055500e-02
1.156579082611946564e-02
1.942339820604606013e-02
-5.516805801598183290e-02
-2.425239295622981517e-02
-2.777947519656468953e-02
-5.706728051400460772e-02
-2.415118184835593138e-02
2.589983652318133753e-02
-5.512753532807301848e-02
2.427406371656555192e-02
-2.773952700209198624e-02
-5.712226645649758072e-02
2.414152409786898129e-02
2.590185764330912160e-02
-5.444865766910218785e-02
5.099531867087499703e-04
-1.567703803898241530e-02
-5.537954025093168309e-02
-2.159231123225246801e-04
1.330406357228828933e-02
-5.253993997672140592e-02
-3.790601975543741314e-02
-3.458983935720919695e-02
-5.490615277187137211e-02
-3.769411303777187028e-02
3.290819316203409672e-02
-5.251158099386285527e-02
3.789548632237247500e-02
-3.455630574143304934e-02
-5.497363606241498224e-02
3.769191352600082673e-02
3.291759947127443492e-02
-5.320996362896942417e-02
-1.104183491129494613e-02
-1.531577972308994021e-02
-5.420554141859109526e-02
-1.173720943219593200e-02
1.382748652757992587e-02
-5.324642881506196773e-02
1.158674541378374931e-02
-1.577750881829309212e-02
-5.438311611903962756e-02
1.133443183526747049e-02
1.382431671541644973e-02
-5.178572156621256972e-02
-5.750954692568891607e-02
-5.022813859424793415e-02
-5.512035790631526072e-02
-5.740438098098549907e-02
4.881200254828428620e-02
-5.177311123357299094e-02
5.748939736587623667e-02
-5.021550536455165331e-02
-5.519298893705123360e-02
5.740432708294307407e-02
4.881101658620625589e-02
-5.283449876129533290e-02
1.422942683048741643e-05
-9.501412260993227776e-03
-5.339153052695747720e-02
-1.213986020245964940e-04
7.278370347780069652e-03
-5.238965980814608292e-02
-2.292888786991773703e-02
-2.199646209136930236e-02
-5.363613114337489191e-02
-2.318044946070716220e-02
2.016448676778111529e-02
-5.250483969660273836e-02
2.291852174149179924e-02
-2.224996797219152417e-02
-5.353019675759247004e-02
2.263207462418392185e-02
1.949140167360869161e-02
-5.212919471523744241e-02
2.504554963610472145e-05
-3.350095676366712620e-03
-5.244580200376633417e-02
-1.168469821662584512e-04
2.372284727478271311e-03
-5.171277980398874402e-02
-1.067105354389764546e-02
-9.455526581210880327e-03
-5.228820985354296069e-02
-1.064206469210967135e-02
7.545897929164498141e-03
-5.176566857136703087e-02
1.054681329936743746e-02
-9.496198216594614605e-03
-5.232898714661868289e-02
1.063763108635982189e-02
7.547455975567865863e-03
-5.099650258194173003e-02
-1.046460177417734942e-02
-3.770237298169915041e-03
-5.123163893394343249e-02
-1.046698153411023714e-02
1.861392387372012196e-03
-5.104052536114424277e-02
1.047027902897211711e-02
-3.775963424246230396e-03
-5.127379779696845247e-02
1.046787978562679217e-02
1.861094598247338590e-03
-4.979035313000228224e-02
-2.163643742284418470e-02
-1.525890017443115240e-02
-5.080070087974148524e-02
-2.153705152197743500e-02
1.342563409974769327e-02
-4.972911512454592647e-02
2.163666233681826173e-02
-1.522061642302492170e-02
-5.082753283891891516e-02
2.152007760540892642e-02
1.343386330679511610e-02
-4.892842363255434091e-02
-3.505781054167112637e-02
-2.770477181887035303e-02
-5.084568529092155925e-02
-3.488073824902403197e-02
2.603205387581842417e-02
-4.885676757472582482e-02
3.507095800310408573e-02
-2.764016836588846851e-02
-5.091111831792532322e-02
3.489167646443013665e-02
2.604222699777131861e-02
-4.723004903356985834e-02
-5.222670932807720739e-02
-4.200183380629823188e-02
-5.010989243520620057e-02
-5.206549442249416848e-02
4.060736142193023535e-02
-4.718859787602449479e-02
5.226894734466012993e-02
-4.194638693337909147e-02
-5.018311709804108844e-02
5.206762904038152173e-02
4.061084681636786126e-02
-4.840718805540666914e-02
-2.089509493706262835e-02
-9.394375218200559999e-03
-4.898665183865118233e-02
-2.082115212993207454e-02
7.608716090712275108e-03
-4.834869912659373742e-02
2.088694947797702442e-02
-9.371039587963831546e-03
-4.902737544700977446e-02
2.081837455156605385e-02
7.621233886601672114e-03
-4.775856216139835742e-02
-2.048300813321219521e-02
-3.702583672272430609e-03
-4.798649966135936501e-02
-2.047123748970938392e-02
1.925144865253995132e-03
-4.778323972015905557e-02
2.055528842109720367e-02
-3.237924090487372467e-03
-4.803664778888949022e-02
2.047601707213849917e-02
1.939408096933441629e-03
-4.619095584643197888e-02
-3.288611444746068757e-02
-2.124111707784296504e-02
-4.782522654781514587e-02
-3.325626856510928431e-02
2.042672239111592222e-02
-4.625239391716686604e-02
3.363586594401132140e-02
-2.226546522947148166e-02
-4.772058552458156161e-02
3.271515278021037976e-02
1.962557662698164937e-02
-4.348579107397729238e-02
-4.842257819827127524e-02
-3.504695176390291295e-02
-4.594643935803666840e-02
-4.766224749989637910e-02
3.312018606496468232e-02
-4.343724848603310734e-02
4.786249509225359161e-02
-3.445138832832798231e-02
-4.604447893389509300e-02
4.822000013557303094e-02
3.370479560908753308e-02
-4.421581442250432925e-02
-3.125216115004748885e-02
-1.516544187071974803e-02
-4.526517234069344503e-02
-3.112526609338988129e-02
1.354377494340803893e-02
-4.412858735345600442e-02
3.122213347678950285e-02
-1.510998101060246485e-02
-4.549713105854207018e-02
3.079950595980547948e-02
1.355733893723474331e-02
-4.301050292909006090e-02
-3.017522510174421024e-02
-9.295764988069636289e-03
-4.362971081227107195e-02
-3.008921400902596355e-02
7.719341276047947745e-03
-4.294889853835345134e-02
3.014244801268082391e-02
-9.250130975290243168e-03
-4.368311666453617015e-02
3.009256743344031898e-02
7.739715545274590547e-03
-4.247115261181945434e-02
-2.958993692788455809e-02
-3.599009045906627693e-03
-4.270757516367118534e-02
-2.958850010551698773e-02
2.029951577614574551e-03
-4.248822981884536193e-02
2.962864239725387927e-02
-3.567952193888567197e-03
-4.275844879861403353e-02
2.960490717202600430e-02
2.050724202268367283e-03
-4.053558749833618968e-02
-4.429905409386616227e-02
-2.757477835459724164e-02
-4.317596115567372272e-02
-4.420821490381277030e-02
2.694982437758250762e-02
-4.047118185882698366e-02
4.429011443289145727e-02
-2.753308336924079752e-02
-4.262868968178958745e-02
4.412530003290502517e-02
2.622920451117849439e-02
-3.863474347436218759e-02
-6.698559842796421304e-02
-5.017858586052539871e-02
-4.207919798699633757e-02
-6.688456038791833203e-02
4.914534390676496972e-02
-3.868353887319832957e-02
6.698316552484240294e-02
-5.022207289752977227e-02
-4.215214175665748381e-02
6.690185186604323542e-02
4.913353485318276703e-02
-3.803696296216393935e-02
-4.215193694192315849e-02
-2.170316562789635639e-02
-4.003786868051198433e-02
-4.153185187197792894e-02
2.018353147379877560e-02
-3.818290826804422722e-02
4.211396886195816619e-02
-2.184041854891663817e-02
-4.007311892033383477e-02
4.166697620335264168e-02
2.034656017573765671e-02
-3.674878973074967997e-02
-3.947355199672543391e-02
-1.503867506608294949e-02
-3.729361547792858778e-02
-3.968199483686016965e-02
1.361110509156011894e-02
-3.666791645857311183e-02
3.943701327261008721e-02
-1.499748583308582912e-02
-3.735549378388126895e-02
3.968689520608949944e-02
1.362526234886434623e-02
-3.529257126274799872e-02
-6.078996101864464485e-02
-4.194622147976020260e-02
-3.844786693080286949e-02
-5.956675946961002832e-02
3.989317291581585129e-02
-3.493396917268338370e-02
6.089739082170995271e-02
-4.183467226898409524e-02
-3.835621403297947291e-02
6.069002681628677537e-02
4.089971261575749140e-02
-3.582008906138828275e-02
-3.812242826256530270e-02
-9.176444500576847949e-03
-3.644851061400567610e-02
-3.800861241616996372e-02
7.871861817808552611e-03
-3.576122306063048845e-02
3.809965375817780942e-02
-9.146208605721704854e-03
-3.651007533927492360e-02
3.801854670643092099e-02
7.884062054613562645e-03
-3.542296601468971490e-02
-3.739240630818855410e-02
-3.475593778978540872e-03
-3.564986166459351707e-02
-3.737599736847909554e-02
2.174686899444043444e-03
-3.541015017797678743e-02
3.739354580582334581e-02
-3.450103695556853804e-03
-3.568670927513731272e-02
3.738554832954774781e-02
2.189326920684734733e-03
-3.210748414059688000e-02
-5.600119037258413646e-02
-3.446257302899055630e-02
-3.511976106110419743e-02
-5.554494452146233746e-02
3.339688521348879030e-02
-3.254671476548157139e-02
5.571008947892346769e-02
-3.438089253676775842e-02
-3.519846315681790516e-02
5.556029604594606847e-02
3.338788564413425891e-02
-3.043203052830524558e-02
-5.157492100716672134e-02
-2.747007198574203529e-02
-3.253557279544521535e-02
-5.141042244007852646e-02
2.647227581385310294e-02
-3.038067271745596015e-02
5.155449714452164239e-02
-2.743995148358010713e-02
-3.259671554162010820e-02
5.142725540594261791e-02
2.647399624661964795e-02
-2.886044411157122347e-02
-4.835730042312445104e-02
-2.098141720830067058e-02
-3.047443323682235555e-02
-4.817370894540680404e-02
2.001398370876535451e-02
-2.880936253547978360e-02
4.834120696870990164e-02
-2.094474160909988100e-02
-3.054463985348382371e-02
4.819770895897333707e-02
2.001978645829042072e-02
-2.775190223173149007e-02
-4.595852267195612434e-02
-1.487617171967982842e-02
-2.889534083447650031e-02
-4.580820673467629611e-02
1.391267405892426638e-02
-2.768528910403647916e-02
4.592449520693687309e-02
-1.484600452516230545e-02
-2.897398144621424199e-02
4.583438872969605032e-02
1.392193120809009053e-02
-2.679085662402787282e-02
-4.478466240450965780e-02
-9.800717640466628106e-03
-2.763843677954423358e-02
-4.435949578696004453e-02
8.088667653198315655e-03
-2.721559794073218422e-02
4.439815330647836622e-02
-9.390206724616221093e-03
-2.745267578481990281e-02
4.449010746816456363e-02
8.109484667481625664e-03
-2.692936132661727378e-02
-4.355284872491633347e-02
-3.309254378232448154e-03
-2.714802890139433877e-02
-4.353385333001645596e-02
2.349449378187973975e-03
-2.691139888175000244e-02
4.354249689413891566e-02
-3.293193479096499267e-03
-2.712863700709278528e-02
4.373721701977740378e-02
3.209736523631315751e-03
-2.390542015268193668e-02
-7.349239337440495456e-02
-5.011499782091111826e-02
-2.735461356953736156e-02
-7.344884177068181086e-02
4.953007569179859737e-02
-2.388895903797725803e-02
7.349311149575626922e-02
-5.012009343190766686e-02
-2.743291488428107813e-02
7.347785953382449109e-02
4.950596870067588973e-02
-2.186340507264854932e-02
-6.670322748855739281e-02
-4.182337095923543968e-02
-2.492821475749741264e-02
-6.662943394271640674e-02
4.125805849032189443e-02
-2.185166908649413542e-02
6.672791853379501925e-02
-4.181561049046563644e-02
-2.500234649717069171e-02
6.665635144156679959e-02
4.123303734887515115e-02
-2.025968472978426776e-02
-6.111051702226981408e-02
-3.427234174477126333e-02
-2.290042104976758308e-02
-6.099639071697148668e-02
3.371613900615311188e-02
-2.022883566067336034e-02
6.112257638156612383e-02
-3.427262606560869257e-02
-2.297375951323793464e-02
6.101883983230824149e-02
3.368833481161520593e-02
-1.860253420249524670e-02
-5.719753028714671256e-02
-2.810785162626603523e-02
-2.099357367732503088e-02
-5.672877323984388404e-02
2.708825526159869962e-02
-1.971849066847034329e-02
5.682055911062840192e-02
-2.811979437050519254e-02
-2.128884876797586256e-02
5.648249156709529012e-02
2.673541106606088305e-02
-1.823552665129501288e-02
-5.327035128306076284e-02
-2.128938660956310874e-02
-1.989541158167373869e-02
-5.290337950408971479e-02
2.027948745642012621e-02
-1.804820824874054513e-02
5.362669797998807081e-02
-2.185337345972301198e-02
-1.936628528983601674e-02
5.335936638454946007e-02
2.079451629319543568e-02
-1.762862912172475857e-02
-5.041216351119234135e-02
-1.472049755506653346e-02
-1.884510752173394060e-02
-5.032198243626147260e-02
1.415049369373475030e-02
-1.758664930227793119e-02
5.040220717330912148e-02
-1.471017763665210046e-02
-1.889451508209002289e-02
5.033701805198731449e-02
1.414273198974823342e-02
-1.736798246304938065e-02
-4.868774001758804232e-02
-8.842787118745660396e-03
-1.807239285599257506e-02
-4.860396097962163542e-02
8.280806797002496916e-03
-1.733331594393226066e-02
4.867902753170846170e-02
-8.834142635657940903e-03
-1.814661003169270800e-02
4.863489798835290284e-02
8.278547105827689309e-03
-1.734695100971665738e-02
-4.781117007100638833e-02
-3.114767101259299613e-03
-1.756789151419792250e-02
-4.777415639902544281e-02
2.564499849111688112e-03
-1.733834057465096293e-02
4.780863814541506940e-02
-3.112837262407839624e-03
-1.760881591351613068e-02
4.779563310332416576e-02
2.562631584500001027e-03
-8.087680391100911942e-03
-7.677628261356651829e-02
-5.005605181147815275e-02
-1.158299366393688093e-02
-7.678899024499323545e-02
4.993467202886026080e-02
-8.097187015901518431e-03
7.678236769769446191e-02
-5.006954304399407335e-02
-1.165537075937776897e-02
7.684486434797746512e-02
4.990084117107219247e-02
-7.497166998620633654e-03
-6.968247581683685576e-02
-4.174908767966788170e-02
-1.121544650850989783e-02
-6.950700784367166984e-02
4.156431710054525608e-02
-7.364830955346791420e-03
6.857438550545776057e-02
-4.028804787543855542e-02
-1.069732259812017708e-02
6.971368765689386904e-02
4.159280147602711919e-02
-6.730690544106810932e-03
-6.414363543590238803e-02
-3.459096778225356078e-02
-1.010244022979729130e-02
-6.392498881203556582e-02
3.429523584342399067e-02
-7.354288527060393217e-03
6.305378032806527311e-02
-3.311218843712927101e-02
-9.884124246699217686e-03
6.382229947578520191e-02
3.401417860495816597e-02
-6.903148983044471790e-03
-5.908390147449611718e-02
-2.717246029026661180e-02
-9.139057946128797613e-03
-5.901191864567412876e-02
2.704750960503875951e-02
-6.239855334165017586e-03
5.907250995374763863e-02
-2.717979276758000426e-02
-8.405778921214454580e-03
5.898460848430304992e-02
2.691350149398662531e-02
-7.422221241284273491e-03
-5.559617137211856491e-02
-2.132224635497281459e-02
-8.560437984288656391e-03
-5.529670693666655090e-02
2.054283969651835712e-02
-6.027193369106250039e-03
5.581583410723149619e-02
-2.146349046291397278e-02
-8.594830484322718567e-03
5.536164551073641249e-02
2.053865648017409729e-02
-6.805654663638131818e-03
-5.264948474016965113e-02
-1.454651311494513724e-02
-7.476134054875072966e-03
-5.264724992864405068e-02
1.459570600694318730e-02
-6.219405955867465807e-03
5.265354709014969520e-02
-1.453936626531736331e-02
-8.832731664746693370e-03
5.271558508259904796e-02
1.488080321339992594e-02
-6.906656843311210527e-03
-5.086333129078025872e-02
-8.658705342616843798e-03
-7.650386821619593013e-03
-5.080307278148538108e-02
8.506320670442097179e-03
-7.534891999779361887e-03
5.065523489511399025e-02
-8.128971405090683680e-03
-7.728271713597303742e-03
5.087344612380172854e-02
8.500917757903162300e-03
-7.107407101103664117e-03
-4.995022615284355066e-02
-2.917477082472522652e-03
-7.335697464090574528e-03
-4.992791599452326562e-02
2.772303678939391086e-03
-7.112709026081300359e-03
4.998178296391877357e-02
-2.927620574025473991e-03
-7.386465285012050463e-03
4.998550100951242026e-02
2.757184423930473388e-03
2.171833222056899961e-03
6.704653874184046203e-04
-5.001536867008597037e-02
-3.715113417447741227e-03
-2.281122450522779250e-03
5.005408798719066660e-02
3.358229067719041647e-03
-4.990318901517189903e-02
-2.054495576035418082e-03
3.080105663538684150e-03
-4.993857869911545733e-02
2.986517782075088015e-03
3.330812445515164959e-03
4.993634262839732191e-02
-2.718587138436616944e-03
3.046087766911694580e-03
4.996282784093716151e-02
2.981631761193308250e-03
3.731231406060946804e-03
-5.079251508370086210e-02
-8.468953075728945235e-03
2.951857849498167995e-03
-5.079679124158283793e-02
8.760010905298093800e-03
3.755822541405989725e-03
5.078785629265799434e-02
-8.469628875168664847e-03
2.883656013443388396e-03
5.087694811700170516e-02
8.735059757544962403e-03
3.639051373608654348e-03
-5.262132277932502628e-02
-1.438038826373868456e-02
2.259521239559898406e-03
-5.283945069385073690e-02
1.525493878167402499e-02
4.906571341973333528e-03
5.273305604096351767e-02
-1.503529121722811147e-02
2.903538612252684527e-03
5.264826695082212155e-02
1.464704721067013569e-02
4.801164515319511147e-03
-5.532755003553644496e-02
-2.052106376821564646e-02
3.015673607869622224e-03
-5.528612979650830705e-02
2.083270843453039270e-02
4.836380587760371122e-03
5.526369223480583071e-02
-2.052884674955724256e-02
2.992206080513608660e-03
5.538366466740673316e-02
2.080031283651350912e-02
5.488260590029771582e-03
-5.898118670735601893e-02
-2.705531521210404952e-02
3.231985443583932759e-03
-5.899407210515347083e-02
2.735439067503816005e-02
5.513125169733280179e-03
5.896212283092341216e-02
-2.704200102747751980e-02
3.488587265022884305e-03
5.939255698850286896e-02
2.789729760191489091e-02
7.100023470657463968e-03
-6.407987036105942946e-02
-3.473190412962296608e-02
3.020563340979910086e-03
-6.437800141621399796e-02
3.515461504222396061e-02
6.606175833887424111e-03
6.356975899213661296e-02
-3.396057144837071051e-02
2.833714533568331643e-03
6.434528801471878223e-02
3.497499877911208754e-02
7.158053400263261062e-03
-6.960032399422305671e-02
-4.163294258821591265e-02
3.979669952439830911e-03
-6.964638992559463171e-02
4.197107740915734242e-02
7.145114882994317573e-03
6.959024746771728942e-02
-4.164116335782103162e-02
3.925807117795931771e-03
6.972547213655283516e-02
4.194227444459551479e-02
8.017206247578264125e-03
-7.672971036313407101e-02
-4.997758759669018030e-02
4.522372321613179862e-03
-7.677406199022748789e-02
5.033208575334404550e-02
8.063306732561784790e-03
7.672390674314347181e-02
-4.997120198795193535e-02
4.475706495232903599e-03
7.685722831703310776e-02
5.029432214476045604e-02
1.350207777318381160e-02
-4.768103024875056800e-02
-2.501834327231933913e-03
1.327241899242577287e-02
-4.771350917285933912e-02
3.213461789939679996e-03
1.352136215814575375e-02
4.773171244335772806e-02
-2.506419230268850176e-03
1.321635897538096793e-02
4.772093149672041595e-02
3.208105552804070039e-03
1.406779098427898833e-02
-4.853575228003670361e-02
-8.263338165637080721e-03
1.331010033128418417e-02
-4.857737722164480465e-02
8.994952621130649154e-03
1.410226186765205225e-02
4.854582915302776275e-02
-8.276526383783063684e-03
1.324912286803079341e-02
4.857847012013888355e-02
8.970547445151390298e-03
1.492986233810261396e-02
-5.024764391153840881e-02
-1.417983329210241623e-02
1.368095455080663159e-02
-5.028950326883577931e-02
1.493083425373763727e-02
1.499453505795783452e-02
5.025067088447072311e-02
-1.419461770846147837e-02
1.362737595909450407e-02
5.030770985218337155e-02
1.489410142998609174e-02
1.608294330284397791e-02
-5.284884773627344934e-02
-2.034281464627886449e-02
1.434592782717655605e-02
-5.288848279299954852e-02
2.111344544615117308e-02
1.676494456217379747e-02
5.296523358101534046e-02
-2.108484179928973856e-02
1.429996595577937707e-02
5.293758283013617200e-02
2.106880546350787392e-02
1.828934905697472343e-02
-5.656140653324651102e-02
-2.753927140126647896e-02
1.488565051748657296e-02
-5.697211837230081732e-02
2.831496243011569561e-02
1.707142355085487437e-02
5.711784619142086517e-02
-2.788712226960153584e-02
1.527707551578926654e-02
5.648229964103956835e-02
2.762091518004725077e-02
1.889462068730661179e-02
-6.198090325035016113e-02
-3.518318287593437399e-02
1.643659531368233881e-02
-6.160408476040733078e-02
3.544834377149994054e-02
1.971124144855032970e-02
6.182079880270012484e-02
-3.524900778448430277e-02
1.657171265856157219e-02
6.103498708935731210e-02
3.465050449300179081e-02
2.188173317466613269e-02
-6.676824082551179040e-02
-4.208509827944584281e-02
1.826866530945452094e-02
-6.659780556982508593e-02
4.235240208474733148e-02
2.142158873393820717e-02
6.644390371337405288e-02
-4.155039012009658500e-02
1.846403864149652116e-02
6.549739383559981254e-02
4.104073437476956493e-02
2.380118568081685329e-02
-7.331891761082545700e-02
-4.991404606272381583e-02
2.028043674476806557e-02
-7.341645112583752852e-02
5.074706583954573941e-02
2.380025314438250980e-02
7.329861991827747725e-02
-4.990661115348962035e-02
2.023485978933590654e-02
7.348031593948337048e-02
5.068662878449672199e-02
2.296351463022949790e-02
-4.338571048432323524e-02
-2.324562456630687758e-03
2.274777497447591154e-02
-4.342078784176529177e-02
3.418724907198452800e-03
2.295295256852387944e-02
4.344767082830665317e-02
-2.319513212050778889e-03
2.269046404417065718e-02
4.344783937004032676e-02
3.413552780353839525e-03
2.366744692971554237e-02
-4.419141070101970797e-02
-8.073487667189760755e-03
2.340435213749907442e-02
-4.396606496954534593e-02
9.279581580819790121e-03
2.369192252127935022e-02
4.437322358883129259e-02
-8.757791305778628993e-03
2.256522421651949856e-02
4.441678703582401661e-02
9.225513360508780236e-03
2.487105887533770307e-02
-4.570725981013343264e-02
-1.401826855610442159e-02
2.368762887537357795e-02
-4.579412970681968897e-02
1.517247470523845794e-02
2.494461632409037538e-02
4.567084709123759440e-02
-1.405403249949153770e-02
2.363627695374251672e-02
4.582816758515245725e-02
1.511752960725010718e-02
2.657073126767348081e-02
-4.802116911011660577e-02
-2.021760605530492638e-02
2.489508857742106854e-02
-4.815871597882868255e-02
2.137700199116814026e-02
2.665769463449097279e-02
4.801558362419411363e-02
-2.022668916172522605e-02
2.484666340241329166e-02
4.821518697407026904e-02
2.131293849975395005e-02
2.875553398633855923e-02
-5.123648592150416986e-02
-2.674736168074508605e-02
2.660342045587045512e-02
-5.138355481023283711e-02
2.795192746347009011e-02
2.879846530582127334e-02
5.123185991098509057e-02
-2.677810028460875583e-02
2.655063498397973454e-02
5.143580455929858825e-02
2.788547456019938725e-02
3.144307888880269047e-02
-5.532675482184766513e-02
-3.377868966895918729e-02
2.883090389155303426e-02
-5.553059895836726795e-02
3.501282212282236933e-02
3.150990201832713777e-02
5.534771889023689523e-02
-3.379630568309745231e-02
2.892999675715143826e-02
5.559738079991318610e-02
3.507037442602126132e-02
3.129548677816360036e-02
-3.725072573196420989e-02
-2.118952316219447664e-03
3.070517525875638906e-02
-3.763990543134708433e-02
4.084065351608264643e-03
3.128774022766595692e-02
3.731733476427915447e-02
-2.152767070672005015e-03
3.064574580779288321e-02
3.768015160610750647e-02
4.039530552692946475e-03
3.212949063378768566e-02
-3.792530655304613557e-02
-7.909765670226420395e-03
3.150027378246950116e-02
-3.799245380540226119e-02
9.414929410365414225e-03
3.214680306653335679e-02
3.795791902921544225e-02
-7.938022226606193318e-03
3.144081145788765047e-02
3.800841877063183133e-02
9.357500940677689755e-03
3.463518574214514978e-02
-6.017465853865590353e-02
-4.110049967479738331e-02
3.161626546022324596e-02
-6.064879836656100753e-02
4.268616772131714199e-02
3.470696352410582164e-02
6.045373374764642649e-02
-4.144499414755365568e-02
3.156649707111530007e-02
6.071939144700205793e-02
4.261398464846044565e-02
3.314871656640097641e-02
-3.970963428367894898e-02
-1.410403827376525455e-02
3.254651544289498266e-02
-3.934375489144523175e-02
1.536864377818726070e-02
3.367636255273108448e-02
3.919718065400319001e-02
-1.390061408159088546e-02
3.195805335355848126e-02
3.972897420407188462e-02
1.520714187077276160e-02
3.576913547764978135e-02
-4.178700468047352040e-02
-2.086266750057616179e-02
3.422555681257547638e-02
-4.135281465094046288e-02
2.160514341115018361e-02
3.589848360039528397e-02
4.117913500764521645e-02
-2.011566319650179638e-02
3.430969248275823891e-02
4.155123823140843137e-02
2.191589842040139041e-02
3.847339951601329300e-02
-6.668295200011224722e-02
-4.979253221148473990e-02
3.499917118398978427e-02
-6.683998508412765382e-02
5.111791087945891793e-02
3.849611592739220212e-02
6.669035083830857080e-02
-4.982251338058974605e-02
3.568696613665443829e-02
6.639964098538070347e-02
5.105249377659228094e-02
3.897674716725832433e-02
-4.457737986098578992e-02
-2.766087048101127654e-02
3.657939677511851118e-02
-4.412316931769968281e-02
2.819872478128606155e-02
3.867844996705436383e-02
4.386256468027074223e-02
-2.671844621939242076e-02
3.651826653359143554e-02
4.415083042244545564e-02
2.814665253308752668e-02
3.806879505425204979e-02
-2.966062901212366751e-02
-2.029224489554103464e-03
3.814028499222728297e-02
-2.948499007199039540e-02
4.814021846746688316e-03
3.826487834462235366e-02
2.929438030564944853e-02
-1.624198228587693787e-03
3.828920676415949187e-02
2.912629092351958632e-02
4.526362878596940781e-03
3.899305289140281988e-02
-3.005063747874796298e-02
-7.860304878210142010e-03
3.846111744584159581e-02
-3.012189289901765279e-02
9.606743019418526736e-03
3.903863372970864387e-02
3.012069074592289841e-02
-7.892102836809914562e-03
3.842391105884682828e-02
3.016409264118844261e-02
9.508997182802797141e-03
4.099348437995756905e-02
-3.057675560393881969e-02
-1.380814312850455784e-02
3.976421231545135271e-02
-3.117481057043907516e-02
1.557146497764895846e-02
4.088268414079759133e-02
3.110510334417938838e-02
-1.381652169676057806e-02
3.990353456254662479e-02
3.095591605051964748e-02
1.549099113342254641e-02
4.218271307139957738e-02
-4.740522518232010568e-02
-3.367887709965769472e-02
3.962621618902454484e-02
-4.764525510027961541e-02
3.527232688222661783e-02
4.223728174536727636e-02
4.740829635382030199e-02
-3.372985577714334576e-02
4.071929720276144804e-02
4.780062719996296811e-02
3.644444653007052753e-02
4.332992265006156696e-02
-3.251821643751321572e-02
-2.002294531897606464e-02
4.220898542776876233e-02
-3.260384212328863024e-02
2.216417293436569874e-02
4.364096628470116174e-02
3.266114386661918279e-02
-2.039774844112294400e-02
4.188128920360309482e-02
3.280363783557459223e-02
2.171120088485578234e-02
4.306514294888794808e-02
-2.017314512252308539e-02
-1.501810067567774199e-03
4.261284074199289673e-02
-2.113823617077745590e-02
4.587084650187596424e-03
4.306548007335699729e-02
2.054184351738252978e-02
-1.914381827657338003e-03
4.300369038579229808e-02
2.059948562643119235e-02
4.683186827898225442e-03
4.399430734290368100e-02
-2.086413550443403514e-02
-7.718583996752499329e-03
4.353391420480941937e-02
-2.090445400517189703e-02
9.691615859844952829e-03
4.414967543828575425e-02
2.094638058865697441e-02
-7.758803376158106280e-03
4.358148292979688310e-02
2.098742868011246182e-02
9.640514075118516643e-03
4.642571820652459380e-02
-5.175681936444588571e-02
-4.133867760461408525e-02
4.343020443162735195e-02
-5.202975962588567843e-02
4.295803261113382426e-02
4.696170303406572988e-02
5.193302168550686243e-02
-4.196581863760526915e-02
4.336729191187719407e-02
5.210328644994374758e-02
4.290124891494343645e-02
4.675713696006784936e-02
-3.463979694025293848e-02
-2.658218330310369026e-02
4.478910892197605909e-02
-3.488032739385947545e-02
2.836991929381398395e-02
4.678550577743451067e-02
3.463946661475725969e-02
-2.658896051368842689e-02
4.477112396603147998e-02
3.496494111836217361e-02
2.831955098411159319e-02
4.551643884447083982e-02
-2.206117781422289523e-02
-1.325635392051989145e-02
4.514108601491309547e-02
-2.163620689589752441e-02
1.570086837798515683e-02
4.606878888168230990e-02
2.175197034646662864e-02
-1.376737444917477265e-02
4.514815940087968382e-02
2.174289102163822276e-02
1.564248805042366477e-02
4.607109113662041788e-02
-1.060902384131759933e-02
-1.828015174937559339e-03
4.586770105054857605e-02
-1.062096011928163365e-02
3.922350356727103381e-03
4.607803417021014841e-02
1.056550844961518833e-02
-1.848584918964462157e-03
4.599714825503612575e-02
1.013618008592752709e-02
4.657176805748785252e-03
4.705028871493793091e-02
-1.076389666234906298e-02
-7.650833739893849426e-03
4.651703926068895961e-02
-1.108957965323311388e-02
9.743161671111550196e-03
4.707101866099707571e-02
1.109883969016869226e-02
-7.723506724222902776e-03
4.640459210278653074e-02
1.145454793220208010e-02
9.778426027239899357e-03
4.708968482237779057e-02
-3.734770465749948532e-05
-2.142744971820255157e-03
4.686766284158946222e-02
-2.674513954890876201e-06
3.941535270478267738e-03
4.860296599949387453e-02
-2.171558986963002466e-02
-1.900788334221809039e-02
4.756598287170137052e-02
-2.263153892900609393e-02
2.188877034707993607e-02
4.903013058243602812e-02
2.245139108470118466e-02
-1.986950266449945268e-02
4.760146586947650027e-02
2.279275877560833774e-02
2.184823421711108715e-02
4.798599927290788519e-02
4.901098342096072823e-04
-7.512484798746486316e-03
4.758344190616796421e-02
2.041013224714073476e-05
9.711872628640431243e-03
5.143827939471211363e-02
-5.716953540184235849e-02
-4.972885973503542861e-02
4.804706409496283664e-02
-5.733527188977278338e-02
5.140102664011115402e-02
5.149874046650521064e-02
5.720797601580086128e-02
-4.986259120546452511e-02
4.797863586519328372e-02
5.743158318565803194e-02
5.134320141082510808e-02
4.910050009968863760e-02
-1.109284164563224297e-02
-1.359828443111557941e-02
4.840664296939316269e-02
-1.151148092342971219e-02
1.630380995077724410e-02
4.931988858229230388e-02
1.037431027943182434e-02
-1.368899473050460766e-02
4.829053236172018565e-02
1.123347079036403524e-02
1.575075295468484834e-02
5.098386162937097038e-02
-3.820871837118001296e-02
-3.425433885772607295e-02
4.837534465349355162e-02
-3.754201702458812018e-02
3.516634263571274260e-02
5.096239935327091797e-02
3.711506576954134301e-02
-3.336585137884421487e-02
4.860416572027218690e-02
3.879055956910723579e-02
3.643807973427765773e-02
5.006505678268900750e-02
1.980571453536695756e-04
-1.352527200137697456e-02
4.920535874497317108e-02
-1.451908521943366204e-04
1.559419893321139367e-02
5.274011874994220112e-02
-2.397469623027279062e-02
-2.648028617493263306e-02
5.088647585698306136e-02
-2.412890057495449200e-02
2.847832290280045281e-02
5.281741642374933321e-02
2.397672273269788740e-02
-2.644373884559960558e-02
5.088478988083056098e-02
2.424283100303452690e-02
2.845220786879597286e-02
5.211558786133947685e-02
-1.156602469071887386e-02
-1.985980501989604782e-02
5.091283481619580248e-02
-1.157735705777339363e-02
2.201034944792308254e-02
5.230237930437774130e-02
1.148451257835113662e-02
-1.984347212926888815e-02
5.087554685186344156e-02
1.170345645304847818e-02
2.196681717469967793e-02
5.324148895505544793e-02
-5.480955034135003690e-05
-1.992404242395451330e-02
5.184619524317442274e-02
7.126902734658560612e-05
2.197624018676429952e-02
5.606323936805554520e-02
-4.087498491801073996e-02
-4.129327659084141428e-02
5.315402163536447899e-02
-4.111315475917227263e-02
4.315032340774874187e-02
5.489096972572016925e-02
4.097782651304739121e-02
-4.014781220442773663e-02
5.311701923433976430e-02
4.122094092493062967e-02
4.312748545815935780e-02
5.635919449524005864e-02
-1.228169141970405533e-02
-2.642580149966613015e-02
5.434772141442358040e-02
-1.287503865707464480e-02
2.850456603958075041e-02
5.647986431040909194e-02
1.154951257067980859e-02
-2.630248944669530062e-02
5.434246225758224136e-02
1.299513752634089310e-02
2.847393242414940351e-02
5.791804631772862894e-02
-2.536456211153266180e-02
-3.374318044223893059e-02
5.538694765603672382e-02
-2.613387021765018262e-02
3.595385656664262797e-02
5.740457517398768472e-02
2.571485739966868425e-02
-3.326882600642886573e-02
5.511874778959501703e-02
2.614213944276672433e-02
3.557089465317226501e-02
5.760209063928938000e-02
1.272883756621985920e-04
-2.639080867249277498e-02
5.575777584554161143e-02
6.419042956905469163e-05
2.855448753472545134e-02
6.222964931286611989e-02
-4.519607150027313280e-02
-4.978030968367831710e-02
5.880627623051353642e-02
-4.529469165535465053e-02
5.158777891399575488e-02
6.220399730103697011e-02
4.519930144860676013e-02
-4.973021528742801317e-02
5.874587062473258375e-02
4.543150677354746564e-02
5.157500941584532844e-02
6.151631366001233947e-02
-1.321226938700985169e-02
-3.339899778725270718e-02
5.913054339941102577e-02
-1.326842019928145544e-02
3.563538119953090638e-02
6.150098121838242643e-02
1.314058129890109498e-02
-3.348825015313673659e-02
5.911202311869523385e-02
1.339651526626884151e-02
3.562108260974428814e-02
6.325997646707905153e-02
-2.826075646094240376e-02
-4.120233972342048773e-02
6.039730635048078111e-02
-2.840756174698376435e-02
4.328997078770330936e-02
6.332911919419646762e-02
2.826940010408283271e-02
-4.118947196865968552e-02
6.038264600464282594e-02
2.853553588595859544e-02
4.327101838413153351e-02
6.252840046060167967e-02
2.875090868484615021e-04
-3.316964861291405581e-02
6.043723232290270503e-02
6.683318871297813462e-05
3.562605512466848062e-02
6.762136103793346675e-02
-1.442380892483453511e-02
-4.114492637150724691e-02
6.482229559356875170e-02
-1.447682098557380621e-02
4.331514719932038487e-02
6.776831439778910338e-02
1.441281719491039649e-02
-4.115399018915447821e-02
6.479619828449406649e-02
1.460516412379772762e-02
4.330319827389024490e-02
6.924897932049219051e-02
-1.885137817244011965e-05
-4.116295115794890713e-02
6.523177854702766343e-02
-3.614825811979340106e-04
4.204108499167451274e-02
7.015110341005251215e-02
-3.123550249519938329e-02
-4.962099496220790523e-02
6.681305605856593943e-02
-3.130315793035574196e-02
5.174229008367266236e-02
7.017163055281239181e-02
3.121680836714148255e-02
-4.957146007858289488e-02
6.678320684048952294e-02
3.143620008624238571e-02
5.172312466978887940e-02
7.506841219265970866e-02
-1.596797540769832185e-02
-4.954880988475823811e-02
7.152652662177726162e-02
-1.656069802662843080e-02
5.175970563829630777e-02
7.510586898981860826e-02
1.599367266345372643e-02
-4.968717929079819601e-02
7.169305573880919991e-02
1.608797605885010917e-02
5.175082197871533340e-02
7.671819199667974376e-02
-6.404484473880348808e-04
-4.958467071648024055e-02
7.326753251677309287e-02
7.432928339906521437e-05
5.177489153810312800e-02
2.958659547589847800e-03
-7.862664903210588030e-03
-5.578520127842222058e-03
-2.033877134946256160e-02
-2.808020611091960501e-03
1.451178527238600191e-02
-2.315383167336269518e-02
-2.761760577406863031e-04
-3.172274137764718310e-02
-2.544785531364789077e-02
-3.299001531534601073e-02
-1.060107257314722891e-02
-2.591162656560812988e-02
3.169360110978623052e-02
-1.094587225321789689e-02
2.225606120067676399e-02
3.188096403033206100e-02
-1.088203033620619223e-02
-1.502939393701580723e-02
-2.065774719645328134e-02
-3.971798543632187352e-03
2.632497992221549329e-02
-7.904812638208429457e-03
2.030225306628807500e-02
1.597342055016696613e-02
-1.824421853886577446e-02
2.901655821517427555e-02
4.312856930660670385e-03
-4.478261194673038154e-02
-3.444484672945161141e-02
-2.146789933467132400e-02
-2.249830955389825471e-02
-2.528376527059555956e-02
-4.517171919805633429e-02
-3.342261388360122376e-02
-4.033466073837587568e-02
-4.619937177755612662e-02
-1.415725353987245562e-02
2.583899428363888376e-02
-5.270153322847106331e-02
-1.896616399477001752e-02
3.861190372399109227e-02
-5.468166858259736890e-02
3.783529748967863308e-03
-3.845421701210571114e-02
-4.749844723110006883e-02
-8.155885879748722526e-04
-2.742267989134625217e-02
-4.876343491679076270e-02
2.224546865241624864e-03
2.385497628195180561e-02
-5.642275067072297090e-02
2.004571343346503269e-03
3.768247309575665366e-02
-4.967698359153651516e-02
2.119964298006761158e-02
-3.919886537964167167e-02
-4.371052158238324797e-02
1.441058395684745135e-02
-2.787908825039072530e-02
-5.411987005014630425e-02
1.870623699113499114e-02
3.774433532079701781e-02
-5.037175774484325269e-02
3.429778388154463425e-02
3.969339755951156734e-02
-1.512640484579674989e-02
4.172930580040330739e-02
-2.594764353383473277e-02
-3.373545663693920671e-02
-4.533368245138116870e-02
-4.081674333876627453e-02
-3.514784653474804788e-02
-4.558457872369069130e-02
3.960359826063514221e-02
-2.948505306393353967e-02
-3.364013679622650244e-02
-3.748056972749796989e-02
-3.219179354385978686e-02
-3.395657997156197733e-02
-2.462239237977636996e-02
-3.539942045484268524e-02
-3.057004068867823915e-02
2.319308098224828751e-02
-3.903806636146287673e-02
-3.260003352676628385e-02
3.626464968365553099e-02
-4.218962785439208524e-02
-1.814051332160592292e-02
-2.800742730344565543e-02
-3.739425584514075723e-02
-1.667743172873913798e-02
-1.146042536633159158e-02
-3.635517803086776856e-02
-1.996853785036738910e-02
6.661966444766751275e-03
-3.397441504064896423e-02
-1.426798705034498273e-02
3.605505026221515058e-02
-4.033576425395476311e-02
5.493874809602717485e-03
-1.117004199159052184e-02
-4.147824996389880281e-02
1.246593154850240753e-03
7.514297102264825591e-03
-3.311623964466958031e-02
-4.710330208259631748e-04
2.454046597130997431e-02
-4.128650479635709997e-02
-2.736625462573795582e-03
3.554109190333349516e-02
-3.344300129129183091e-02
1.700185827686667706e-02
-3.791300948126938991e-02
-3.636744371578564533e-02
2.067980988953881105e-02
4.030943767353295862e-03
-4.229945626605258885e-02
1.874500352907363873e-02
2.369209194517662986e-02
-3.865602482711434640e-02
1.375532049335185560e-02
3.865319246460968694e-02
-3.710939766145301966e-02
3.665603673610274421e-02
-3.868058994073471368e-02
-3.294703573697291971e-02
3.183922827494222590e-02
-2.632232721558234664e-02
-3.293309759963560651e-02
3.431578793605948030e-02
2.331106510175969676e-02
-3.914942370105989333e-02
3.251652267459512885e-02
3.667676160223212745e-02
-3.411169336397183727e-02
4.564736239232988074e-02
3.789379060828017981e-02
-1.754888780650721430e-02
-5.091485963461677561e-02
-3.939058183341630215e-02
-1.949582200674515944e-02
-5.265244653831778476e-02
3.898399597504371289e-02
-2.009898232078348793e-02
-3.571109598874062235e-02
6.924400944019497815e-03
-1.923471494307937499e-02
-3.980932403058901753e-02
2.564066361570275371e-02
-2.421482421336705257e-02
-1.769575777068006783e-02
2.109418523589306343e-02
-1.997888222437703420e-02
-2.235011582138409642e-02
3.705802807080838673e-02
-1.703057134451685731e-02
-1.751098540504591582e-03
-6.947561315939743652e-03
-1.978113730490402289e-02
-1.134467302158453320e-03
3.484010736603073560e-02
-1.882272967409416228e-02
1.910855228209495590e-02
-3.829315668583212207e-02
-1.934303611502257922e-02
1.736398746860908643e-02
-2.030620171828436890e-02
-1.860650790003045424e-02
1.878631876491374669e-02
6.787816055471518339e-03
-1.883238970081121955e-02
1.825775456828819879e-02
2.460120328380429808e-02
-1.972227942725031380e-02
1.699174721302151164e-02
3.830699438925373734e-02
-2.030715029010311465e-02
3.643272716220637142e-02
6.741723589707047763e-03
-1.712397588094616632e-02
4.292546354024322913e-02
2.322415935673978471e-02
-2.140880974508803380e-02
3.563352546225765499e-02
3.673172660063360462e-02
-1.774523853283047764e-02
5.000279246187945559e-02
-3.888162051983628381e-02
-2.120421531410752319e-02
5.213346231353523097e-02
3.856533594390043618e-02
-1.927449951726728375e-03
-4.667306037063659319e-02
2.614889312846311112e-02
-2.078387258470801302e-03
-5.211297025505149533e-02
3.881529107649171056e-02
-1.187550928251688252e-02
-4.164864705437135162e-02
-2.554542411561930987e-02
-2.288704277723311166e-04
-3.837737886321403169e-02
-7.229747395190782785e-03
-3.529135428507431879e-03
-3.346723133264182387e-02
3.513692293379052506e-02
-3.670537812401092771e-03
-1.574787057266964149e-02
-2.923583089214979933e-02
-2.376340380114951023e-03
-3.983954309139197542e-02
1.318071064947459042e-02
-1.483325530912321666e-03
3.683831471416926587e-03
-2.626580159179736640e-02
-2.400007978219812019e-03
2.071457672791794311e-02
-3.389265215325429348e-02
5.230910401855376306e-03
1.467390544136897186e-02
-4.202824957952859368e-03
-5.646950915319658582e-04
1.379070701212817621e-02
1.792645247715067211e-02
-6.221880412272403444e-04
1.784207432532735477e-02
3.824297332634466612e-02
-2.225965292635442242e-03
3.855495393368334189e-02
-9.114522041910858366e-03
-3.298556804164829142e-03
4.043213733232936535e-02
2.009744078814386381e-02
-4.611946465333895996e-03
3.240183451003218057e-02
3.588286676743526055e-02
1.498243759747696355e-04
5.441997926844562017e-02
-3.915102835099405765e-02
2.422226581899751454e-03
4.573899663616837891e-02
-2.816581933510563934e-02
-3.437871918308472996e-03
4.942766890872200836e-02
3.425101462947369862e-02
1.643087373094292286e-02
-3.727419903405080476e-02
-2.018222863873384704e-02
1.519367565551691356e-02
-3.561493727747338384e-02
7.258420887422633444e-03
1.893606640601035521e-02
-3.677774802553368527e-02
2.398616778304820188e-02
1.318781141378766279e-02
-4.259584433326183556e-02
3.826156229559830174e-02
1.718873214707048597e-02
-1.671869260978957328e-02
-2.320734528711283079e-02
1.760483120834475598e-02
-2.216567896886049993e-02
-3.702211621125811765e-03
1.763313608226296444e-02
-4.571333026831392158e-04
-3.561313176666819347e-02
1.236200993505666597e-02
-9.201034975003951786e-04
-1.896720294521228589e-02
1.737482780042850020e-02
4.395349390465455759e-03
1.242439231815680063e-02
1.482694872150226717e-02
-1.302630432303173932e-04
3.404436256709801600e-02
1.753298161744922326e-02
1.704133314124807452e-02
-3.805460334998012756e-02
1.286488138966072545e-02
1.576677237770519185e-02
-2.200973653231304283e-02
1.894170699141941444e-02
1.755076870693885946e-02
3.465194523906518081e-02
1.709733171427629470e-02
3.881220741992414541e-02
-2.517135946752653911e-02
1.388646006722924105e-02
3.615787410515771544e-02
7.431322838315047342e-03
1.320981190742276032e-02
3.819984044374537951e-02
2.748276784503598386e-02
3.129948053655798312e-02
-3.524359351774061788e-02
-2.710789240339608538e-02
2.955764603111772290e-02
-4.068589881675293424e-02
4.007154381633147577e-02
3.695208571330099029e-02
-1.789371960556412552e-02
-3.614146394588923367e-02
3.880726815825093212e-02
-1.805520162179804350e-02
-2.267919846745070772e-02
3.291940102518490369e-02
-2.049252117193445244e-02
-9.674802865093042048e-03
3.126895813390231232e-02
-2.194100142149648519e-02
8.358764787394770343e-03
3.538759694007762024e-02
-2.117364117649064154e-02
2.905045799580556129e-02
3.391909364144364558e-02
-1.184605703310367226e-03
-3.916735429570061822e-02
2.830741018048485783e-02
-2.118985600576699362e-03
-2.505481420567369846e-02
3.436318348276681117e-02
3.165409664863262640e-03
-9.985821928210908069e-03
3.651808808769641673e-02
-2.001526172712866578e-03
7.674929991896606990e-03
4.023229200172637188e-02
6.276225458393411630e-04
2.630946435839893668e-02
3.567657408160896521e-02
1.395155458465938830e-02
-3.934600113022596046e-02
3.705388903240174059e-02
1.775742110760438613e-02
-2.403685940045905550e-02
3.147554150681215052e-02
1.885377302054541682e-02
6.006175453711499676e-03
3.658718428021903030e-02
1.829546018982137340e-02
2.725955787542865688e-02
3.078596310135811587e-02
3.595395353658907556e-02
-3.601661012090012076e-02
2.873166055553518297e-02
3.494991460847313852e-02
2.433759124439136695e-02
3.075958432838687279e-02
3.573308023714830833e-02
3.787090580650078614e-02
4.222525704385710066e-02
-3.302283936353760802e-02
4.007885509796157986e-02
5.175368477297082742e-02
1.739687747950217130e-03
-3.812766728999938959e-02
4.415866870473709321e-02
-6.739215006373949985e-04
-2.450636170767683114e-02
5.051785566589077348e-02
1.801878084950304243e-02
-3.690016499682788331e-02
-2.629601488414444379e-03
3.663542304352689766e-02
6.311118944993748293e-03
4.594022722923871149e-02
3.051559100887625900e-02
-3.931063218046308011e-02
-5.945848386049838730e-02
3.053141433547173350e-02
4.874331512928497395e-02
-5.411371991189643793e-02
4.272647225160642465e-02
4.885959831201926173e-02
-2.665577870770342514e-02
1.240297370085015338e-02
4.954478469504019350e-02
-4.177579241000946297e-02
2.826424990311160804e-02
4.919316301353174326e-02
-4.032636329819289100e-02
4.334814594607257210e-02
4.920704950093688496e-02
-2.813054225985971504e-02
4.275254704783545967e-02
4.949656002023405943e-02
-2.042668093087025155e-02
3.364798490089643268e-02
4.968161273778217563e-02
3.409486434935020925e-03
6.317200713963816439e-02
-4.998484239053464784e-02
1.378708621017996072e-02
2.494907294179309065e-02
-4.989391106843880236e-02
1.667831821667932479e-02
5.030736738211536579e-02
-4.986391841678220610e-02
4.572748062657133739e-02
5.003756277830198607e-02
-4.973345016087931530e-02
2.473122589948433675e-02
5.643499882729941831e-03
-4.981895313987442370e-02
3.333493510219503325e-02
1.676049379524114161e-02
-4.970053209264781863e-02
3.447800174922833333e-02
4.630546116931796852e-02
-4.974158327639423977e-02
4.768286396792757037e-02
3.454033127595122765e-02
-4.961490222138607853e-02
1.941115980139053801e-02
1.843428022365080701e-02
5.065614198861835560e-02
1.236217413411290142e-02
3.366374625196540821e-02
5.046998114960087045e-02
1.321731954529044815e-02
5.044478904018241672e-02
5.051080073271091431e-02
3.162564704106338165e-02
4.045364823006608601e-02
5.097255375033733771e-02
-2.415318614740564335e-02
2.808419979822855683e-02
-5.027903907825979207e-02
-3.748796661952389503e-02
4.637647443029028343e-02
-5.033827478366082603e-02
-1.140220504335654611e-02
1.617241885438964327e-02
-5.016149452515064611e-02
-3.715199094838393841e-03
3.611293263700728756e-02
-5.007358590104405566e-02
-1.476701687677968271e-02
5.449198064442369732e-02
-5.017228306071733895e-02
-3.398084869562131849e-02
-5.401861684949740144e-02
4.936146371289471674e-02
-1.584836604881657840e-02
-6.836244154880602442e-02
4.982555167960089904e-02
-7.003544258086157916e-03
-5.951173579864838664e-02
5.003617857342630010e-02
-2.102582352135879545e-02
-5.479381419078469678e-02
4.969713726773743873e-02
-2.052913174558522805e-02
-3.780111190923590714e-02
4.970858099553727288e-02
-6.748914186768784421e-03
-2.240715725279046958e-02
5.004438663839980844e-02
-2.257411787228784036e-02
-1.084102618740375064e-02
4.962556842518080907e-02
-9.263385514701951047e-04
-1.697357296813301053e-02
1.992604105391090549e-02
-2.836468734352326493e-02
5.631963555608752309e-02
4.949149086992624819e-02
-5.302201868997700324e-02
-1.781442878187551940e-02
-5.059867240441327796e-02
-3.795571870238562823e-02
-3.447248010709953736e-02
-5.042810895129373056e-02
-2.100968959225594374e-02
-1.623520893275299734e-02
-5.027657962477712073e-02
-1.673875469918007300e-02
2.143692520364704011e-03
-5.024464766972462637e-02
3.692732275820512537e-05
-5.706834630967739380e-02
-5.003740102156929020e-02
-2.943149250479646078e-04
-3.355819250257016662e-02
-5.003084528225794358e-02
1.669062166030772787e-02
-5.032014839499095865e-02
-4.986823957755612963e-02
1.960299350918684111e-02
-3.068671424817494969e-02
-4.983878392763738119e-02
1.222422127441160841e-02
-1.667897965650872588e-02
-4.994634875876352575e-02
2.788580962205680289e-02
3.759363717782800368e-04
5.089573312688845663e-02
4.672365457288632506e-02
5.930038534967680124e-05
5.132782400800327965e-02
4.682838384871943621e-02
1.934850384893997341e-02
5.135790477626111378e-02
-2.813833263524100937e-03
1.626026882375731022e-02
5.009325009752345348e-02
-3.607429472656683428e-03
3.364688282115655543e-02
5.009220035834494045e-02
-9.951753194477212794e-03
5.437080481853164698e-02
4.995017468940490118e-02
2.270702057633004409e-02
-6.461476536067366563e-03
-4.986563100976786067e-02
3.401036431551596184e-02
-3.959032674574752136e-02
-4.967135275227922697e-02
3.330798885306016088e-02
-1.675433739851113490e-02
-4.973222329318067320e-02
5.180504896072500587e-02
-3.593921546808793305e-02
-4.961162161590491892e-02
3.007220740851364316e-02
-5.571588679707795144e-02
5.098564509451339322e-02
4.222308937312192062e-02
-4.305811971411502986e-02
5.126970049736243734e-02
1.355135658938622263e-02
-5.306186726758213568e-02
5.056083110575518985e-02
1.441830063973346260e-02
-2.113040104015631235e-02
5.057766510417152639e-02
2.653826785436667543e-02
-3.670072271796637198e-02
5.089560715857293499e-02
4.587230532926617199e-02
3.751922414364645270e-02
5.131510667151380212e-02
-6.278691746037387555e-02
-2.653194423971542981e-03
4.869207890898424179e-02
-3.880738411836478358e-02
-2.084046723723977437e-02
4.925436096758572385e-02
-3.724997255359989434e-02
1.697369694515116917e-05
4.929742099553279661e-02
-6.468318516354011616e-02
1.780117254829054543e-02
4.862905921370291179e-02
-4.912363547199848079e-02
1.502215782029546302e-02
4.902535617695014114e-02
-3.463168346182707302e-02
-5.354740142856988933e-02
-5.031139874315362914e-02
-1.590962729790467572e-02
-5.458084579059483549e-02
-5.016297739090114921e-02
-1.967511870521980455e-02
-3.690629861496760172e-02
-5.024884409031493693e-02
8.770874980030414145e-03
-6.833702239073878582e-02
5.043957755724703257e-02
4.493976519886032882e-03
-3.849862345225505550e-02
5.030636979835461514e-02
-5.031674688532200568e-02
3.375224635437929638e-02
-5.040977961162338566e-02
-2.751219063722327648e-02
9.568323313855913587e-03
-5.032445715489035354e-02
-3.918398842155477318e-02
1.993659540253338303e-02
-5.042492642750670551e-02
4.290668888881028070e-02
6.610313854594988131e-03
-4.963449361399323301e-02
5.183455673639563582e-02
1.832750211336642635e-02
-4.956668891703574359e-02
6.256028256079464167e-02
7.611125894916373480e-03
-4.952033861979158319e-02
3.335990687262666010e-02
3.205879783801692245e-05
-4.974744857963901007e-02
4.252069365745959895e-02
-6.198647024797518043e-03
-4.968769817562350422e-02
5.132900229708483447e-02
-1.920710374350138860e-02
-4.956428028382148937e-02
-6.284000398711882263e-02
-2.292082002688609205e-02
4.867623384078390014e-02
-5.197706912534259815e-02
-3.540985339813503691e-02
4.891216216722214100e-02
-5.608390552408395319e-02
1.637020595538809381e-02
-5.049404994760632592e-02
-4.174645391351179680e-02
9.994871451231512015e-04
-5.053099345142043203e-02
4.680345139800712317e-02
-1.677104710273397831e-02
5.136955035454320723e-02
6.045900773829172847e-02
-5.695179714491570809e-03
-4.949389031378967352e-02
