-7.718338470980780353e-02
-7.839196753600053877e-05
-5.001273939229128329e-02
-7.723613892799144343e-02
-4.370632056545879253e-03
5.022321308475809210e-02
-7.554282634331421775e-02
-1.607872128128955136e-02
-5.011202374327008296e-02
-7.552049940709035236e-02
-2.040068581334885181e-02
4.972867148601339132e-02
-7.542408416453413866e-02
1.598545776788591610e-02
-4.993157663576928973e-02
-7.559250837248827903e-02
1.166749290214875480e-02
5.071764648008415116e-02
-7.063103122383210253e-02
-3.144475206485497498e-02
-5.019535381381109301e-02
-7.047804638208660100e-02
-3.570977865217491581e-02
4.927087976761455185e-02
-7.036120282722274633e-02
3.128135347712605180e-02
-4.983700495524120283e-02
-7.061206323967375575e-02
2.698854780862894667e-02
5.119939635584686011e-02
-7.001101516167392014e-02
-2.642354089546946868e-04
-4.166889991888607370e-02
-7.007288540870509896e-02
-4.100140499193921824e-03
4.188769779401041449e-02
-6.860327694174894742e-02
-1.480682724747752615e-02
-4.179398032750996500e-02
-6.851796392382801526e-02
-1.864131037274614072e-02
4.143913485783152356e-02
-6.840356898530212948e-02
1.428305001545705430e-02
-4.157520368002398659e-02
-6.771844044151974218e-02
1.107377428505137984e-02
4.153236948844501314e-02
-6.401797924722840705e-02
-3.913165702741619911e-04
-3.394842710717020651e-02
-6.390776428323111102e-02
-3.573591768223918167e-03
3.397515191253302341e-02
-6.414242761143847116e-02
-2.879758974228991547e-02
-4.191414399820234810e-02
-6.394549085778720998e-02
-3.252660899308647963e-02
4.102186087900404343e-02
-6.379233139434056787e-02
2.814438857914898159e-02
-4.147345324780728204e-02
-6.406805863108420984e-02
2.433080788422034568e-02
4.277427348924874723e-02
-6.281312118825281565e-02
-1.386519740116494599e-02
-3.423847094543629177e-02
-6.272804823786462536e-02
-1.716016064805712601e-02
3.388844115760079184e-02
-6.260360948777218826e-02
1.275844128870754109e-02
-3.395765355949716818e-02
-6.278765621603168978e-02
9.442093736042836416e-03
3.468383819316521455e-02
-6.264014231591646942e-02
-4.552994984291772185e-02
-5.032543449321822543e-02
-6.238003950946164472e-02
-4.965231918634496755e-02
4.883896030657654957e-02
-6.224851981187794203e-02
4.523939017981083027e-02
-4.980492421039651313e-02
-6.250300763545478533e-02
4.093612744716082497e-02
5.165617223053738799e-02
-5.939905584243842379e-02
-3.746023738564685447e-04
-2.722928159591670241e-02
-5.938288320039547541e-02
-3.615327169013683901e-03
2.728546127406132962e-02
-5.878195122470523948e-02
-2.663962268039442652e-02
-3.436432720975345773e-02
-5.872412839873304008e-02
-2.950223312877148923e-02
3.358618386788859989e-02
-5.839961959324097701e-02
2.543755122936924504e-02
-3.382805574424528616e-02
-5.888446383729321887e-02
2.204378186560158881e-02
3.532195395652779762e-02
-5.796186326019760193e-02
-1.254865901514812775e-02
-2.676681712695686000e-02
-5.817490802225819269e-02
-1.643095378001193860e-02
2.728218036444723937e-02
-5.798880087785127091e-02
1.142895632089943082e-02
-2.690782587093593775e-02
-5.819426545880420493e-02
7.919550979574200428e-03
2.762841085534788188e-02
-5.628403531413021105e-02
-4.112749551626370542e-02
-4.110031513588326829e-02
-5.659302819881612684e-02
-4.516587632641719252e-02
4.063644287324552629e-02
-5.589489591344396630e-02
3.948188408225058316e-02
-4.007464902463220291e-02
-5.714992311325948343e-02
3.668775784067025703e-02
4.343279251595900947e-02
-5.583649018190049024e-02
-1.192403017306436315e-03
-2.089401301721591567e-02
-5.572026113218842697e-02
-3.397495540952032243e-03
2.088470130264367605e-02
-5.454132617556615298e-02
-1.274922146441551628e-02
-2.074087925904905330e-02
-5.444108758485353278e-02
-1.491553524240719734e-02
2.045530584172606040e-02
-5.436539268718541124e-02
1.028381312390822498e-02
-2.038131735961098284e-02
-5.448465571867211477e-02
8.124507397994081698e-03
2.111106755336247462e-02
-5.441918264616988493e-02
-2.498258306750273522e-02
-2.739718863422676773e-02
-5.418985979550305226e-02
-2.768818567104079642e-02
2.657583863183164002e-02
-5.409971226723708781e-02
2.314222428565055820e-02
-2.677552122850385824e-02
-5.431025823681936981e-02
2.045656860057421325e-02
2.802288388050327289e-02
-5.303846449405101582e-02
-1.060208013059558843e-03
-1.470616355929422157e-02
-5.291358986780961976e-02
-3.347747892751169740e-03
1.459598064815402670e-02
-5.214605720408457129e-02
-3.828694747031955586e-02
-3.451827992795884759e-02
-5.180993262222614165e-02
-4.143924804120398958e-02
3.315266471473781590e-02
-5.166215315214045534e-02
3.691261615192588386e-02
-3.366430072992706440e-02
-5.197723357079019058e-02
3.373116342555115138e-02
3.548903380099371202e-02
-5.188229960014706377e-02
-1.255466366678771595e-02
-1.460278465177614060e-02
-5.177751726164186302e-02
-1.484015474267972798e-02
1.475763017173866744e-02
-5.179277475101214806e-02
9.861050140029289923e-03
-1.469545791139248783e-02
-5.194397456868255630e-02
8.109019234935793338e-03
1.539794726061896775e-02
-5.179815029839564267e-02
-5.756743320425295601e-02
-5.027531172358720019e-02
-5.155875444281739911e-02
-6.160351427964157189e-02
4.846747503632845705e-02
-5.143671076570129064e-02
5.711015379245682616e-02
-4.967663046250873904e-02
-5.166554917717100515e-02
5.291012227719046196e-02
5.194257456556049951e-02
-5.114738979510534411e-02
-1.942823624772602783e-03
-8.490447460403609259e-03
-5.108665666907317993e-02
-2.958715140379180285e-03
8.482643986072499476e-03
-5.136434268250181234e-02
-2.394005612213592760e-02
-2.159092827470912232e-02
-5.092097797606795484e-02
-2.648168800449743690e-02
2.078652502954509915e-02
-5.127728377429108947e-02
2.143474042168199908e-02
-2.120737763907063617e-02
-5.093511837128934794e-02
1.913094886817478385e-02
2.143896484523447749e-02
-5.025302277278465013e-02
-2.260321943171673172e-03
-2.287859056716238203e-03
-5.032594927681290770e-02
-2.732353653422948860e-03
3.505335568199786315e-03
-5.009495947476803185e-02
-1.252225689544169025e-02
-8.706338837291905178e-03
-5.005376865269803299e-02
-1.344747505730913700e-02
8.433802277194856270e-03
-5.000834648541520322e-02
8.440299039869057773e-03
-8.347683612813582704e-03
-5.007178915719890516e-02
7.685820016333709016e-03
9.011963235060134123e-03
-4.921172928827542703e-02
-1.266336382965269763e-02
-2.964076149732926095e-03
-4.921121190903866849e-02
-1.296938381604224519e-02
2.705945525166226009e-03
-4.921862034747596926e-02
8.072525485237132259e-03
-2.527134696883447107e-03
-4.920050275307241705e-02
7.762573477852452095e-03
3.220795973807345780e-03
-4.843661804417492139e-02
-2.300852495084589402e-02
-1.480506739353938152e-02
-4.829662567338602330e-02
-2.453591857270687529e-02
1.403095407710691113e-02
-4.833191902129467532e-02
1.973837209612297125e-02
-1.403925732465582769e-02
-4.846873526546308097e-02
1.824467883365918364e-02
1.522390032919602662e-02
-4.825304397036721260e-02
-3.579058691056239555e-02
-2.758668508562555147e-02
-4.796036709263066383e-02
-3.839285847943630509e-02
2.625679037905360308e-02
-4.786183561929814589e-02
3.374189032887465328e-02
-2.662903991038965620e-02
-4.817272133358488362e-02
3.112547910702451182e-02
2.836326918352581952e-02
-4.708526430897547188e-02
-5.246637740686451584e-02
-4.209862796217635206e-02
-4.677356728673175840e-02
-5.600567529457980281e-02
4.030640495529254352e-02
-4.657172749103791198e-02
5.142758126196134150e-02
-4.123817126168037583e-02
-4.690079361134827374e-02
4.780763244320213740e-02
4.346630456667943676e-02
-4.677554544970021627e-02
-2.262860989737672940e-02
-8.923958606740044555e-03
-4.667378166977567688e-02
-2.354837733602611893e-02
8.180685671622981228e-03
-4.669002611037032652e-02
1.858424801635711471e-02
-8.104354376314426914e-03
-4.680534568021407077e-02
1.772080734338243521e-02
9.248053641648148679e-03
-4.591577635845590227e-02
-2.257749794036541940e-02
-3.203807650328324534e-03
-4.588111355471374830e-02
-2.288838699665959528e-02
2.469799485553310619e-03
-4.588964615544054854e-02
1.796347350479583077e-02
-1.847519088950071641e-03
-4.597327523220644252e-02
1.761916246161446611e-02
3.439901221305569773e-03
-4.523519941021811319e-02
-3.392351538919857051e-02
-2.108680388956752846e-02
-4.509417775331414635e-02
-3.652174740100883055e-02
2.063139406880363028e-02
-4.502220534050533490e-02
3.195595744068605026e-02
-2.120105766949204051e-02
-4.514938720848056530e-02
2.911839349029222632e-02
2.175757938194926300e-02
-4.316001335473119288e-02
-4.887509307216195142e-02
-3.516599648880040785e-02
-4.281900837195742188e-02
-5.135727311324653904e-02
3.285769944495330053e-02
-4.264100666146880547e-02
4.672461851139630973e-02
-3.351456873188865537e-02
-4.297085600718839743e-02
4.413689935818345539e-02
3.633553040131556194e-02
-4.295926690859678404e-02
-3.259543733306008439e-02
-1.498207361955490244e-02
-4.275443510880463927e-02
-3.407086874176823432e-02
1.375063068753625169e-02
-4.275272476828012591e-02
2.914018722727304556e-02
-1.388368806600176995e-02
-4.315346659052909928e-02
2.737351436585817865e-02
1.550562859576471234e-02
-4.147064065148783896e-02
-3.187992308005395403e-02
-9.105159853593754529e-03
-4.133056374222374846e-02
-3.274628059154763293e-02
7.924461843974689446e-03
-4.138843299542878384e-02
2.766377365878916472e-02
-7.957613283486113590e-03
-4.149095632740684020e-02
2.682629407985463038e-02
9.506097698917102823e-03
-4.067585936385198497e-02
-3.162834309435016977e-02
-3.403102902504029706e-03
-4.066388420669944659e-02
-3.192885296243281462e-02
2.230541293621477773e-03
-4.071835878603370651e-02
2.684124544825920375e-02
-2.137326819863610318e-03
-4.073351883772058368e-02
2.654965539851021974e-02
3.669437273613947257e-03
-3.993625848399261213e-02
-4.505104443255178448e-02
-2.771303589154348879e-02
-4.023123604198245579e-02
-4.769058967915962288e-02
2.672192278559352638e-02
-3.951975565245345601e-02
4.279560004569165493e-02
-2.648886769564930480e-02
-3.982821203810399391e-02
4.022158154377967337e-02
2.865152198102155143e-02
-3.872438241280275195e-02
-6.711987123517650089e-02
-5.029058464583661958e-02
-3.848114507413592789e-02
-7.104774372152430906e-02
4.817688474700473900e-02
-3.832659348693878698e-02
6.641149134644450114e-02
-4.949644943923758866e-02
-3.856792633048331670e-02
6.234566022918729827e-02
5.209201446092914800e-02
-3.723834897910356656e-02
-4.318266766587201821e-02
-2.182845787101036703e-02
-3.732459939654977216e-02
-4.473859559650170820e-02
1.996931801450871347e-02
-3.702530350277095927e-02
4.018290464019448616e-02
-2.072935980685203933e-02
-3.748918769209712287e-02
3.790564430282790387e-02
2.259790224898582806e-02
-3.558909740852253534e-02
-4.087477096356753603e-02
-1.515515898761182929e-02
-3.481620872940063144e-02
-4.259975087697442236e-02
1.339905940701891819e-02
-3.539699796159139628e-02
3.714031965459396040e-02
-1.368822405985126861e-02
-3.504784712913565359e-02
3.606303288285484659e-02
1.565868526482364423e-02
-3.518801117997509553e-02
-6.112359840511312481e-02
-4.214754412303598624e-02
-3.509942039232907818e-02
-6.342863722994192266e-02
3.906759018343715362e-02
-3.434774705280275314e-02
5.990233765250960879e-02
-4.094991823879901710e-02
-3.501445564708367125e-02
5.632365388800119471e-02
4.360851373965136946e-02
-3.437308671296733509e-02
-3.985987299910085518e-02
-9.303922037866870290e-03
-3.419620229146203005e-02
-4.067415427536894001e-02
7.705925854964225039e-03
-3.424632105422498879e-02
3.535503881735845011e-02
-7.739485038156493531e-03
-3.437328645880034783e-02
3.455204595323799893e-02
9.743844471336185128e-03
-3.367799080387742089e-02
-3.947751992300455731e-02
-3.611368181175642848e-03
-3.365098387158501486e-02
-3.975857722031201497e-02
2.025170312256162515e-03
-3.373726370833366600e-02
3.432097292782933934e-02
-1.890450904266386279e-03
-3.374318934223036887e-02
3.405401853697410247e-02
3.899634965373331534e-03
-3.179509057435834368e-02
-5.659435562918965767e-02
-3.473777051226525220e-02
-3.195851867609680874e-02
-5.919224365158687329e-02
3.262005013019119576e-02
-3.175829380334840163e-02
5.437500669888039456e-02
-3.335902952043443698e-02
-3.207728527980722999e-02
5.136899999799551808e-02
3.588646411140720277e-02
-2.986160730974783684e-02
-5.240519074158489499e-02
-2.779903939737192464e-02
-2.958926366509974024e-02
-5.481515272598176669e-02
2.577571233497714942e-02
-2.947648703139349805e-02
4.985661905978434200e-02
-2.631937330911561859e-02
-2.975351043819001590e-02
4.733397031086401113e-02
2.877426518522095689e-02
-2.801817563788683643e-02
-4.954152509226379675e-02
-2.134131071797181270e-02
-2.775234646230059082e-02
-5.137085885605194302e-02
1.938480571800752297e-02
-2.769334490929546352e-02
4.612231851648497527e-02
-1.980212302516563827e-02
-2.791921785193461278e-02
4.421827480971886326e-02
2.217023738058053473e-02
-2.660806287454381761e-02
-4.741824052922294364e-02
-1.528480887506056610e-02
-2.642099535500705768e-02
-4.876533425897585511e-02
1.334115659070435854e-02
-2.648358310526516268e-02
4.334109937660985540e-02
-1.358609932318536641e-02
-2.661177305387843472e-02
4.189039880792085752e-02
1.594573548976950875e-02
-2.539873430293382306e-02
-4.657757462766288353e-02
-1.023591579673399990e-02
-2.538757196177897010e-02
-4.706480993850938738e-02
7.553517551375840862e-03
-2.580165358754482260e-02
4.136878903026269816e-02
-8.028772365264566849e-03
-2.535743967838533300e-02
4.068195779094865849e-02
9.966882083597411804e-03
-2.518807979120653295e-02
-4.568379202414314666e-02
-3.770847129128398426e-03
-2.516652922637092546e-02
-4.595539988590541941e-02
1.852087791445546777e-03
-2.535684522341842898e-02
4.021145597465110300e-02
-1.760709539921679690e-03
-2.527078852282293314e-02
4.005986743317927617e-02
4.937415157319613619e-03
-2.396115589021594050e-02
-7.372804749368633281e-02
-5.040094520978777998e-02
-2.372639235347627842e-02
-7.758518008857126502e-02
4.797439136807056526e-02
-2.371461209625260955e-02
7.291369687619651818e-02
-4.955365586874006106e-02
-2.383044543265759596e-02
6.884843619202449250e-02
5.214785061898186830e-02
-2.175764562831598165e-02
-6.716180450987123407e-02
-4.219942528816254812e-02
-2.152954388938032107e-02
-7.050385415869724060e-02
3.986215399010052673e-02
-2.142658438937630055e-02
6.569350431826101455e-02
-4.105720675869927588e-02
-2.164066419825567966e-02
6.218473868230729035e-02
4.367843675087761113e-02
-1.994517017861826072e-02
-6.185817607344026164e-02
-3.472841590661608635e-02
-1.971465572578115846e-02
-6.462678829598919594e-02
3.245200804782782944e-02
-1.957237566907376117e-02
5.951244444396779770e-02
-3.333343003431171042e-02
-1.984135985158198487e-02
5.669442650908895071e-02
3.595051796888283635e-02
-1.804248962745841345e-02
-5.811481137022569271e-02
-2.869592058611639476e-02
-1.799662500128014486e-02
-6.013101860026089790e-02
2.592890479491996233e-02
-1.890190913116000793e-02
5.496872712957674711e-02
-2.694630728206730969e-02
-1.840096297588533075e-02
5.220371168130803763e-02
2.889037193600510478e-02
-1.738809517000521748e-02
-5.456551489878969097e-02
-2.190769891784924428e-02
-1.712302948223803217e-02
-5.609026777195973146e-02
1.923794087790191981e-02
-1.700113794460629893e-02
5.111551486479407741e-02
-2.063877437679981913e-02
-1.667744375545869573e-02
4.906364440998042115e-02
2.278294192056159670e-02
-1.644671345166354506e-02
-5.196639874746920851e-02
-1.541512802623072262e-02
-1.630256730049961522e-02
-5.323811517258912607e-02
1.321224252382720288e-02
-1.640693462311583473e-02
4.747054142228891022e-02
-1.337353498490922131e-02
-1.650214328736104505e-02
4.612167535485046238e-02
1.600915890667936603e-02
-1.588107683489202795e-02
-5.058243916616896041e-02
-9.560360212226216153e-03
-1.579132042262864147e-02
-5.132645967335609100e-02
7.409207203205855040e-03
-1.594481670476300544e-02
4.526714895281537532e-02
-7.446039105100175741e-03
-1.603381071261053212e-02
4.447691251341591434e-02
9.976500582278747045e-03
-1.557728358166503811e-02
-4.994359011954360716e-02
-3.870808762326362080e-03
-1.555344710453580338e-02
-5.024488505239872033e-02
1.733518800831868349e-03
-1.576238390042447590e-02
4.413751120016526364e-02
-1.630354120907739424e-03
-1.578129896434704582e-02
4.382183092141674063e-02
4.154881107074295636e-03
-8.116232387645938920e-03
-7.712414131456062083e-02
-5.046457708797599806e-02
-7.941872684672597257e-03
-8.091320256831804891e-02
4.785479155396973883e-02
-8.023264717763647566e-03
7.618948986934657996e-02
-4.939617455041662997e-02
-8.122142631979203942e-03
7.215122293570241929e-02
5.217961390798665777e-02
-7.372219979889688656e-03
-7.029631054494905884e-02
-4.224345459193257907e-02
-7.805583836975255214e-03
-7.336495461430453391e-02
3.972652201105852238e-02
-7.078366400271640484e-03
6.738465584372410611e-02
-3.947342411124972472e-02
-7.359938103130163160e-03
6.515147334414229940e-02
4.369947949913213087e-02
-6.347744936191919776e-03
-6.498786050700755546e-02
-3.519370043388304198e-02
-6.882051893611212078e-03
-6.755822816054059266e-02
3.262406296865921762e-02
-6.807761164049519476e-03
6.127006807684148848e-02
-3.218623801600665330e-02
-6.754369340309333315e-03
5.939596125261775023e-02
3.599095598010222663e-02
-6.209868003267692872e-03
-6.013444277155911150e-02
-2.794417633275045679e-02
-6.114457100326216310e-03
-6.241696024888703648e-02
2.552682396952600172e-02
-5.507462027366656111e-03
5.700617853828050807e-02
-2.607521533870194030e-02
-5.493498419352602427e-03
5.451407772188292949e-02
2.873037403061434736e-02
-6.487721537518084843e-03
-5.697353028403495667e-02
-2.212320256883805111e-02
-5.743783911878842102e-03
-5.850255364658737967e-02
1.914834324215786837e-02
-5.079199001374939612e-03
5.316834185547163194e-02
-2.035401334921994529e-02
-5.909846889882376837e-03
5.088382663128836886e-02
2.223510723335054423e-02
-5.568424195166198076e-03
-5.432239477736650751e-02
-1.543339502771918711e-02
-4.868655864422474951e-03
-5.566104637258585675e-02
1.328516049004360711e-02
-4.990665399356857511e-03
4.959503125709688320e-02
-1.328836221934497075e-02
-6.348175907732175188e-03
4.831586138592094959e-02
1.648966004483544412e-02
-5.395639838702302737e-03
-5.287045809901239762e-02
-9.613553768889299828e-03
-5.324941791738647436e-03
-5.358444311062825205e-02
7.316515084396214841e-03
-6.046866298200654841e-03
4.707024767730057235e-02
-6.798434967521749250e-03
-5.496302065010265185e-03
4.662885004673557321e-02
9.984641812521158691e-03
-5.282558360861167035e-03
-5.222511199914340457e-02
-3.936484227652897912e-03
-5.239951009268445890e-03
-5.244178993542143730e-02
1.673312049028428169e-03
-5.369470327182612052e-03
4.622336510404738419e-02
-1.565709489363789272e-03
-5.401924352488542483e-03
4.596062291049598375e-02
4.155012138242710276e-03
2.514160216608565378e-03
2.852945974432437044e-04
-4.999859833624065164e-02
2.826558438420273156e-06
-6.642221618013623152e-03
5.013001868244178899e-02
5.346026723236656578e-03
-5.228796647287684007e-02
-3.285588565936452526e-03
5.290849245754224509e-03
-5.246571172142549394e-02
1.647438702592362528e-03
5.254882919242535172e-03
4.623561641854574689e-02
-1.569229378709245497e-03
5.198657468806699815e-03
4.606208906297674932e-02
4.198448224136066068e-03
5.412863163256769611e-03
-5.289359005714767276e-02
-9.592825911055615634e-03
5.398914835736820343e-03
-5.358822932458362498e-02
7.300207780675453499e-03
5.312057090671840065e-03
4.733668512215671864e-02
-7.375681583753519732e-03
5.279460140938063012e-03
4.675565413516365176e-02
1.003395328636772985e-02
4.988883521206024900e-03
-5.428882662957695143e-02
-1.540115909413265760e-02
4.947279257754395691e-03
-5.584994877235474608e-02
1.370723093877040423e-02
6.159529979519738283e-03
4.980839322572620104e-02
-1.402095789570592665e-02
5.481568485422070626e-03
4.838338451334115581e-02
1.602616200725608120e-02
5.882936634044512274e-03
-5.670221616665369058e-02
-2.150116199712996320e-02
5.892838539958479907e-03
-5.849612551147982675e-02
1.913165617004623439e-02
5.748610822050890384e-03
5.268174246912959990e-02
-1.964184838233437591e-02
5.789111099447391724e-03
5.099827857144370591e-02
2.226792298933743738e-02
6.274708469665217676e-03
-6.016101530745326248e-02
-2.795444510749801187e-02
6.288835440392485064e-03
-6.241298261270753628e-02
2.550764633414472765e-02
6.154810154043216693e-03
5.710782150447507588e-02
-2.611004626053547648e-02
6.393272587902456942e-03
5.501583846283689128e-02
2.945216538101499276e-02
7.599430016808374037e-03
-6.503944237957727526e-02
-3.547521577706401474e-02
6.294413137226557813e-03
-6.803597887866763561e-02
3.312449007629680170e-02
6.954092780922942890e-03
6.215628417020074153e-02
-3.321448711801804760e-02
5.950420646486652074e-03
5.988587266963513178e-02
3.668690286648984555e-02
7.374425569453915870e-03
-7.031815011446554409e-02
-4.227158475550581856e-02
7.433624992839386013e-03
-7.351411147816161451e-02
3.973137372221843128e-02
7.236379070872100104e-03
6.864027499656281950e-02
-4.102080290723481709e-02
7.216011315994584271e-03
6.514472538080770536e-02
4.372394819905701946e-02
8.106792250030902050e-03
-7.714006191619850183e-02
-5.049611533058272900e-02
8.207055164216568721e-03
-8.090453953090609440e-02
4.783005713706888623e-02
8.068913223472825788e-03
7.622497112752611714e-02
-4.959399834631427612e-02
7.933808803502698931e-03
7.212479473312426170e-02
5.220018231259184599e-02
1.561933005389988527e-02
-5.003457472242051757e-02
-3.915521881162991463e-03
1.559644866990338163e-02
-5.028566093040320872e-02
1.685237473161183648e-03
1.566706511630821738e-02
4.434174243752146000e-02
-1.609697121487377661e-03
1.561471880473024737e-02
4.408232409953882075e-02
4.181234435381503238e-03
1.592113911951147792e-02
-5.058292700320887042e-02
-9.592359648278273032e-03
1.586763073752429920e-02
-5.135408499242316571e-02
7.341393053309566707e-03
1.588997852366654667e-02
4.534434768458224518e-02
-7.430153546987188287e-03
1.588734326808661015e-02
4.474620768143832555e-02
1.000211873367510065e-02
1.648104024060663766e-02
-5.202494530560721614e-02
-1.543049130335630813e-02
1.641978976816595159e-02
-5.323442677355261915e-02
1.313351194035235203e-02
1.638134880820426784e-02
4.747493231045176593e-02
-1.335257682633646421e-02
1.640949905716259163e-02
4.639737752436855212e-02
1.602900742761631872e-02
1.732667043023889547e-02
-5.435940709342149124e-02
-2.150704835854221758e-02
1.726309647624803614e-02
-5.605416250712733084e-02
1.917347269105640351e-02
1.764434698533375381e-02
5.067130765127248609e-02
-2.034095151985479411e-02
1.719885030201228487e-02
4.889030910839709670e-02
2.225427256075991969e-02
1.918853849707437276e-02
-5.773037346690274713e-02
-2.863496470867521460e-02
1.798483426599117169e-02
-6.038795555262658349e-02
2.618921992394772358e-02
1.759497401649988066e-02
5.548947952620746776e-02
-2.714482176156669466e-02
1.828435501601919505e-02
5.242023795127400548e-02
2.886313535219019177e-02
1.948373965710152936e-02
-6.294053657015193093e-02
-3.604264631048456624e-02
1.974861583116992517e-02
-6.524306015283702631e-02
3.311323359618247031e-02
1.987755627219660315e-02
6.063935263202652193e-02
-3.465822033390401208e-02
1.974435270447707017e-02
5.679758258025287276e-02
3.598242336607139491e-02
2.225893030381006013e-02
-6.748507111607447706e-02
-4.276971062629692649e-02
2.175762944423628720e-02
-7.046596380388636671e-02
3.978879216435605992e-02
2.139459844235669025e-02
6.564976573559012929e-02
-4.100875897480735222e-02
2.178559061405640346e-02
6.114521963577787544e-02
4.240378848878396945e-02
2.392635063358559272e-02
-7.371995228991780336e-02
-5.042168330652321145e-02
2.398915467993043005e-02
-7.754125973060080335e-02
4.789758930553422028e-02
2.368929475843172330e-02
7.290842639077098342e-02
-4.946198618779990702e-02
2.375082263773495989e-02
6.893185573678436984e-02
5.216870137496430748e-02
2.526467974174110426e-02
-4.574811083236345055e-02
-3.809902610309613604e-03
2.522877406314100526e-02
-4.601678645525136835e-02
1.787181334950403017e-03
2.525852717561400188e-02
4.041151833030098839e-02
-1.702991417612001674e-03
2.534201418716020351e-02
4.018322147365457203e-02
4.102974329823863217e-03
2.571255205750387976e-02
-4.623768131270479531e-02
-9.501438695456233471e-03
2.607192376002958820e-02
-4.668739939514952170e-02
7.529592354824192479e-03
2.552506167625376993e-02
4.166122695018540517e-02
-8.176452095315410798e-03
2.542574738654827804e-02
4.098290907561054353e-02
1.000430846940004830e-02
2.664713881240749968e-02
-4.750598532895746601e-02
-1.532189528516161511e-02
2.652922795256101168e-02
-4.876485383373812404e-02
1.325247244242113223e-02
2.641854648735959127e-02
4.337820428012029855e-02
-1.348590583759214437e-02
2.662688776961560574e-02
4.222856618248826965e-02
1.593889015204097773e-02
2.801687925966926673e-02
-4.956400815415597932e-02
-2.141635637729179947e-02
2.789250412593540646e-02
-5.134524429010179497e-02
1.929939013592918418e-02
2.765531450544679234e-02
4.616579838906147842e-02
-1.972381489451997122e-02
2.789936254339668922e-02
4.450721438883523812e-02
2.216151634065248802e-02
2.984730415921667615e-02
-5.244239715225847143e-02
-2.787635992656409614e-02
2.975710141785451596e-02
-5.477356412775504640e-02
2.568897605268641998e-02
2.942736840094063375e-02
4.982463565039454284e-02
-2.628550999066157912e-02
2.968559977616365420e-02
4.757694088053428944e-02
2.877110811183827485e-02
3.227705142866299504e-02
-5.633122359923591060e-02
-3.475371826552483417e-02
3.215764531271619875e-02
-5.913765789710715565e-02
3.253123990348293776e-02
3.176717393656946359e-02
5.443181976351604140e-02
-3.332781409200735734e-02
3.220720583131166798e-02
5.153008923183837603e-02
3.598566668945892694e-02
3.377296210871175153e-02
-3.956852167254125419e-02
-3.672711494503701386e-03
3.336543076220178927e-02
-4.022299506947886460e-02
2.403417873383972055e-03
3.363419537892029659e-02
3.445081637728854979e-02
-1.831491125146705694e-03
3.330567415914667539e-02
3.457716838783839869e-02
4.403592745868135927e-03
3.441108670395508912e-02
-3.996704711046317887e-02
-9.379714063913255698e-03
3.430376881266675865e-02
-4.072603723995703306e-02
7.624070968012144553e-03
3.414175539885392491e-02
3.541315051303322442e-02
-7.669755279622156481e-03
3.430156201907716418e-02
3.475809909267484066e-02
9.739298605339438697e-03
3.518979914674372211e-02
-6.095711868591690424e-02
-4.193862100373925428e-02
3.512899800573613535e-02
-6.451052541731171208e-02
3.995261330967668501e-02
3.472007084889624368e-02
5.983535131806509005e-02
-4.106760219157602754e-02
3.497078404769926596e-02
5.646867704140663691e-02
4.359413050954944607e-02
3.512015027032783926e-02
-4.145372534249009561e-02
-1.549222947834715328e-02
3.546894280475232364e-02
-4.225723739552354058e-02
1.344069598063749038e-02
3.525923400042236394e-02
3.710204243454128664e-02
-1.363961595625436118e-02
3.499692971100893529e-02
3.627351949043044338e-02
1.564691159700317552e-02
3.736170280448413566e-02
-4.324328694593830569e-02
-2.208278334706407706e-02
3.729828644154081080e-02
-4.450708671343939216e-02
1.948663594266588500e-02
3.703150192286181613e-02
3.961621035410835961e-02
-1.986548110210240373e-02
3.744265431091386293e-02
3.795580577681235968e-02
2.234754957612235596e-02
3.878073721990482614e-02
-6.715141568415222695e-02
-5.046522920377285309e-02
3.873448532115525422e-02
-7.097961751135939412e-02
4.808036576920632355e-02
3.833676458637585993e-02
6.642734622548697454e-02
-4.951032544848282813e-02
3.925901651950897825e-02
6.196951030769818486e-02
5.205796486689644870e-02
4.015537981007199358e-02
-4.568770661688135309e-02
-2.879430145448671347e-02
3.979691513521344676e-02
-4.749923395062307513e-02
2.589537039686045164e-02
3.942042267689242069e-02
4.280279999287558979e-02
-2.650405409525326619e-02
3.976664209367339331e-02
4.039070228765680864e-02
2.857231234480421198e-02
4.077940935288413421e-02
-3.172233379919781743e-02
-3.509142822621087818e-03
4.101154430268382639e-02
-3.192608686402897966e-02
3.117465782117545027e-03
4.077995516117401131e-02
2.664493498660285009e-02
-1.645884332355433124e-03
4.108524002902406991e-02
2.615866361562923723e-02
4.505947989979993545e-03
4.156186770363166916e-02
-3.197009429295206984e-02
-9.196597272166269488e-03
4.143529518535867678e-02
-3.277521415285845202e-02
7.811873595945868602e-03
4.129214860895938366e-02
2.774962898486241572e-02
-7.891959884817013535e-03
4.140487173069505589e-02
2.697009589750338013e-02
9.505304211394643987e-03
4.326990001213956716e-02
-3.223681366414726107e-02
-1.503929763401306262e-02
4.285704158944782238e-02
-3.403546768165158221e-02
1.364745979960443542e-02
4.266670843419839709e-02
2.917296146119926006e-02
-1.383532637706865430e-02
4.304509737103079381e-02
2.756720209898563465e-02
1.546392800099207800e-02
4.314583492204463605e-02
-4.834760443170699196e-02
-3.464631620752264829e-02
4.299889633877865269e-02
-5.127779135529918902e-02
3.276211337902480702e-02
4.263895007512780166e-02
4.675512721014857959e-02
-3.351573724447322322e-02
4.411795727470674972e-02
4.382386600544393995e-02
3.686025497506085352e-02
4.525987270230058535e-02
-3.397309635347560419e-02
-2.111793693154445650e-02
4.539356369271898423e-02
-3.574108610680383491e-02
2.009169847033822134e-02
4.495833443967098275e-02
3.137546070380153873e-02
-2.038984377080869242e-02
4.509096796705849147e-02
2.927127618009325166e-02
2.167961774417319354e-02
4.615440213730512969e-02
-2.219037683768790292e-02
-2.882877802086120014e-03
4.578127187934302733e-02
-2.347516101256721943e-02
3.066303151452894320e-03
4.583341597057140338e-02
1.802412189709311566e-02
-2.291137907900332987e-03
4.597985358251476667e-02
1.771336898665862303e-02
4.297043964545280842e-03
4.686490433965295049e-02
-2.267313400969381623e-02
-9.005045846545028237e-03
4.674520457213755809e-02
-2.352025490723778575e-02
8.064165767262864229e-03
4.661059570240968369e-02
1.864988446932726654e-02
-8.059003282580854896e-03
4.670592630809774354e-02
1.783432566609900044e-02
9.238361263609789001e-03
4.709118484620679335e-02
-5.249687151578611571e-02
-4.211780956754442029e-02
4.697098331340994470e-02
-5.591750073481345507e-02
4.020776975875949705e-02
4.708688784690946011e-02
5.162392845308121786e-02
-4.183400632787273588e-02
4.687672290235679606e-02
4.796435705151389645e-02
4.336609849539949796e-02
4.825611529365831515e-02
-3.578339841710972968e-02
-2.758457232077379112e-02
4.808334847248343924e-02
-3.829126015353014750e-02
2.615647215605957157e-02
4.782057208939813342e-02
3.376539810432457184e-02
-2.656805568631837727e-02
4.812073743633471512e-02
3.127783971673098878e-02
2.825763051200885084e-02
4.806517158065685968e-02
-2.359986373631900100e-02
-1.448504327760558215e-02
4.837621447529062008e-02
-2.447257492480503852e-02
1.391542254961686438e-02
4.817933503310995597e-02
1.994074662187693414e-02
-1.404377510767713770e-02
4.838094456003023958e-02
1.835524652701355300e-02
1.518445219628233346e-02
4.921902071660954475e-02
-1.264193951472567835e-02
-2.999650913456110637e-03
4.919325531000316026e-02
-1.292685289309698261e-02
2.669411353496121270e-03
4.909444494618313976e-02
8.144032863241123382e-03
-2.514659510247797391e-03
4.926201363334798550e-02
7.337053886337075413e-03
3.927525777301626997e-03
5.010638491559061408e-02
-1.250637458158966771e-02
-8.738103904708319214e-03
4.992743697452019930e-02
-1.369554895504589316e-02
8.375898922999426566e-03
4.980982222249086960e-02
8.960391614726252382e-03
-8.315694848533157144e-03
4.981400001422761625e-02
8.381075499593833300e-03
9.036819270185224642e-03
5.028129679255759210e-02
-2.236437222734778511e-03
-3.095938494636205161e-03
5.020091258061146894e-02
-2.512577242725195191e-03
2.948554805543106543e-03
5.089690496898764682e-02
-2.305025610225115706e-02
-2.007999945345979864e-02
5.086680929647535709e-02
-2.581953766731916178e-02
2.001900413744988130e-02
5.068002870409141908e-02
2.129802770132313561e-02
-2.016173963278011794e-02
5.089028611222912862e-02
1.926349002140466046e-02
2.137497872117268688e-02
5.107009220349841006e-02
-1.461369062198666696e-03
-8.401294870932688938e-03
5.109984781581403818e-02
-2.787776230901835035e-03
8.679993704052750558e-03
5.181928194672116850e-02
-5.757464601855862008e-02
-5.036301812964325691e-02
5.178383486263260505e-02
-6.150008888065278817e-02
4.836538021355785144e-02
5.145578046520401377e-02
5.713730803334256952e-02
-4.980242936398313058e-02
5.163688663578311355e-02
5.308724562184888307e-02
5.183963046375628797e-02
5.189452188175033148e-02
-1.252192290452482787e-02
-1.462993998909226274e-02
5.185342088945840006e-02
-1.446626141119513632e-02
1.472884373590219696e-02
5.175562374307032809e-02
8.711385397814304377e-03
-1.423280783075597279e-02
5.177643263284308767e-02
7.908625399678867116e-03
1.486712516892067966e-02
5.205881178331500658e-02
-3.904574585119220675e-02
-3.520249829115151829e-02
5.179766541379086237e-02
-4.120380638626042896e-02
3.277251784230671844e-02
5.153745005023428055e-02
3.666764451625865312e-02
-3.336833737252031806e-02
5.209046313688754648e-02
3.488847389573030561e-02
3.639562227164240549e-02
5.292197154202451376e-02
-1.352181973030999133e-03
-1.440817568495398118e-02
5.286888824603690890e-02
-3.247016634677512507e-03
1.447932611398496799e-02
5.440922688946812219e-02
-2.494762669156271040e-02
-2.745209086592663786e-02
5.427609668237905888e-02
-2.756723087305572306e-02
2.647440208139134610e-02
5.407844120110714276e-02
2.318699946431100264e-02
-2.669983092734316138e-02
5.430277107059827690e-02
2.056813199654777824e-02
2.792933962699186562e-02
5.457345126936143098e-02
-1.270785041091316951e-02
-2.075592876871498738e-02
5.445378520770147862e-02
-1.478966552447913592e-02
2.035697723920970245e-02
5.431440930058696603e-02
1.033018690903920664e-02
-2.032831609858349459e-02
5.445806770755688003e-02
8.244577754667139005e-03
2.103312823706155257e-02
5.571473780005613274e-02
-1.155643004665588263e-03
-2.066354682666413436e-02
5.565952629518319122e-02
-3.271994438735057256e-03
2.070955953053441739e-02
5.685601283950245111e-02
-4.150461992833280600e-02
-4.193581233552681753e-02
5.675762350603929390e-02
-4.504810361179157480e-02
4.052567417460196941e-02
5.516956037702219068e-02
4.075184642399135720e-02
-4.018130163476386213e-02
5.673468095725814342e-02
3.714926713722761092e-02
4.305101717081277063e-02
5.817963300146920119e-02
-1.311988002423302747e-02
-2.725684583884504728e-02
5.787871264774713947e-02
-1.634119798682560909e-02
2.674653600828098485e-02
5.801408645379550061e-02
1.079337721006794898e-02
-2.679504167934515513e-02
5.790373993241914458e-02
9.362024787704096435e-03
2.750615183298008026e-02
5.914757293663640975e-02
-2.605152771700244146e-02
-3.466952277594231163e-02
5.891279926585651222e-02
-2.985769607898250064e-02
3.375765232097678592e-02
5.823030350758125195e-02
2.534909243505156437e-02
-3.349182256601148516e-02
5.867404732418411012e-02
2.230092940341108290e-02
3.497954955722435560e-02
5.938348977677717494e-02
-6.029065919129081774e-04
-2.711225810093827876e-02
5.939639668127027344e-02
-3.492522379061982398e-03
2.721565860111346824e-02
6.258660931515939996e-02
-4.545205239300413591e-02
-5.020018424083848990e-02
6.257526509296722217e-02
-4.951727049184512924e-02
4.871994750752838693e-02
6.226436841026771613e-02
4.523660254561755190e-02
-4.978080268305225264e-02
6.249395907702352121e-02
4.112791737433121875e-02
5.151736135334152727e-02
6.286288005199548723e-02
-1.378135004577525635e-02
-3.423118523741097013e-02
6.278704039441189433e-02
-1.700661119244475938e-02
3.378950464392641018e-02
6.260953293942697617e-02
1.282629183545376354e-02
-3.391022447112850002e-02
6.280831523822826001e-02
9.582197928059277628e-03
3.458206578304059281e-02
6.416839879488965559e-02
-2.875181629008818213e-02
-4.192529270908164352e-02
6.407104143689543174e-02
-3.238493103217010560e-02
4.090225602295338020e-02
6.379411258969162890e-02
2.818885179108777603e-02
-4.143253833247673157e-02
6.407304143153694231e-02
2.448863735611720577e-02
4.264821814209095174e-02
6.390091396323338557e-02
-1.555330296029598571e-04
-3.376459243539880334e-02
6.418560354839965287e-02
-3.712833476301524282e-03
3.420441269746099522e-02
6.862685623838044036e-02
-1.475857583302095377e-02
-4.179898790246286411e-02
6.858984656653620282e-02
-1.848118474363990432e-02
4.133663927873412747e-02
6.837859416721932260e-02
1.436110943012522574e-02
-4.155859794305645505e-02
6.859988603039765542e-02
1.058488842244380453e-02
4.221632472802142738e-02
7.001349028827497101e-02
-1.353783654606548659e-04
-4.168357463772892624e-02
6.908873826436895405e-02
-4.334247182335899257e-03
4.051499147071660478e-02
7.063995174183890224e-02
-3.145761819100975631e-02
-5.020209565790392098e-02
7.062922816450210861e-02
-3.555448874138933402e-02
4.913811794512744358e-02
7.037081643426665312e-02
3.129445214148819654e-02
-4.982312323768936513e-02
7.061791584858924387e-02
2.716051008510031103e-02
5.106767818161171008e-02
7.557205607656503066e-02
-1.608116136891069373e-02
-5.009833689253494204e-02
7.540982460463241388e-02
-2.084089841092387485e-02
4.959895170849642348e-02
7.540077721192195437e-02
1.602693824937013664e-02
-4.993334003699724521e-02
7.561798214553193398e-02
1.183479799027413286e-02
5.059242395954140908e-02
7.709796947088402852e-02
-6.551478369558187990e-04
-5.001984903949448918e-02
7.730102251065897045e-02
-4.195079007782313851e-03
5.011804043876479792e-02
5.246268446034209679e-03
-1.027544441489473999e-02
-5.806797153638099465e-03
-1.756081566243060735e-02
-5.968604621394745305e-03
1.499390567780217731e-02
-2.224593372820896781e-02
-1.502014789465354501e-03
-3.131707308925386901e-02
-2.392715430878895183e-02
-3.479002391741312789e-02
-1.077125743416325852e-02
-2.450219993201939450e-02
2.905415426379666377e-02
-9.949934794792241258e-03
2.417490804794376544e-02
2.936227309862684404e-02
-1.055336608040163479e-02
-1.299299854843397918e-02
-2.297040723965751430e-02
-4.117033380355074670e-03
2.945644058008319716e-02
-1.112892920123223148e-02
1.944053194892719424e-02
1.925642303555787777e-02
-2.180142448148146561e-02
2.804844094275253316e-02
5.065982680545404876e-03
-4.566883051576402924e-02
-3.517799038544105333e-02
-2.042218231358849251e-02
-2.371439656309371619e-02
-2.532230167170177945e-02
-4.480083769226967522e-02
-3.378054231221484793e-02
-4.026477436324613079e-02
-4.333546351926850088e-02
-1.766443029313229454e-02
2.654151750253587808e-02
-4.947876693459882930e-02
-2.289744831151182755e-02
3.932300720859139426e-02
-5.396539001876800995e-02
3.162785380611336274e-03
-3.777215001422498664e-02
-4.650708458150441121e-02
-1.871453991763769118e-03
-2.668233653418148818e-02
-4.593269030086993138e-02
-1.339625709695623119e-03
2.502708660334027058e-02
-5.324657462128388336e-02
-1.988213192170878128e-03
3.907557606477470719e-02
-4.901614646956944238e-02
2.044333617694021540e-02
-3.842349330708438870e-02
-4.273311245732003272e-02
1.319327711436811199e-02
-2.702455359051065750e-02
-5.097200893829706425e-02
1.463219131591094423e-02
3.960852036166519902e-02
-4.717296804065549548e-02
3.010484147527599588e-02
4.202826234107798209e-02
-1.418477504082204556e-02
3.972263500541792225e-02
-2.501438056802513660e-02
-3.343480287204447787e-02
-4.576169770415991489e-02
-4.100488656273212906e-02
-3.185280326182256955e-02
-4.944069587068863902e-02
3.913014575157386377e-02
-2.895547024762881033e-02
-3.426726041494586317e-02
-3.757261823197647482e-02
-3.131329046129387866e-02
-3.499477265275872245e-02
-2.468212319569663624e-02
-3.259785579490192403e-02
-3.386999894896548791e-02
2.318977593625743544e-02
-3.585920962570311038e-02
-3.638094313944676556e-02
3.626726443194441124e-02
-4.132165660640181593e-02
-1.911147042826009251e-02
-2.765060004067982496e-02
-3.574737045458153267e-02
-1.840130388552587912e-02
-1.103804638659638439e-02
-3.406198878902650523e-02
-2.256637144687641261e-02
6.975658270000477737e-03
-3.076021471444530600e-02
-1.812180390151976392e-02
3.647243581323642708e-02
-3.870870152953611448e-02
3.367222699373941149e-03
-1.031480314676988704e-02
-3.917722640082422353e-02
-1.666032490643853036e-03
8.416267197056213206e-03
-3.021289290615809461e-02
-4.040564015456060004e-03
2.529333102975456563e-02
-3.811028138636550489e-02
-6.633364446831028875e-03
3.642197640301853001e-02
-3.278738793743993241e-02
1.605010193100902399e-02
-3.727053675392342363e-02
-3.430145417581145079e-02
1.761494603301724804e-02
5.289459166403187931e-03
-3.956401338857419570e-02
1.508601801395075687e-02
2.520900246081243454e-02
-3.544749364244348389e-02
9.646352171838078887e-03
3.995948194982792273e-02
-3.649266450699894387e-02
3.565953254731968336e-02
-3.779562720264945108e-02
-3.198939457132479736e-02
3.020405981963484102e-02
-2.540939164070607145e-02
-3.027534866626907170e-02
3.042592724726917580e-02
2.517182402131377603e-02
-3.604382846321776274e-02
2.835628117695872946e-02
3.866170260823436483e-02
-3.090457056547123507e-02
4.136774475016249952e-02
4.013419971924962054e-02
-1.719480415260540851e-02
-5.150558021904712291e-02
-3.986793365607813056e-02
-1.617865008813151179e-02
-5.645440299115379174e-02
3.788796669190805377e-02
-1.787557980181568237e-02
-3.838122155143352393e-02
6.507149602162062667e-03
-1.630822752398064512e-02
-4.319609145614686230e-02
2.498075142369485246e-02
-2.136858298514916418e-02
-2.099797847456766342e-02
2.118953289097747633e-02
-1.667170215548484380e-02
-2.621388217995390679e-02
3.687162571295151542e-02
-1.487084467606301572e-02
-4.082423504955833178e-03
-6.526447399706727243e-03
-1.651068358148846671e-02
-5.076874449789726615e-03
3.533552119494676180e-02
-1.819057420390692709e-02
1.802138392668215655e-02
-3.779615703844601410e-02
-1.815107584962363449e-02
1.532739975503390195e-02
-1.969185197191930872e-02
-1.636261475711787983e-02
1.552429758547703084e-02
7.644307113216162498e-03
-1.599360038852811611e-02
1.445024814477632001e-02
2.560345857101834280e-02
-1.644560560198167834e-02
1.281339326234649627e-02
3.933277648545856903e-02
-1.819991060546369971e-02
3.268085560052015615e-02
8.100618383896356078e-03
-1.439677455928039911e-02
3.869962878212805657e-02
2.495747294660896620e-02
-1.825902332070093032e-02
3.133302112109936227e-02
3.845623944546398831e-02
-1.717021782200138860e-02
4.870450136269754982e-02
-3.788125290625139058e-02
-1.794805688684763395e-02
4.772197768332714363e-02
4.062616579201756145e-02
1.089253085707426278e-03
-5.007527437032478074e-02
2.484978066643647038e-02
1.285086360258725366e-03
-5.592225804627070501e-02
3.731667662930381740e-02
-1.095407202401550359e-02
-4.279404927877248493e-02
-2.608011611698974122e-02
1.615972173814025263e-03
-4.047685975239997264e-02
-8.011799531218728732e-03
-2.301614002226537589e-04
-3.720645025118129307e-02
3.426121506664107919e-02
-2.610603671550386015e-03
-1.688681716039276345e-02
-2.942796719587615836e-02
2.243484761929057461e-04
-4.283498199516906635e-02
1.217800933369161433e-02
-2.127884126157142701e-04
2.254243252615795862e-03
-2.612037914086742796e-02
-1.582534210960395227e-03
1.944866020069730556e-02
-3.352809213601842808e-02
7.474596026242251445e-03
1.202623905147926810e-02
-3.863523983626842521e-03
2.331533855203674586e-03
1.041030280068338913e-02
1.847151638821857914e-02
2.781917085772329847e-03
1.371136675831633941e-02
3.889402964392194018e-02
-5.811165136467978491e-04
3.544074686285357545e-02
-8.281064756251527853e-03
-5.760237102971835351e-04
3.626583020746889513e-02
2.133916036733669863e-02
-1.361088173728897035e-03
2.816318162563442168e-02
3.709557626126876173e-02
6.094059818661086382e-04
5.322171860922929321e-02
-3.832362162085740931e-02
3.253655282654644744e-03
4.391282878310356907e-02
-2.748723913933038762e-02
-2.875441169818597834e-04
4.501433482501277644e-02
3.575717031602611978e-02
1.789592208784057670e-02
-3.870389001372109838e-02
-2.113678570299635726e-02
1.777180045435847178e-02
-3.828123203241435429e-02
5.952507226869256131e-03
2.204098935398774925e-02
-4.005757404880437578e-02
2.242717951036532140e-02
1.659780371070180421e-02
-4.637867459416826488e-02
3.661900529624365769e-02
1.870113176355453488e-02
-1.809405316214000511e-02
-2.380973060786320539e-02
2.004968971324157245e-02
-2.451829402169987057e-02
-4.693129886530548502e-03
1.859659149360482280e-02
-1.402871885110380367e-03
-3.575608125647877777e-02
1.411649688639882508e-02
-2.621828252164520260e-03
-1.905242599192921368e-02
2.021371067543916572e-02
1.320828996418496994e-03
1.220163439243988034e-02
1.822408289843229293e-02
-3.957299406926802210e-03
3.369785971868815427e-02
1.833139998563943288e-02
1.610655972367837363e-02
-3.798143895164955708e-02
1.439377779417544759e-02
1.397323633348296519e-02
-2.187597582504091295e-02
2.241998251549523133e-02
1.359437017871154355e-02
3.479063247068119730e-02
1.809221466694307598e-02
3.701665342837805184e-02
-2.468734042844468804e-02
1.661026336499802497e-02
3.280599961110195611e-02
8.168397855287954160e-03
1.640658451879520308e-02
3.424951287627996110e-02
2.838373204075914091e-02
3.258651632530666642e-02
-3.635331115527029588e-02
-2.811728020230222849e-02
3.306292667899578264e-02
-4.446289148520383983e-02
3.801692302339169938e-02
3.810843140917157673e-02
-1.863411270046482285e-02
-3.678135515737362971e-02
4.074762537991309663e-02
-1.932929247635631689e-02
-2.350415756616653501e-02
3.548654588985886149e-02
-2.240278516122399047e-02
-1.069170663630992536e-02
3.421012116694941568e-02
-2.464123940709639013e-02
6.960355807563464552e-03
3.879217815411956788e-02
-2.458052659963790368e-02
2.745596782717308476e-02
3.479000057521458578e-02
-1.826277257164405938e-03
-3.942983645259613007e-02
2.993853285709609929e-02
-3.465507504150244604e-03
-2.542327734480230236e-02
3.685495771561166783e-02
1.023212726575822634e-03
-1.043747423927962083e-02
3.963029951062201767e-02
-4.756762545306655182e-03
6.812435396193029270e-03
4.374573358950039487e-02
-2.852785538851364180e-03
2.524158996189613396e-02
3.650602549073365261e-02
1.328651785916661922e-02
-3.949232662293498952e-02
3.858122959617572151e-02
1.646485182322565688e-02
-2.416878188813851441e-02
3.437612619079667003e-02
1.590657775521622450e-02
5.872114247594855535e-03
3.999707060275191350e-02
1.458739260715683286e-02
2.686265544206504000e-02
3.143582090817829966e-02
3.506243125021520080e-02
-3.576905620102062422e-02
3.194716674069320722e-02
3.125484264762746350e-02
2.472753417587987557e-02
3.428767245065342945e-02
3.163194565579580814e-02
3.817240229474062191e-02
4.577878920334112894e-02
-3.682895911284599089e-02
3.795589769929996055e-02
5.271153329135492421e-02
1.288322406599365670e-03
-3.856172906936546768e-02
4.597037923225593542e-02
-1.798130224204125532e-03
-2.494327957159488823e-02
5.132352964450278415e-02
1.756301566551531426e-02
-3.713881618128220263e-02
-2.394539207175651633e-04
3.295261128906135095e-02
7.279035046705171520e-03
4.652498535295010451e-02
3.006949876204780686e-02
-3.934889172159769521e-02
-5.602637209045090855e-02
2.606832783616476121e-02
5.117736253764306603e-02
-5.064126452333340966e-02
3.824522310459602809e-02
5.153983803570032912e-02
-2.314864097054415010e-02
7.925004795892490184e-03
5.057001893346455001e-02
-3.832601018903507989e-02
2.375204589910031444e-02
5.110675097116723631e-02
-3.683460862047809037e-02
3.881939581737665207e-02
5.155039658321076967e-02
-2.464197527409559343e-02
3.814815001456725585e-02
5.155357772600980409e-02
-1.692956850452336653e-02
2.902062608991130485e-02
5.132800329723490734e-02
3.444314796630813368e-03
6.257784583331571504e-02
-4.932733231847750283e-02
1.414858035201702231e-02
2.448591717231974121e-02
-4.972351139768939332e-02
1.677973253458818828e-02
4.978249723031349938e-02
-4.931105558290484192e-02
4.576032587236389393e-02
4.991141759791573734e-02
-4.961136432834286486e-02
2.509836193373262553e-02
5.310844188447786350e-03
-4.995230178044440805e-02
3.371344920431115777e-02
1.646080930790123562e-02
-4.976780550789192820e-02
3.458350041090248878e-02
4.599158619353920646e-02
-4.944241246433982856e-02
4.787617478440049645e-02
3.442701867669024224e-02
-4.965774907864856091e-02
2.322541379581662471e-02
1.405221887822358934e-02
5.079132180062598256e-02
1.608249865451214650e-02
2.917713686769971351e-02
5.122678381694046462e-02
1.689228232518113354e-02
4.586289580778014907e-02
5.168634629379646739e-02
3.542078375606903112e-02
3.599463969266458035e-02
5.137574917375703487e-02
-2.389355478311788392e-02
2.760416163534278391e-02
-4.968028738886200169e-02
-3.712159702518480486e-02
4.586961979831748887e-02
-4.948417689602864489e-02
-1.110113605195559884e-02
1.566354711563690619e-02
-4.977955149317175865e-02
-3.481530958467261329e-03
3.552168209005578808e-02
-4.958474044692758043e-02
-1.449767047969009910e-02
5.375544242228195296e-02
-4.926763469214400643e-02
-3.040276541969102325e-02
-5.818082820578641262e-02
4.858316913818302996e-02
-1.221796133851744265e-02
-7.248932148064975156e-02
4.813145725444546025e-02
-3.354752201151148597e-03
-6.367505400082613953e-02
4.840187201792538890e-02
-1.741450550099759437e-02
-5.895435166649242581e-02
4.856322639729960394e-02
-1.689917918031353869e-02
-4.201245127897148407e-02
4.908678895495833389e-02
-3.068901109733063095e-03
-2.665672172698174344e-02
4.952613220719404019e-02
-1.896448790706998719e-02
-1.518737518247753431e-02
4.987030922374408731e-02
2.057759060435410299e-03
-2.029876362305760643e-02
1.944227792058212875e-02
-2.480187243412231013e-02
5.169669692483314094e-02
5.183102695949245997e-02
-5.276087607857866957e-02
-1.789266151675968433e-02
-5.023662632484023061e-02
-3.782584288170021819e-02
-3.465038971945652579e-02
-5.044426861448805810e-02
-2.069320480025329048e-02
-1.661423649360958821e-02
-5.027805818412937194e-02
-1.644582945203963351e-02
1.700642177506150226e-03
-4.997456857154521093e-02
1.287457854307595901e-04
-5.746486464109658299e-02
-5.063240352209748968e-02
2.656032438198916156e-05
-3.391809439019558697e-02
-5.048055846214047349e-02
1.692905385942855903e-02
-5.069817462175702644e-02
-5.068050989044131649e-02
1.999617608823387599e-02
-3.100673464392580611e-02
-5.044761001521821248e-02
1.257934520149606682e-02
-1.703994178837054535e-02
-5.025143930582627594e-02
3.173504419254953579e-02
-3.918352347993507220e-03
5.016139062769502804e-02
5.068010432788008779e-02
-4.210285255277847714e-03
5.014375029862491034e-02
5.074492876066862695e-02
1.499304105798744680e-02
5.069249280229938537e-02
8.379082411268547583e-04
1.178661342558084968e-02
5.071943574636519209e-02
6.189617924923529558e-06
2.906521112434835158e-02
5.131426748983632796e-02
-6.398490588637926330e-03
4.963266815896868328e-02
5.177698593515538128e-02
2.307523928409309019e-02
-6.777741792874279574e-03
-5.008379758647046182e-02
3.442558239531774006e-02
-3.993422201617023715e-02
-5.052787624061853833e-02
3.378084222709212825e-02
-1.702282741665414947e-02
-5.023577568016870248e-02
5.228498345387580515e-02
-3.625986681518338778e-02
-5.035584709309950252e-02
3.380794775913320560e-02
-5.986529814298685581e-02
4.843764206240124687e-02
4.599877798992204475e-02
-4.722474480901429905e-02
4.881355335340017976e-02
1.728776486986364352e-02
-5.722067872519553955e-02
4.854884242387740717e-02
1.820888748910836838e-02
-2.537591499666223480e-02
4.953135498814720955e-02
3.033688409159767882e-02
-4.086287159049831197e-02
4.904026039020359384e-02
4.969597123215561962e-02
3.316040120934236890e-02
5.126754723926783830e-02
-5.933620520530463738e-02
-6.973320192720997880e-03
5.012630384901450159e-02
-3.524579392608580969e-02
-2.510718059895588813e-02
4.957768294046305951e-02
-3.375651178249175488e-02
-4.346596134437294943e-03
5.017478630175466192e-02
-6.125206840640092659e-02
1.339517916909669509e-02
5.075901057049111292e-02
-4.566302676989340836e-02
1.060010201623619308e-02
5.065336633427564017e-02
-3.460369147749388363e-02
-5.372512229516514942e-02
-5.050059706481072053e-02
-1.581740522727401871e-02
-5.486999875326440540e-02
-5.061625110695586877e-02
-1.950065477047085646e-02
-3.714545896417333765e-02
-5.051401070705089508e-02
1.246837724814129321e-02
-7.247081782175915365e-02
4.808501230442805557e-02
8.228690399906377420e-03
-4.270124753956403701e-02
4.902742824644588243e-02
-4.994073446722555737e-02
3.337459648516834937e-02
-4.971710384824889334e-02
-2.724065021532650135e-02
9.182317288070873315e-03
-4.990187891733490616e-02
-3.888559937528803662e-02
1.955017984595016495e-02
-4.980286689029633784e-02
4.329018102237230936e-02
6.389770855053654962e-03
-4.991880416834663936e-02
5.213413750243328648e-02
1.824616335541739964e-02
-4.980481076013546643e-02
6.289736522347884329e-02
7.590810192112845516e-03
-4.993481868854502542e-02
3.373451568918500731e-02
-2.594807865285089104e-04
-4.998182507930461899e-02
4.293132526463901144e-02
-6.396559197713242058e-03
-5.006037418820570573e-02
5.183685278817661002e-02
-1.942365061965653159e-02
-5.023495880967586424e-02
-5.934693900308347231e-02
-2.716761302206159578e-02
4.952169965721253675e-02
-4.845945443465029395e-02
-3.961840292348858816e-02
4.914617313767995210e-02
-5.568752998800492043e-02
1.606763643135490291e-02
-4.985701511012344961e-02
-4.138103587454881188e-02
6.937710585102899652e-04
-4.997287355963102307e-02
5.068759076673842734e-02
-2.097214708284949811e-02
4.960740195144742321e-02
6.090766114819438221e-02
-5.785256088592061544e-03
-5.003244539249961792e-02
